"Run ID","Flow","predictive_accuracy","Hyperparameters"
"6068421","sklearn.pipeline.Pipeline(imputation=openmlstudy14.preprocessing.ConditionalImputer,hotencoding=sklearn.preprocessing.data.OneHotEncoder,variencethreshold=sklearn.feature_selection.variance_threshold.VarianceThreshold,classifier=sklearn.ensemble.weight_boosting.AdaBoostClassifier(base_estimator=sklearn.tree.tree.DecisionTreeClassifier))(1)","0.7211","weight:null,criterion:""gini"",depth:10,features:null,nodes:null,split:1e-07,leaf:1,split:2,leaf:0.0,presort:false,state:38541,splitter:""best"",axis:0,features:[],copy:true,empty:0,values:""NaN"",strategy:""median"",nominal:""most_frequent"",verbose:0,features:[],dtype:float64""},unknown:""ignore"",values:""auto"",sparse:true,threshold:0.0,algorithm:""SAMME"",rate:4301973455535396,estimators:433,state:42696"
"6007772","sklearn.pipeline.Pipeline(imputation=openmlstudy14.preprocessing.ConditionalImputer,hotencoding=sklearn.preprocessing.data.OneHotEncoder,variencethreshold=sklearn.feature_selection.variance_threshold.VarianceThreshold,classifier=sklearn.ensemble.weight_boosting.AdaBoostClassifier(base_estimator=sklearn.tree.tree.DecisionTreeClassifier))(1)","0.7185","weight:null,criterion:""gini"",depth:10,features:null,nodes:null,split:1e-07,leaf:1,split:2,leaf:0.0,presort:false,state:55126,splitter:""best"",axis:0,features:[],copy:true,empty:0,values:""NaN"",strategy:""mean"",nominal:""most_frequent"",verbose:0,features:[],dtype:float64""},unknown:""ignore"",values:""auto"",sparse:false,threshold:0.0,algorithm:""SAMME"",rate:4252090389435266,estimators:306,state:3719"
"6021557","sklearn.pipeline.Pipeline(imputation=openmlstudy14.preprocessing.ConditionalImputer,hotencoding=sklearn.preprocessing.data.OneHotEncoder,variencethreshold=sklearn.feature_selection.variance_threshold.VarianceThreshold,classifier=sklearn.ensemble.weight_boosting.AdaBoostClassifier(base_estimator=sklearn.tree.tree.DecisionTreeClassifier))(1)","0.7181","weight:null,criterion:""gini"",depth:10,features:null,nodes:null,split:1e-07,leaf:1,split:2,leaf:0.0,presort:false,state:9633,splitter:""best"",axis:0,features:[],copy:true,empty:0,values:""NaN"",strategy:""most_frequent"",nominal:""most_frequent"",verbose:0,features:[],dtype:float64""},unknown:""ignore"",values:""auto"",sparse:false,threshold:0.0,algorithm:""SAMME"",rate:23654413098598334,estimators:476,state:25047"
"6068534","sklearn.pipeline.Pipeline(imputation=openmlstudy14.preprocessing.ConditionalImputer,hotencoding=sklearn.preprocessing.data.OneHotEncoder,variencethreshold=sklearn.feature_selection.variance_threshold.VarianceThreshold,classifier=sklearn.ensemble.weight_boosting.AdaBoostClassifier(base_estimator=sklearn.tree.tree.DecisionTreeClassifier))(1)","0.7172","weight:null,criterion:""gini"",depth:10,features:null,nodes:null,split:1e-07,leaf:1,split:2,leaf:0.0,presort:false,state:18259,splitter:""best"",axis:0,features:[],copy:true,empty:0,values:""NaN"",strategy:""most_frequent"",nominal:""most_frequent"",verbose:0,features:[],dtype:float64""},unknown:""ignore"",values:""auto"",sparse:true,threshold:0.0,algorithm:""SAMME"",rate:29612535397269635,estimators:408,state:42885"
"9196399","sklearn.model_selection._search.RandomizedSearchCV(estimator=sklearn.pipeline.Pipeline(imputation=hyperimp.utils.preprocessing.ConditionalImputer,hotencoding=sklearn.preprocessing.data.OneHotEncoder,variencethreshold=sklearn.feature_selection.variance_threshold.VarianceThreshold,clf=sklearn.ensemble.forest.RandomForestClassifier))(1)","0.7102","features:[],dtype:float64""},unknown:""ignore"",values:""auto"",sparse:true,threshold:0.0,bootstrap:true,weight:null,criterion:""gini"",depth:null,features:""auto"",nodes:null,decrease:0.0,split:null,leaf:1,split:2,leaf:0.0,estimators:10,jobs:1,score:false,state:11766,verbose:0,start:false,memory:null,axis:0,features:[],copy:true,empty:0,values:""NaN"",strategy:""mean"",nominal:""most_frequent"",verbose:0,cv:5,score:""raise"",params:null,iid:true,iter:100,jobs:-1,distributions:randint_gen"", ""a"": 1, ""b"": 100000, ""args"": [], ""kwds"": {""low"": 1, ""high"": 100001}}}},dispatch:""2*n_jobs"",state:196453,refit:true,score:""warn"",scoring:null,verbose:1"
"6645340","sklearn.model_selection._search.RandomizedSearchCV(estimator=sklearn.pipeline.Pipeline(imputation=openmlstudy14.preprocessing.ConditionalImputer,hotencoding=sklearn.preprocessing.data.OneHotEncoder,variencethreshold=sklearn.feature_selection.variance_threshold.VarianceThreshold,classifier=sklearn.ensemble.weight_boosting.AdaBoostClassifier(base_estimator=sklearn.tree.tree.DecisionTreeClassifier)))(1)","0.7094","weight:null,criterion:""gini"",depth:null,features:null,nodes:null,split:1e-07,leaf:1,split:2,leaf:0.0,presort:false,state:1,splitter:""best"",axis:0,features:[],copy:true,empty:0,values:""NaN"",strategy:""median"",nominal:""most_frequent"",verbose:0,features:[],dtype:float64""},unknown:""ignore"",values:""auto"",sparse:true,threshold:0.0,algorithm:""SAMME"",rate:1.0,estimators:50,state:1,cv:null,score:""raise"",params:{},iid:true,iter:50,jobs:-1,distributions:{""classifier__n_estimators"": [50, 51, 52, 53, 54, 55, 56, 57, 58, 59, 60, 61, 62, 63, 64, 65, 66, 67, 68, 69, 70, 71, 72, 73, 74, 75, 76, 77, 78, 79, 80, 81, 82, 83, 84, 85, 86, 87, 88, 89, 90, 91, 92, 93, 94, 95, 96, 97, 98, 99, 100, 101, 102, 103, 104, 105, 106, 107, 108, 109, 110, 111, 112, 113, 114, 115, 116, 117, 118, 119, 120, 121, 122, 123, 124, 125, 126, 127, 128, 129, 130, 131, 132, 133, 134, 135, 136, 137, 138, 139, 140, 141, 142, 143, 144, 145, 146, 147, 148, 149, 150, 151, 152, 153, 154, 155, 156, 157, 158, 159, 160, 161, 162, 163, 164, 165, 166, 167, 168, 169, 170, 171, 172, 173, 174, 175, 176, 177, 178, 179, 180, 181, 182, 183, 184, 185, 186, 187, 188, 189, 190, 191, 192, 193, 194, 195, 196, 197, 198, 199, 200, 201, 202, 203, 204, 205, 206, 207, 208, 209, 210, 211, 212, 213, 214, 215, 216, 217, 218, 219, 220, 221, 222, 223, 224, 225, 226, 227, 228, 229, 230, 231, 232, 233, 234, 235, 236, 237, 238, 239, 240, 241, 242, 243, 244, 245, 246, 247, 248, 249, 250, 251, 252, 253, 254, 255, 256, 257, 258,,dispatch:""2*n_jobs"",state:1,refit:true,score:true,scoring:null,verbose:0"
"5979891","sklearn.pipeline.Pipeline(imputation=openmlstudy14.preprocessing.ConditionalImputer,hotencoding=sklearn.preprocessing.data.OneHotEncoder,variencethreshold=sklearn.feature_selection.variance_threshold.VarianceThreshold,classifier=sklearn.ensemble.weight_boosting.AdaBoostClassifier(base_estimator=sklearn.tree.tree.DecisionTreeClassifier))(1)","0.7085","weight:null,criterion:""gini"",depth:10,features:null,nodes:null,split:1e-07,leaf:1,split:2,leaf:0.0,presort:false,state:42077,splitter:""best"",axis:0,features:[],copy:true,empty:0,values:""NaN"",strategy:""median"",nominal:""most_frequent"",verbose:0,features:[],dtype:float64""},unknown:""ignore"",values:""auto"",sparse:false,threshold:0.0,algorithm:""SAMME"",rate:15891521564049607,estimators:186,state:42521"
"9184972","sklearn.pipeline.Pipeline(imputation=hyperimp.utils.preprocessing.ConditionalImputer2,hotencoding=sklearn.preprocessing.data.OneHotEncoder,variencethreshold=sklearn.feature_selection.variance_threshold.VarianceThreshold,clf=sklearn.ensemble.forest.RandomForestClassifier)(1)","0.708","features:[],dtype:float64""},unknown:""ignore"",values:""auto"",sparse:true,threshold:0.0,bootstrap:false,weight:null,criterion:""entropy"",depth:null,features:21234563375940096,nodes:null,decrease:0.0,split:null,leaf:1,split:3,leaf:0.0,estimators:300,jobs:1,score:false,state:83464,verbose:0,start:false,memory:null,axis:0,features:[],copy:true,empty:0,values:""NaN"",strategy:""mean"",nominal:""most_frequent"",verbose:0"
"5995700","sklearn.pipeline.Pipeline(imputation=openmlstudy14.preprocessing.ConditionalImputer,hotencoding=sklearn.preprocessing.data.OneHotEncoder,variencethreshold=sklearn.feature_selection.variance_threshold.VarianceThreshold,classifier=sklearn.ensemble.weight_boosting.AdaBoostClassifier(base_estimator=sklearn.tree.tree.DecisionTreeClassifier))(1)","0.7079","weight:null,criterion:""gini"",depth:10,features:null,nodes:null,split:1e-07,leaf:1,split:2,leaf:0.0,presort:false,state:2985,splitter:""best"",axis:0,features:[],copy:true,empty:0,values:""NaN"",strategy:""median"",nominal:""most_frequent"",verbose:0,features:[],dtype:float64""},unknown:""ignore"",values:""auto"",sparse:false,threshold:0.0,algorithm:""SAMME"",rate:6901133279534033,estimators:210,state:2022"
"9192336","sklearn.model_selection._search.RandomizedSearchCV(estimator=sklearn.pipeline.Pipeline(imputation=hyperimp.utils.preprocessing.ConditionalImputer,hotencoding=sklearn.preprocessing.data.OneHotEncoder,variencethreshold=sklearn.feature_selection.variance_threshold.VarianceThreshold,clf=sklearn.ensemble.forest.RandomForestClassifier))(1)","0.7078","features:[],dtype:float64""},unknown:""ignore"",values:""auto"",sparse:true,threshold:0.0,bootstrap:true,weight:null,criterion:""gini"",depth:null,features:""auto"",nodes:null,decrease:0.0,split:null,leaf:1,split:2,leaf:0.0,estimators:10,jobs:1,score:false,state:6,verbose:0,start:false,memory:null,axis:0,features:[],copy:true,empty:0,values:""NaN"",strategy:""mean"",nominal:""most_frequent"",verbose:0,cv:5,score:""raise"",params:null,iid:true,iter:100,jobs:-1,distributions:randint_gen"", ""a"": 1, ""b"": 100000, ""args"": [], ""kwds"": {""low"": 1, ""high"": 100001}}}},dispatch:""2*n_jobs"",state:742310,refit:true,score:""warn"",scoring:null,verbose:1"
"9198986","sklearn.model_selection._search.RandomizedSearchCV(estimator=sklearn.pipeline.Pipeline(imputation=hyperimp.utils.preprocessing.ConditionalImputer,hotencoding=sklearn.preprocessing.data.OneHotEncoder,variencethreshold=sklearn.feature_selection.variance_threshold.VarianceThreshold,clf=sklearn.ensemble.forest.RandomForestClassifier))(1)","0.7078","features:[],dtype:float64""},unknown:""ignore"",values:""auto"",sparse:true,threshold:0.0,bootstrap:true,weight:null,criterion:""gini"",depth:null,features:""auto"",nodes:null,decrease:0.0,split:null,leaf:1,split:2,leaf:0.0,estimators:10,jobs:1,score:false,state:30380,verbose:0,start:false,memory:null,axis:0,features:[],copy:true,empty:0,values:""NaN"",strategy:""mean"",nominal:""most_frequent"",verbose:0,cv:5,score:""raise"",params:null,iid:true,iter:100,jobs:-1,distributions:randint_gen"", ""a"": 1, ""b"": 100000, ""args"": [], ""kwds"": {""low"": 1, ""high"": 100001}}}},dispatch:""2*n_jobs"",state:786801,refit:true,score:""warn"",scoring:null,verbose:1"
"6021840","sklearn.pipeline.Pipeline(imputation=openmlstudy14.preprocessing.ConditionalImputer,hotencoding=sklearn.preprocessing.data.OneHotEncoder,variencethreshold=sklearn.feature_selection.variance_threshold.VarianceThreshold,classifier=sklearn.ensemble.weight_boosting.AdaBoostClassifier(base_estimator=sklearn.tree.tree.DecisionTreeClassifier))(1)","0.7076","weight:null,criterion:""gini"",depth:9,features:null,nodes:null,split:1e-07,leaf:1,split:2,leaf:0.0,presort:false,state:17149,splitter:""best"",axis:0,features:[],copy:true,empty:0,values:""NaN"",strategy:""median"",nominal:""most_frequent"",verbose:0,features:[],dtype:float64""},unknown:""ignore"",values:""auto"",sparse:false,threshold:0.0,algorithm:""SAMME"",rate:3779607146177381,estimators:217,state:6211"
"9197898","sklearn.model_selection._search.RandomizedSearchCV(estimator=sklearn.pipeline.Pipeline(imputation=hyperimp.utils.preprocessing.ConditionalImputer,hotencoding=sklearn.preprocessing.data.OneHotEncoder,variencethreshold=sklearn.feature_selection.variance_threshold.VarianceThreshold,clf=sklearn.ensemble.forest.RandomForestClassifier))(1)","0.7076","features:[],dtype:float64""},unknown:""ignore"",values:""auto"",sparse:true,threshold:0.0,bootstrap:true,weight:null,criterion:""gini"",depth:null,features:""auto"",nodes:null,decrease:0.0,split:null,leaf:1,split:2,leaf:0.0,estimators:10,jobs:1,score:false,state:6919,verbose:0,start:false,memory:null,axis:0,features:[],copy:true,empty:0,values:""NaN"",strategy:""mean"",nominal:""most_frequent"",verbose:0,cv:5,score:""raise"",params:null,iid:true,iter:100,jobs:-1,distributions:randint_gen"", ""a"": 1, ""b"": 100000, ""args"": [], ""kwds"": {""low"": 1, ""high"": 100001}}}},dispatch:""2*n_jobs"",state:3645,refit:true,score:""warn"",scoring:null,verbose:1"
"5995643","sklearn.pipeline.Pipeline(imputation=openmlstudy14.preprocessing.ConditionalImputer,hotencoding=sklearn.preprocessing.data.OneHotEncoder,variencethreshold=sklearn.feature_selection.variance_threshold.VarianceThreshold,classifier=sklearn.ensemble.weight_boosting.AdaBoostClassifier(base_estimator=sklearn.tree.tree.DecisionTreeClassifier))(1)","0.7073","weight:null,criterion:""gini"",depth:9,features:null,nodes:null,split:1e-07,leaf:1,split:2,leaf:0.0,presort:false,state:29102,splitter:""best"",axis:0,features:[],copy:true,empty:0,values:""NaN"",strategy:""median"",nominal:""most_frequent"",verbose:0,features:[],dtype:float64""},unknown:""ignore"",values:""auto"",sparse:false,threshold:0.0,algorithm:""SAMME"",rate:24803838165504988,estimators:398,state:33713"
"9199578","sklearn.model_selection._search.RandomizedSearchCV(estimator=sklearn.pipeline.Pipeline(imputation=hyperimp.utils.preprocessing.ConditionalImputer,hotencoding=sklearn.preprocessing.data.OneHotEncoder,variencethreshold=sklearn.feature_selection.variance_threshold.VarianceThreshold,clf=sklearn.ensemble.forest.RandomForestClassifier))(1)","0.7073","features:[],dtype:float64""},unknown:""ignore"",values:""auto"",sparse:true,threshold:0.0,bootstrap:true,weight:null,criterion:""gini"",depth:null,features:""auto"",nodes:null,decrease:0.0,split:null,leaf:1,split:2,leaf:0.0,estimators:10,jobs:1,score:false,state:21585,verbose:0,start:false,memory:null,axis:0,features:[],copy:true,empty:0,values:""NaN"",strategy:""mean"",nominal:""most_frequent"",verbose:0,cv:5,score:""raise"",params:null,iid:true,iter:100,jobs:-1,distributions:randint_gen"", ""a"": 1, ""b"": 100000, ""args"": [], ""kwds"": {""low"": 1, ""high"": 100001}}}},dispatch:""2*n_jobs"",state:979806,refit:true,score:""warn"",scoring:null,verbose:1"
"9194324","sklearn.model_selection._search.RandomizedSearchCV(estimator=sklearn.pipeline.Pipeline(imputation=hyperimp.utils.preprocessing.ConditionalImputer,hotencoding=sklearn.preprocessing.data.OneHotEncoder,variencethreshold=sklearn.feature_selection.variance_threshold.VarianceThreshold,clf=sklearn.ensemble.forest.RandomForestClassifier))(1)","0.7069","features:[],dtype:float64""},unknown:""ignore"",values:""auto"",sparse:true,threshold:0.0,bootstrap:true,weight:null,criterion:""gini"",depth:null,features:""auto"",nodes:null,decrease:0.0,split:null,leaf:1,split:2,leaf:0.0,estimators:10,jobs:1,score:false,state:10164,verbose:0,start:false,memory:null,axis:0,features:[],copy:true,empty:0,values:""NaN"",strategy:""mean"",nominal:""most_frequent"",verbose:0,cv:5,score:""raise"",params:null,iid:true,iter:100,jobs:-1,distributions:randint_gen"", ""a"": 1, ""b"": 100000, ""args"": [], ""kwds"": {""low"": 1, ""high"": 100001}}}},dispatch:""2*n_jobs"",state:85956,refit:true,score:""warn"",scoring:null,verbose:1"
"9198077","sklearn.model_selection._search.RandomizedSearchCV(estimator=sklearn.pipeline.Pipeline(imputation=hyperimp.utils.preprocessing.ConditionalImputer,hotencoding=sklearn.preprocessing.data.OneHotEncoder,variencethreshold=sklearn.feature_selection.variance_threshold.VarianceThreshold,clf=sklearn.ensemble.forest.RandomForestClassifier))(1)","0.7069","features:[],dtype:float64""},unknown:""ignore"",values:""auto"",sparse:true,threshold:0.0,bootstrap:true,weight:null,criterion:""gini"",depth:null,features:""auto"",nodes:null,decrease:0.0,split:null,leaf:1,split:2,leaf:0.0,estimators:10,jobs:1,score:false,state:44781,verbose:0,start:false,memory:null,axis:0,features:[],copy:true,empty:0,values:""NaN"",strategy:""mean"",nominal:""most_frequent"",verbose:0,cv:5,score:""raise"",params:null,iid:true,iter:100,jobs:-1,distributions:randint_gen"", ""a"": 1, ""b"": 100000, ""args"": [], ""kwds"": {""low"": 1, ""high"": 100001}}}},dispatch:""2*n_jobs"",state:786801,refit:true,score:""warn"",scoring:null,verbose:1"
"6018456","sklearn.pipeline.Pipeline(imputation=openmlstudy14.preprocessing.ConditionalImputer,hotencoding=sklearn.preprocessing.data.OneHotEncoder,variencethreshold=sklearn.feature_selection.variance_threshold.VarianceThreshold,classifier=sklearn.ensemble.weight_boosting.AdaBoostClassifier(base_estimator=sklearn.tree.tree.DecisionTreeClassifier))(1)","0.7068","weight:null,criterion:""gini"",depth:9,features:null,nodes:null,split:1e-07,leaf:1,split:2,leaf:0.0,presort:false,state:7466,splitter:""best"",axis:0,features:[],copy:true,empty:0,values:""NaN"",strategy:""most_frequent"",nominal:""most_frequent"",verbose:0,features:[],dtype:float64""},unknown:""ignore"",values:""auto"",sparse:false,threshold:0.0,algorithm:""SAMME"",rate:16848338366371687,estimators:427,state:31456"
"9195773","sklearn.model_selection._search.RandomizedSearchCV(estimator=sklearn.pipeline.Pipeline(imputation=hyperimp.utils.preprocessing.ConditionalImputer,hotencoding=sklearn.preprocessing.data.OneHotEncoder,variencethreshold=sklearn.feature_selection.variance_threshold.VarianceThreshold,clf=sklearn.ensemble.forest.RandomForestClassifier))(1)","0.7063","features:[],dtype:float64""},unknown:""ignore"",values:""auto"",sparse:true,threshold:0.0,bootstrap:true,weight:null,criterion:""gini"",depth:null,features:""auto"",nodes:null,decrease:0.0,split:null,leaf:1,split:2,leaf:0.0,estimators:10,jobs:1,score:false,state:6336,verbose:0,start:false,memory:null,axis:0,features:[],copy:true,empty:0,values:""NaN"",strategy:""mean"",nominal:""most_frequent"",verbose:0,cv:5,score:""raise"",params:null,iid:true,iter:100,jobs:-1,distributions:randint_gen"", ""a"": 1, ""b"": 100000, ""args"": [], ""kwds"": {""low"": 1, ""high"": 100001}}}},dispatch:""2*n_jobs"",state:333412,refit:true,score:""warn"",scoring:null,verbose:1"
"9195886","sklearn.model_selection._search.RandomizedSearchCV(estimator=sklearn.pipeline.Pipeline(imputation=hyperimp.utils.preprocessing.ConditionalImputer,hotencoding=sklearn.preprocessing.data.OneHotEncoder,variencethreshold=sklearn.feature_selection.variance_threshold.VarianceThreshold,clf=sklearn.ensemble.forest.RandomForestClassifier))(1)","0.7061","features:[],dtype:float64""},unknown:""ignore"",values:""auto"",sparse:true,threshold:0.0,bootstrap:true,weight:null,criterion:""gini"",depth:null,features:""auto"",nodes:null,decrease:0.0,split:null,leaf:1,split:2,leaf:0.0,estimators:10,jobs:1,score:false,state:17536,verbose:0,start:false,memory:null,axis:0,features:[],copy:true,empty:0,values:""NaN"",strategy:""mean"",nominal:""most_frequent"",verbose:0,cv:5,score:""raise"",params:null,iid:true,iter:100,jobs:-1,distributions:randint_gen"", ""a"": 1, ""b"": 100000, ""args"": [], ""kwds"": {""low"": 1, ""high"": 100001}}}},dispatch:""2*n_jobs"",state:878199,refit:true,score:""warn"",scoring:null,verbose:1"
"9193885","sklearn.model_selection._search.RandomizedSearchCV(estimator=sklearn.pipeline.Pipeline(imputation=hyperimp.utils.preprocessing.ConditionalImputer,hotencoding=sklearn.preprocessing.data.OneHotEncoder,variencethreshold=sklearn.feature_selection.variance_threshold.VarianceThreshold,clf=sklearn.ensemble.forest.RandomForestClassifier))(1)","0.7058","features:[],dtype:float64""},unknown:""ignore"",values:""auto"",sparse:true,threshold:0.0,bootstrap:true,weight:null,criterion:""gini"",depth:null,features:""auto"",nodes:null,decrease:0.0,split:null,leaf:1,split:2,leaf:0.0,estimators:10,jobs:1,score:false,state:61630,verbose:0,start:false,memory:null,axis:0,features:[],copy:true,empty:0,values:""NaN"",strategy:""mean"",nominal:""most_frequent"",verbose:0,cv:5,score:""raise"",params:null,iid:true,iter:100,jobs:-1,distributions:randint_gen"", ""a"": 1, ""b"": 100000, ""args"": [], ""kwds"": {""low"": 1, ""high"": 100001}}}},dispatch:""2*n_jobs"",state:85956,refit:true,score:""warn"",scoring:null,verbose:1"
"6020647","sklearn.pipeline.Pipeline(imputation=openmlstudy14.preprocessing.ConditionalImputer,hotencoding=sklearn.preprocessing.data.OneHotEncoder,variencethreshold=sklearn.feature_selection.variance_threshold.VarianceThreshold,classifier=sklearn.ensemble.forest.RandomForestClassifier)(1)","0.7056","bootstrap:false,weight:null,criterion:""entropy"",depth:null,features:29520572301513415,nodes:null,split:1e-07,leaf:1,split:5,leaf:0.0,estimators:100,jobs:1,score:false,state:20306,verbose:0,start:false,axis:0,features:[],copy:true,empty:0,values:""NaN"",strategy:""mean"",nominal:""most_frequent"",verbose:0,features:[],dtype:float64""},unknown:""ignore"",values:""auto"",sparse:false,threshold:0.0"
"9196024","sklearn.model_selection._search.RandomizedSearchCV(estimator=sklearn.pipeline.Pipeline(imputation=hyperimp.utils.preprocessing.ConditionalImputer,hotencoding=sklearn.preprocessing.data.OneHotEncoder,variencethreshold=sklearn.feature_selection.variance_threshold.VarianceThreshold,clf=sklearn.ensemble.forest.RandomForestClassifier))(1)","0.7054","features:[],dtype:float64""},unknown:""ignore"",values:""auto"",sparse:true,threshold:0.0,bootstrap:true,weight:null,criterion:""gini"",depth:null,features:""auto"",nodes:null,decrease:0.0,split:null,leaf:1,split:2,leaf:0.0,estimators:10,jobs:1,score:false,state:12883,verbose:0,start:false,memory:null,axis:0,features:[],copy:true,empty:0,values:""NaN"",strategy:""mean"",nominal:""most_frequent"",verbose:0,cv:5,score:""raise"",params:null,iid:true,iter:100,jobs:-1,distributions:randint_gen"", ""a"": 1, ""b"": 100000, ""args"": [], ""kwds"": {""low"": 1, ""high"": 100001}}}},dispatch:""2*n_jobs"",state:878199,refit:true,score:""warn"",scoring:null,verbose:1"
"9197064","sklearn.model_selection._search.RandomizedSearchCV(estimator=sklearn.pipeline.Pipeline(imputation=hyperimp.utils.preprocessing.ConditionalImputer,hotencoding=sklearn.preprocessing.data.OneHotEncoder,variencethreshold=sklearn.feature_selection.variance_threshold.VarianceThreshold,clf=sklearn.ensemble.forest.RandomForestClassifier))(1)","0.705","features:[],dtype:float64""},unknown:""ignore"",values:""auto"",sparse:true,threshold:0.0,bootstrap:true,weight:null,criterion:""gini"",depth:null,features:""auto"",nodes:null,decrease:0.0,split:null,leaf:1,split:2,leaf:0.0,estimators:10,jobs:1,score:false,state:31994,verbose:0,start:false,memory:null,axis:0,features:[],copy:true,empty:0,values:""NaN"",strategy:""mean"",nominal:""most_frequent"",verbose:0,cv:5,score:""raise"",params:null,iid:true,iter:100,jobs:-1,distributions:randint_gen"", ""a"": 1, ""b"": 100000, ""args"": [], ""kwds"": {""low"": 1, ""high"": 100001}}}},dispatch:""2*n_jobs"",state:196453,refit:true,score:""warn"",scoring:null,verbose:1"
"9196611","sklearn.model_selection._search.RandomizedSearchCV(estimator=sklearn.pipeline.Pipeline(imputation=hyperimp.utils.preprocessing.ConditionalImputer,hotencoding=sklearn.preprocessing.data.OneHotEncoder,variencethreshold=sklearn.feature_selection.variance_threshold.VarianceThreshold,clf=sklearn.ensemble.forest.RandomForestClassifier))(1)","0.7046","features:[],dtype:float64""},unknown:""ignore"",values:""auto"",sparse:true,threshold:0.0,bootstrap:true,weight:null,criterion:""gini"",depth:null,features:""auto"",nodes:null,decrease:0.0,split:null,leaf:1,split:2,leaf:0.0,estimators:10,jobs:1,score:false,state:5868,verbose:0,start:false,memory:null,axis:0,features:[],copy:true,empty:0,values:""NaN"",strategy:""mean"",nominal:""most_frequent"",verbose:0,cv:5,score:""raise"",params:null,iid:true,iter:100,jobs:-1,distributions:randint_gen"", ""a"": 1, ""b"": 100000, ""args"": [], ""kwds"": {""low"": 1, ""high"": 100001}}}},dispatch:""2*n_jobs"",state:878199,refit:true,score:""warn"",scoring:null,verbose:1"
"9195916","sklearn.model_selection._search.RandomizedSearchCV(estimator=sklearn.pipeline.Pipeline(imputation=hyperimp.utils.preprocessing.ConditionalImputer,hotencoding=sklearn.preprocessing.data.OneHotEncoder,variencethreshold=sklearn.feature_selection.variance_threshold.VarianceThreshold,clf=sklearn.ensemble.forest.RandomForestClassifier))(1)","0.7046","features:[],dtype:float64""},unknown:""ignore"",values:""auto"",sparse:true,threshold:0.0,bootstrap:true,weight:null,criterion:""gini"",depth:null,features:""auto"",nodes:null,decrease:0.0,split:null,leaf:1,split:2,leaf:0.0,estimators:10,jobs:1,score:false,state:47567,verbose:0,start:false,memory:null,axis:0,features:[],copy:true,empty:0,values:""NaN"",strategy:""mean"",nominal:""most_frequent"",verbose:0,cv:5,score:""raise"",params:null,iid:true,iter:100,jobs:-1,distributions:randint_gen"", ""a"": 1, ""b"": 100000, ""args"": [], ""kwds"": {""low"": 1, ""high"": 100001}}}},dispatch:""2*n_jobs"",state:878199,refit:true,score:""warn"",scoring:null,verbose:1"
"5978715","sklearn.pipeline.Pipeline(imputation=openmlstudy14.preprocessing.ConditionalImputer,hotencoding=sklearn.preprocessing.data.OneHotEncoder,variencethreshold=sklearn.feature_selection.variance_threshold.VarianceThreshold,classifier=sklearn.ensemble.weight_boosting.AdaBoostClassifier(base_estimator=sklearn.tree.tree.DecisionTreeClassifier))(1)","0.7044","weight:null,criterion:""gini"",depth:9,features:null,nodes:null,split:1e-07,leaf:1,split:2,leaf:0.0,presort:false,state:10888,splitter:""best"",axis:0,features:[],copy:true,empty:0,values:""NaN"",strategy:""mean"",nominal:""most_frequent"",verbose:0,features:[],dtype:float64""},unknown:""ignore"",values:""auto"",sparse:false,threshold:0.0,algorithm:""SAMME"",rate:1310631205082062,estimators:413,state:30296"
"9192318","sklearn.model_selection._search.RandomizedSearchCV(estimator=sklearn.pipeline.Pipeline(imputation=hyperimp.utils.preprocessing.ConditionalImputer,hotencoding=sklearn.preprocessing.data.OneHotEncoder,variencethreshold=sklearn.feature_selection.variance_threshold.VarianceThreshold,clf=sklearn.ensemble.forest.RandomForestClassifier))(1)","0.7044","features:[],dtype:float64""},unknown:""ignore"",values:""auto"",sparse:true,threshold:0.0,bootstrap:true,weight:null,criterion:""gini"",depth:null,features:""auto"",nodes:null,decrease:0.0,split:null,leaf:1,split:2,leaf:0.0,estimators:10,jobs:1,score:false,state:31237,verbose:0,start:false,memory:null,axis:0,features:[],copy:true,empty:0,values:""NaN"",strategy:""mean"",nominal:""most_frequent"",verbose:0,cv:5,score:""raise"",params:null,iid:true,iter:100,jobs:-1,distributions:randint_gen"", ""a"": 1, ""b"": 100000, ""args"": [], ""kwds"": {""low"": 1, ""high"": 100001}}}},dispatch:""2*n_jobs"",state:742310,refit:true,score:""warn"",scoring:null,verbose:1"
"9193537","sklearn.model_selection._search.RandomizedSearchCV(estimator=sklearn.pipeline.Pipeline(imputation=hyperimp.utils.preprocessing.ConditionalImputer,hotencoding=sklearn.preprocessing.data.OneHotEncoder,variencethreshold=sklearn.feature_selection.variance_threshold.VarianceThreshold,clf=sklearn.ensemble.forest.RandomForestClassifier))(1)","0.7043","features:[],dtype:float64""},unknown:""ignore"",values:""auto"",sparse:true,threshold:0.0,bootstrap:true,weight:null,criterion:""gini"",depth:null,features:""auto"",nodes:null,decrease:0.0,split:null,leaf:1,split:2,leaf:0.0,estimators:10,jobs:1,score:false,state:23009,verbose:0,start:false,memory:null,axis:0,features:[],copy:true,empty:0,values:""NaN"",strategy:""mean"",nominal:""most_frequent"",verbose:0,cv:5,score:""raise"",params:null,iid:true,iter:100,jobs:-1,distributions:randint_gen"", ""a"": 1, ""b"": 100000, ""args"": [], ""kwds"": {""low"": 1, ""high"": 100001}}}},dispatch:""2*n_jobs"",state:334195,refit:true,score:""warn"",scoring:null,verbose:1"
"9199621","sklearn.model_selection._search.RandomizedSearchCV(estimator=sklearn.pipeline.Pipeline(imputation=hyperimp.utils.preprocessing.ConditionalImputer,hotencoding=sklearn.preprocessing.data.OneHotEncoder,variencethreshold=sklearn.feature_selection.variance_threshold.VarianceThreshold,clf=sklearn.ensemble.forest.RandomForestClassifier))(1)","0.7043","features:[],dtype:float64""},unknown:""ignore"",values:""auto"",sparse:true,threshold:0.0,bootstrap:true,weight:null,criterion:""gini"",depth:null,features:""auto"",nodes:null,decrease:0.0,split:null,leaf:1,split:2,leaf:0.0,estimators:10,jobs:1,score:false,state:14537,verbose:0,start:false,memory:null,axis:0,features:[],copy:true,empty:0,values:""NaN"",strategy:""mean"",nominal:""most_frequent"",verbose:0,cv:5,score:""raise"",params:null,iid:true,iter:100,jobs:-1,distributions:randint_gen"", ""a"": 1, ""b"": 100000, ""args"": [], ""kwds"": {""low"": 1, ""high"": 100001}}}},dispatch:""2*n_jobs"",state:241849,refit:true,score:""warn"",scoring:null,verbose:1"
"6013181","sklearn.pipeline.Pipeline(imputation=openmlstudy14.preprocessing.ConditionalImputer,hotencoding=sklearn.preprocessing.data.OneHotEncoder,variencethreshold=sklearn.feature_selection.variance_threshold.VarianceThreshold,classifier=sklearn.ensemble.weight_boosting.AdaBoostClassifier(base_estimator=sklearn.tree.tree.DecisionTreeClassifier))(1)","0.7042","weight:null,criterion:""gini"",depth:10,features:null,nodes:null,split:1e-07,leaf:1,split:2,leaf:0.0,presort:false,state:18379,splitter:""best"",axis:0,features:[],copy:true,empty:0,values:""NaN"",strategy:""most_frequent"",nominal:""most_frequent"",verbose:0,features:[],dtype:float64""},unknown:""ignore"",values:""auto"",sparse:false,threshold:0.0,algorithm:""SAMME"",rate:13317494429762086,estimators:318,state:2759"
"9195770","sklearn.model_selection._search.RandomizedSearchCV(estimator=sklearn.pipeline.Pipeline(imputation=hyperimp.utils.preprocessing.ConditionalImputer,hotencoding=sklearn.preprocessing.data.OneHotEncoder,variencethreshold=sklearn.feature_selection.variance_threshold.VarianceThreshold,clf=sklearn.ensemble.forest.RandomForestClassifier))(1)","0.7039","features:[],dtype:float64""},unknown:""ignore"",values:""auto"",sparse:true,threshold:0.0,bootstrap:true,weight:null,criterion:""gini"",depth:null,features:""auto"",nodes:null,decrease:0.0,split:null,leaf:1,split:2,leaf:0.0,estimators:10,jobs:1,score:false,state:49730,verbose:0,start:false,memory:null,axis:0,features:[],copy:true,empty:0,values:""NaN"",strategy:""mean"",nominal:""most_frequent"",verbose:0,cv:5,score:""raise"",params:null,iid:true,iter:100,jobs:-1,distributions:randint_gen"", ""a"": 1, ""b"": 100000, ""args"": [], ""kwds"": {""low"": 1, ""high"": 100001}}}},dispatch:""2*n_jobs"",state:878199,refit:true,score:""warn"",scoring:null,verbose:1"
"9199613","sklearn.model_selection._search.RandomizedSearchCV(estimator=sklearn.pipeline.Pipeline(imputation=hyperimp.utils.preprocessing.ConditionalImputer,hotencoding=sklearn.preprocessing.data.OneHotEncoder,variencethreshold=sklearn.feature_selection.variance_threshold.VarianceThreshold,clf=sklearn.ensemble.forest.RandomForestClassifier))(1)","0.7038","features:[],dtype:float64""},unknown:""ignore"",values:""auto"",sparse:true,threshold:0.0,bootstrap:true,weight:null,criterion:""gini"",depth:null,features:""auto"",nodes:null,decrease:0.0,split:null,leaf:1,split:2,leaf:0.0,estimators:10,jobs:1,score:false,state:57067,verbose:0,start:false,memory:null,axis:0,features:[],copy:true,empty:0,values:""NaN"",strategy:""mean"",nominal:""most_frequent"",verbose:0,cv:5,score:""raise"",params:null,iid:true,iter:100,jobs:-1,distributions:randint_gen"", ""a"": 1, ""b"": 100000, ""args"": [], ""kwds"": {""low"": 1, ""high"": 100001}}}},dispatch:""2*n_jobs"",state:241849,refit:true,score:""warn"",scoring:null,verbose:1"
"9195759","sklearn.model_selection._search.RandomizedSearchCV(estimator=sklearn.pipeline.Pipeline(imputation=hyperimp.utils.preprocessing.ConditionalImputer,hotencoding=sklearn.preprocessing.data.OneHotEncoder,variencethreshold=sklearn.feature_selection.variance_threshold.VarianceThreshold,clf=sklearn.ensemble.forest.RandomForestClassifier))(1)","0.7037","features:[],dtype:float64""},unknown:""ignore"",values:""auto"",sparse:true,threshold:0.0,bootstrap:true,weight:null,criterion:""gini"",depth:null,features:""auto"",nodes:null,decrease:0.0,split:null,leaf:1,split:2,leaf:0.0,estimators:10,jobs:1,score:false,state:41947,verbose:0,start:false,memory:null,axis:0,features:[],copy:true,empty:0,values:""NaN"",strategy:""mean"",nominal:""most_frequent"",verbose:0,cv:5,score:""raise"",params:null,iid:true,iter:100,jobs:-1,distributions:randint_gen"", ""a"": 1, ""b"": 100000, ""args"": [], ""kwds"": {""low"": 1, ""high"": 100001}}}},dispatch:""2*n_jobs"",state:878199,refit:true,score:""warn"",scoring:null,verbose:1"
"6007887","sklearn.pipeline.Pipeline(imputation=openmlstudy14.preprocessing.ConditionalImputer,hotencoding=sklearn.preprocessing.data.OneHotEncoder,variencethreshold=sklearn.feature_selection.variance_threshold.VarianceThreshold,classifier=sklearn.ensemble.weight_boosting.AdaBoostClassifier(base_estimator=sklearn.tree.tree.DecisionTreeClassifier))(1)","0.7034","weight:null,criterion:""gini"",depth:8,features:null,nodes:null,split:1e-07,leaf:1,split:2,leaf:0.0,presort:false,state:17862,splitter:""best"",axis:0,features:[],copy:true,empty:0,values:""NaN"",strategy:""most_frequent"",nominal:""most_frequent"",verbose:0,features:[],dtype:float64""},unknown:""ignore"",values:""auto"",sparse:false,threshold:0.0,algorithm:""SAMME"",rate:5249244915388414,estimators:372,state:50987"
"9192321","sklearn.model_selection._search.RandomizedSearchCV(estimator=sklearn.pipeline.Pipeline(imputation=hyperimp.utils.preprocessing.ConditionalImputer,hotencoding=sklearn.preprocessing.data.OneHotEncoder,variencethreshold=sklearn.feature_selection.variance_threshold.VarianceThreshold,clf=sklearn.ensemble.forest.RandomForestClassifier))(1)","0.7033","features:[],dtype:float64""},unknown:""ignore"",values:""auto"",sparse:true,threshold:0.0,bootstrap:true,weight:null,criterion:""gini"",depth:null,features:""auto"",nodes:null,decrease:0.0,split:null,leaf:1,split:2,leaf:0.0,estimators:10,jobs:1,score:false,state:10797,verbose:0,start:false,memory:null,axis:0,features:[],copy:true,empty:0,values:""NaN"",strategy:""mean"",nominal:""most_frequent"",verbose:0,cv:5,score:""raise"",params:null,iid:true,iter:100,jobs:-1,distributions:randint_gen"", ""a"": 1, ""b"": 100000, ""args"": [], ""kwds"": {""low"": 1, ""high"": 100001}}}},dispatch:""2*n_jobs"",state:742310,refit:true,score:""warn"",scoring:null,verbose:1"
"9193217","sklearn.model_selection._search.RandomizedSearchCV(estimator=sklearn.pipeline.Pipeline(imputation=hyperimp.utils.preprocessing.ConditionalImputer,hotencoding=sklearn.preprocessing.data.OneHotEncoder,variencethreshold=sklearn.feature_selection.variance_threshold.VarianceThreshold,clf=sklearn.ensemble.forest.RandomForestClassifier))(1)","0.703","features:[],dtype:float64""},unknown:""ignore"",values:""auto"",sparse:true,threshold:0.0,bootstrap:true,weight:null,criterion:""gini"",depth:null,features:""auto"",nodes:null,decrease:0.0,split:null,leaf:1,split:2,leaf:0.0,estimators:10,jobs:1,score:false,state:43428,verbose:0,start:false,memory:null,axis:0,features:[],copy:true,empty:0,values:""NaN"",strategy:""mean"",nominal:""most_frequent"",verbose:0,cv:5,score:""raise"",params:null,iid:true,iter:100,jobs:-1,distributions:randint_gen"", ""a"": 1, ""b"": 100000, ""args"": [], ""kwds"": {""low"": 1, ""high"": 100001}}}},dispatch:""2*n_jobs"",state:334195,refit:true,score:""warn"",scoring:null,verbose:1"
"9058784","sklearn.pipeline.Pipeline(imputation=hyperimp.utils.preprocessing.ConditionalImputer,hotencoding=sklearn.preprocessing.data.OneHotEncoder,variencethreshold=sklearn.feature_selection.variance_threshold.VarianceThreshold,clf=sklearn.ensemble.forest.RandomForestClassifier)(1)","0.7029","features:[],dtype:float64""},unknown:""ignore"",values:""auto"",sparse:true,threshold:0.0,bootstrap:false,weight:null,criterion:""gini"",depth:null,features:18189573086544608,nodes:null,decrease:0.0,split:null,leaf:1,split:4,leaf:0.0,estimators:500,jobs:1,score:false,state:1,verbose:0,start:false,memory:null,axis:0,features:[],copy:true,empty:0,values:""NaN"",strategy:""mean"",nominal:""most_frequent"",verbose:0"
"9199640","sklearn.model_selection._search.RandomizedSearchCV(estimator=sklearn.pipeline.Pipeline(imputation=hyperimp.utils.preprocessing.ConditionalImputer,hotencoding=sklearn.preprocessing.data.OneHotEncoder,variencethreshold=sklearn.feature_selection.variance_threshold.VarianceThreshold,clf=sklearn.ensemble.forest.RandomForestClassifier))(1)","0.7028","features:[],dtype:float64""},unknown:""ignore"",values:""auto"",sparse:true,threshold:0.0,bootstrap:true,weight:null,criterion:""gini"",depth:null,features:""auto"",nodes:null,decrease:0.0,split:null,leaf:1,split:2,leaf:0.0,estimators:10,jobs:1,score:false,state:64743,verbose:0,start:false,memory:null,axis:0,features:[],copy:true,empty:0,values:""NaN"",strategy:""mean"",nominal:""most_frequent"",verbose:0,cv:5,score:""raise"",params:null,iid:true,iter:100,jobs:-1,distributions:randint_gen"", ""a"": 1, ""b"": 100000, ""args"": [], ""kwds"": {""low"": 1, ""high"": 100001}}}},dispatch:""2*n_jobs"",state:241849,refit:true,score:""warn"",scoring:null,verbose:1"
"9172098","sklearn.pipeline.Pipeline(imputation=hyperimp.utils.preprocessing.ConditionalImputer2,hotencoding=sklearn.preprocessing.data.OneHotEncoder,variencethreshold=sklearn.feature_selection.variance_threshold.VarianceThreshold,clf=sklearn.ensemble.forest.RandomForestClassifier)(1)","0.7028","features:[],dtype:float64""},unknown:""ignore"",values:""auto"",sparse:true,threshold:0.0,bootstrap:false,weight:null,criterion:""entropy"",depth:null,features:46805177427653466,nodes:null,decrease:0.0,split:null,leaf:1,split:6,leaf:0.0,estimators:300,jobs:1,score:false,state:30483,verbose:0,start:false,memory:null,axis:0,features:[],copy:true,empty:0,values:""NaN"",strategy:""mean"",nominal:""most_frequent"",verbose:0"
"9199568","sklearn.model_selection._search.RandomizedSearchCV(estimator=sklearn.pipeline.Pipeline(imputation=hyperimp.utils.preprocessing.ConditionalImputer,hotencoding=sklearn.preprocessing.data.OneHotEncoder,variencethreshold=sklearn.feature_selection.variance_threshold.VarianceThreshold,clf=sklearn.ensemble.forest.RandomForestClassifier))(1)","0.7025","features:[],dtype:float64""},unknown:""ignore"",values:""auto"",sparse:true,threshold:0.0,bootstrap:true,weight:null,criterion:""gini"",depth:null,features:""auto"",nodes:null,decrease:0.0,split:null,leaf:1,split:2,leaf:0.0,estimators:10,jobs:1,score:false,state:26492,verbose:0,start:false,memory:null,axis:0,features:[],copy:true,empty:0,values:""NaN"",strategy:""mean"",nominal:""most_frequent"",verbose:0,cv:5,score:""raise"",params:null,iid:true,iter:100,jobs:-1,distributions:randint_gen"", ""a"": 1, ""b"": 100000, ""args"": [], ""kwds"": {""low"": 1, ""high"": 100001}}}},dispatch:""2*n_jobs"",state:241849,refit:true,score:""warn"",scoring:null,verbose:1"
"9196002","sklearn.model_selection._search.RandomizedSearchCV(estimator=sklearn.pipeline.Pipeline(imputation=hyperimp.utils.preprocessing.ConditionalImputer,hotencoding=sklearn.preprocessing.data.OneHotEncoder,variencethreshold=sklearn.feature_selection.variance_threshold.VarianceThreshold,clf=sklearn.ensemble.forest.RandomForestClassifier))(1)","0.7019","features:[],dtype:float64""},unknown:""ignore"",values:""auto"",sparse:true,threshold:0.0,bootstrap:true,weight:null,criterion:""gini"",depth:null,features:""auto"",nodes:null,decrease:0.0,split:null,leaf:1,split:2,leaf:0.0,estimators:10,jobs:1,score:false,state:57979,verbose:0,start:false,memory:null,axis:0,features:[],copy:true,empty:0,values:""NaN"",strategy:""mean"",nominal:""most_frequent"",verbose:0,cv:5,score:""raise"",params:null,iid:true,iter:100,jobs:-1,distributions:randint_gen"", ""a"": 1, ""b"": 100000, ""args"": [], ""kwds"": {""low"": 1, ""high"": 100001}}}},dispatch:""2*n_jobs"",state:878199,refit:true,score:""warn"",scoring:null,verbose:1"
"9199636","sklearn.model_selection._search.RandomizedSearchCV(estimator=sklearn.pipeline.Pipeline(imputation=hyperimp.utils.preprocessing.ConditionalImputer,hotencoding=sklearn.preprocessing.data.OneHotEncoder,variencethreshold=sklearn.feature_selection.variance_threshold.VarianceThreshold,clf=sklearn.ensemble.forest.RandomForestClassifier))(1)","0.7019","features:[],dtype:float64""},unknown:""ignore"",values:""auto"",sparse:true,threshold:0.0,bootstrap:true,weight:null,criterion:""gini"",depth:null,features:""auto"",nodes:null,decrease:0.0,split:null,leaf:1,split:2,leaf:0.0,estimators:10,jobs:1,score:false,state:32962,verbose:0,start:false,memory:null,axis:0,features:[],copy:true,empty:0,values:""NaN"",strategy:""mean"",nominal:""most_frequent"",verbose:0,cv:5,score:""raise"",params:null,iid:true,iter:100,jobs:-1,distributions:randint_gen"", ""a"": 1, ""b"": 100000, ""args"": [], ""kwds"": {""low"": 1, ""high"": 100001}}}},dispatch:""2*n_jobs"",state:979806,refit:true,score:""warn"",scoring:null,verbose:1"
"9057119","sklearn.pipeline.Pipeline(imputation=hyperimp.utils.preprocessing.ConditionalImputer,hotencoding=sklearn.preprocessing.data.OneHotEncoder,variencethreshold=sklearn.feature_selection.variance_threshold.VarianceThreshold,clf=sklearn.ensemble.forest.RandomForestClassifier)(1)","0.7015","features:[],dtype:float64""},unknown:""ignore"",values:""auto"",sparse:true,threshold:0.0,bootstrap:false,weight:null,criterion:""entropy"",depth:null,features:4732107202670278,nodes:null,decrease:0.0,split:null,leaf:1,split:6,leaf:0.0,estimators:500,jobs:1,score:false,state:1,verbose:0,start:false,memory:null,axis:0,features:[],copy:true,empty:0,values:""NaN"",strategy:""mean"",nominal:""most_frequent"",verbose:0"
"5985209","sklearn.pipeline.Pipeline(imputation=openmlstudy14.preprocessing.ConditionalImputer,hotencoding=sklearn.preprocessing.data.OneHotEncoder,variencethreshold=sklearn.feature_selection.variance_threshold.VarianceThreshold,classifier=sklearn.ensemble.weight_boosting.AdaBoostClassifier(base_estimator=sklearn.tree.tree.DecisionTreeClassifier))(1)","0.7014","weight:null,criterion:""gini"",depth:10,features:null,nodes:null,split:1e-07,leaf:1,split:2,leaf:0.0,presort:false,state:52221,splitter:""best"",axis:0,features:[],copy:true,empty:0,values:""NaN"",strategy:""median"",nominal:""most_frequent"",verbose:0,features:[],dtype:float64""},unknown:""ignore"",values:""auto"",sparse:false,threshold:0.0,algorithm:""SAMME"",rate:5584706224380781,estimators:108,state:42428"
"9197019","sklearn.model_selection._search.RandomizedSearchCV(estimator=sklearn.pipeline.Pipeline(imputation=hyperimp.utils.preprocessing.ConditionalImputer,hotencoding=sklearn.preprocessing.data.OneHotEncoder,variencethreshold=sklearn.feature_selection.variance_threshold.VarianceThreshold,clf=sklearn.ensemble.forest.RandomForestClassifier))(1)","0.7012","features:[],dtype:float64""},unknown:""ignore"",values:""auto"",sparse:true,threshold:0.0,bootstrap:true,weight:null,criterion:""gini"",depth:null,features:""auto"",nodes:null,decrease:0.0,split:null,leaf:1,split:2,leaf:0.0,estimators:10,jobs:1,score:false,state:32476,verbose:0,start:false,memory:null,axis:0,features:[],copy:true,empty:0,values:""NaN"",strategy:""mean"",nominal:""most_frequent"",verbose:0,cv:5,score:""raise"",params:null,iid:true,iter:100,jobs:-1,distributions:randint_gen"", ""a"": 1, ""b"": 100000, ""args"": [], ""kwds"": {""low"": 1, ""high"": 100001}}}},dispatch:""2*n_jobs"",state:786801,refit:true,score:""warn"",scoring:null,verbose:1"
"6014947","sklearn.pipeline.Pipeline(imputation=openmlstudy14.preprocessing.ConditionalImputer,hotencoding=sklearn.preprocessing.data.OneHotEncoder,variencethreshold=sklearn.feature_selection.variance_threshold.VarianceThreshold,classifier=sklearn.ensemble.weight_boosting.AdaBoostClassifier(base_estimator=sklearn.tree.tree.DecisionTreeClassifier))(1)","0.701","weight:null,criterion:""gini"",depth:8,features:null,nodes:null,split:1e-07,leaf:1,split:2,leaf:0.0,presort:false,state:28628,splitter:""best"",axis:0,features:[],copy:true,empty:0,values:""NaN"",strategy:""median"",nominal:""most_frequent"",verbose:0,features:[],dtype:float64""},unknown:""ignore"",values:""auto"",sparse:false,threshold:0.0,algorithm:""SAMME"",rate:9085673775224181,estimators:427,state:32213"
"9178477","sklearn.pipeline.Pipeline(imputation=hyperimp.utils.preprocessing.ConditionalImputer2,hotencoding=sklearn.preprocessing.data.OneHotEncoder,variencethreshold=sklearn.feature_selection.variance_threshold.VarianceThreshold,clf=sklearn.ensemble.forest.RandomForestClassifier)(1)","0.7005","features:[],dtype:float64""},unknown:""ignore"",values:""auto"",sparse:true,threshold:0.0,bootstrap:false,weight:null,criterion:""entropy"",depth:null,features:25495055203830674,nodes:null,decrease:0.0,split:null,leaf:1,split:6,leaf:0.0,estimators:300,jobs:1,score:false,state:19182,verbose:0,start:false,memory:null,axis:0,features:[],copy:true,empty:0,values:""NaN"",strategy:""mean"",nominal:""most_frequent"",verbose:0"
"5976583","sklearn.pipeline.Pipeline(imputation=openmlstudy14.preprocessing.ConditionalImputer,hotencoding=sklearn.preprocessing.data.OneHotEncoder,variencethreshold=sklearn.feature_selection.variance_threshold.VarianceThreshold,classifier=sklearn.ensemble.weight_boosting.AdaBoostClassifier(base_estimator=sklearn.tree.tree.DecisionTreeClassifier))(1)","0.6999","weight:null,criterion:""gini"",depth:10,features:null,nodes:null,split:1e-07,leaf:1,split:2,leaf:0.0,presort:false,state:11563,splitter:""best"",axis:0,features:[],copy:true,empty:0,values:""NaN"",strategy:""median"",nominal:""most_frequent"",verbose:0,features:[],dtype:float64""},unknown:""ignore"",values:""auto"",sparse:false,threshold:0.0,algorithm:""SAMME"",rate:115848670002365,estimators:325,state:35158"
"9198317","sklearn.model_selection._search.RandomizedSearchCV(estimator=sklearn.pipeline.Pipeline(imputation=hyperimp.utils.preprocessing.ConditionalImputer,hotencoding=sklearn.preprocessing.data.OneHotEncoder,variencethreshold=sklearn.feature_selection.variance_threshold.VarianceThreshold,clf=sklearn.ensemble.forest.RandomForestClassifier))(1)","0.6999","features:[],dtype:float64""},unknown:""ignore"",values:""auto"",sparse:true,threshold:0.0,bootstrap:true,weight:null,criterion:""gini"",depth:null,features:""auto"",nodes:null,decrease:0.0,split:null,leaf:1,split:2,leaf:0.0,estimators:10,jobs:1,score:false,state:22547,verbose:0,start:false,memory:null,axis:0,features:[],copy:true,empty:0,values:""NaN"",strategy:""mean"",nominal:""most_frequent"",verbose:0,cv:5,score:""raise"",params:null,iid:true,iter:100,jobs:-1,distributions:randint_gen"", ""a"": 1, ""b"": 100000, ""args"": [], ""kwds"": {""low"": 1, ""high"": 100001}}}},dispatch:""2*n_jobs"",state:3645,refit:true,score:""warn"",scoring:null,verbose:1"
"9193835","sklearn.model_selection._search.RandomizedSearchCV(estimator=sklearn.pipeline.Pipeline(imputation=hyperimp.utils.preprocessing.ConditionalImputer,hotencoding=sklearn.preprocessing.data.OneHotEncoder,variencethreshold=sklearn.feature_selection.variance_threshold.VarianceThreshold,clf=sklearn.ensemble.forest.RandomForestClassifier))(1)","0.6994","features:[],dtype:float64""},unknown:""ignore"",values:""auto"",sparse:true,threshold:0.0,bootstrap:true,weight:null,criterion:""gini"",depth:null,features:""auto"",nodes:null,decrease:0.0,split:null,leaf:1,split:2,leaf:0.0,estimators:10,jobs:1,score:false,state:16939,verbose:0,start:false,memory:null,axis:0,features:[],copy:true,empty:0,values:""NaN"",strategy:""mean"",nominal:""most_frequent"",verbose:0,cv:5,score:""raise"",params:null,iid:true,iter:100,jobs:-1,distributions:randint_gen"", ""a"": 1, ""b"": 100000, ""args"": [], ""kwds"": {""low"": 1, ""high"": 100001}}}},dispatch:""2*n_jobs"",state:85956,refit:true,score:""warn"",scoring:null,verbose:1"
"9197071","sklearn.model_selection._search.RandomizedSearchCV(estimator=sklearn.pipeline.Pipeline(imputation=hyperimp.utils.preprocessing.ConditionalImputer,hotencoding=sklearn.preprocessing.data.OneHotEncoder,variencethreshold=sklearn.feature_selection.variance_threshold.VarianceThreshold,clf=sklearn.ensemble.forest.RandomForestClassifier))(1)","0.6994","features:[],dtype:float64""},unknown:""ignore"",values:""auto"",sparse:true,threshold:0.0,bootstrap:true,weight:null,criterion:""gini"",depth:null,features:""auto"",nodes:null,decrease:0.0,split:null,leaf:1,split:2,leaf:0.0,estimators:10,jobs:1,score:false,state:23933,verbose:0,start:false,memory:null,axis:0,features:[],copy:true,empty:0,values:""NaN"",strategy:""mean"",nominal:""most_frequent"",verbose:0,cv:5,score:""raise"",params:null,iid:true,iter:100,jobs:-1,distributions:randint_gen"", ""a"": 1, ""b"": 100000, ""args"": [], ""kwds"": {""low"": 1, ""high"": 100001}}}},dispatch:""2*n_jobs"",state:196453,refit:true,score:""warn"",scoring:null,verbose:1"
"9197147","sklearn.model_selection._search.RandomizedSearchCV(estimator=sklearn.pipeline.Pipeline(imputation=hyperimp.utils.preprocessing.ConditionalImputer,hotencoding=sklearn.preprocessing.data.OneHotEncoder,variencethreshold=sklearn.feature_selection.variance_threshold.VarianceThreshold,clf=sklearn.ensemble.forest.RandomForestClassifier))(1)","0.6992","features:[],dtype:float64""},unknown:""ignore"",values:""auto"",sparse:true,threshold:0.0,bootstrap:true,weight:null,criterion:""gini"",depth:null,features:""auto"",nodes:null,decrease:0.0,split:null,leaf:1,split:2,leaf:0.0,estimators:10,jobs:1,score:false,state:58893,verbose:0,start:false,memory:null,axis:0,features:[],copy:true,empty:0,values:""NaN"",strategy:""mean"",nominal:""most_frequent"",verbose:0,cv:5,score:""raise"",params:null,iid:true,iter:100,jobs:-1,distributions:randint_gen"", ""a"": 1, ""b"": 100000, ""args"": [], ""kwds"": {""low"": 1, ""high"": 100001}}}},dispatch:""2*n_jobs"",state:196453,refit:true,score:""warn"",scoring:null,verbose:1"
"9193496","sklearn.model_selection._search.RandomizedSearchCV(estimator=sklearn.pipeline.Pipeline(imputation=hyperimp.utils.preprocessing.ConditionalImputer,hotencoding=sklearn.preprocessing.data.OneHotEncoder,variencethreshold=sklearn.feature_selection.variance_threshold.VarianceThreshold,clf=sklearn.ensemble.forest.RandomForestClassifier))(1)","0.6988","features:[],dtype:float64""},unknown:""ignore"",values:""auto"",sparse:true,threshold:0.0,bootstrap:true,weight:null,criterion:""gini"",depth:null,features:""auto"",nodes:null,decrease:0.0,split:null,leaf:1,split:2,leaf:0.0,estimators:10,jobs:1,score:false,state:63682,verbose:0,start:false,memory:null,axis:0,features:[],copy:true,empty:0,values:""NaN"",strategy:""mean"",nominal:""most_frequent"",verbose:0,cv:5,score:""raise"",params:null,iid:true,iter:100,jobs:-1,distributions:randint_gen"", ""a"": 1, ""b"": 100000, ""args"": [], ""kwds"": {""low"": 1, ""high"": 100001}}}},dispatch:""2*n_jobs"",state:334195,refit:true,score:""warn"",scoring:null,verbose:1"
"5992928","sklearn.pipeline.Pipeline(imputation=openmlstudy14.preprocessing.ConditionalImputer,hotencoding=sklearn.preprocessing.data.OneHotEncoder,variencethreshold=sklearn.feature_selection.variance_threshold.VarianceThreshold,classifier=sklearn.ensemble.weight_boosting.AdaBoostClassifier(base_estimator=sklearn.tree.tree.DecisionTreeClassifier))(1)","0.6984","weight:null,criterion:""gini"",depth:8,features:null,nodes:null,split:1e-07,leaf:1,split:2,leaf:0.0,presort:false,state:6728,splitter:""best"",axis:0,features:[],copy:true,empty:0,values:""NaN"",strategy:""median"",nominal:""most_frequent"",verbose:0,features:[],dtype:float64""},unknown:""ignore"",values:""auto"",sparse:false,threshold:0.0,algorithm:""SAMME"",rate:27471072128754465,estimators:495,state:1255"
"9192217","sklearn.model_selection._search.RandomizedSearchCV(estimator=sklearn.pipeline.Pipeline(imputation=hyperimp.utils.preprocessing.ConditionalImputer,hotencoding=sklearn.preprocessing.data.OneHotEncoder,variencethreshold=sklearn.feature_selection.variance_threshold.VarianceThreshold,clf=sklearn.ensemble.forest.RandomForestClassifier))(1)","0.6982","features:[],dtype:float64""},unknown:""ignore"",values:""auto"",sparse:true,threshold:0.0,bootstrap:true,weight:null,criterion:""gini"",depth:null,features:""auto"",nodes:null,decrease:0.0,split:null,leaf:1,split:2,leaf:0.0,estimators:10,jobs:1,score:false,state:25605,verbose:0,start:false,memory:null,axis:0,features:[],copy:true,empty:0,values:""NaN"",strategy:""mean"",nominal:""most_frequent"",verbose:0,cv:5,score:""raise"",params:null,iid:true,iter:100,jobs:-1,distributions:randint_gen"", ""a"": 1, ""b"": 100000, ""args"": [], ""kwds"": {""low"": 1, ""high"": 100001}}}},dispatch:""2*n_jobs"",state:742310,refit:true,score:""warn"",scoring:null,verbose:1"
"9193851","sklearn.model_selection._search.RandomizedSearchCV(estimator=sklearn.pipeline.Pipeline(imputation=hyperimp.utils.preprocessing.ConditionalImputer,hotencoding=sklearn.preprocessing.data.OneHotEncoder,variencethreshold=sklearn.feature_selection.variance_threshold.VarianceThreshold,clf=sklearn.ensemble.forest.RandomForestClassifier))(1)","0.6982","features:[],dtype:float64""},unknown:""ignore"",values:""auto"",sparse:true,threshold:0.0,bootstrap:true,weight:null,criterion:""gini"",depth:null,features:""auto"",nodes:null,decrease:0.0,split:null,leaf:1,split:2,leaf:0.0,estimators:10,jobs:1,score:false,state:22900,verbose:0,start:false,memory:null,axis:0,features:[],copy:true,empty:0,values:""NaN"",strategy:""mean"",nominal:""most_frequent"",verbose:0,cv:5,score:""raise"",params:null,iid:true,iter:100,jobs:-1,distributions:randint_gen"", ""a"": 1, ""b"": 100000, ""args"": [], ""kwds"": {""low"": 1, ""high"": 100001}}}},dispatch:""2*n_jobs"",state:85956,refit:true,score:""warn"",scoring:null,verbose:1"
"9194178","sklearn.model_selection._search.RandomizedSearchCV(estimator=sklearn.pipeline.Pipeline(imputation=hyperimp.utils.preprocessing.ConditionalImputer,hotencoding=sklearn.preprocessing.data.OneHotEncoder,variencethreshold=sklearn.feature_selection.variance_threshold.VarianceThreshold,clf=sklearn.ensemble.forest.RandomForestClassifier))(1)","0.6982","features:[],dtype:float64""},unknown:""ignore"",values:""auto"",sparse:true,threshold:0.0,bootstrap:true,weight:null,criterion:""gini"",depth:null,features:""auto"",nodes:null,decrease:0.0,split:null,leaf:1,split:2,leaf:0.0,estimators:10,jobs:1,score:false,state:47197,verbose:0,start:false,memory:null,axis:0,features:[],copy:true,empty:0,values:""NaN"",strategy:""mean"",nominal:""most_frequent"",verbose:0,cv:5,score:""raise"",params:null,iid:true,iter:100,jobs:-1,distributions:randint_gen"", ""a"": 1, ""b"": 100000, ""args"": [], ""kwds"": {""low"": 1, ""high"": 100001}}}},dispatch:""2*n_jobs"",state:85956,refit:true,score:""warn"",scoring:null,verbose:1"
"9198114","sklearn.model_selection._search.RandomizedSearchCV(estimator=sklearn.pipeline.Pipeline(imputation=hyperimp.utils.preprocessing.ConditionalImputer,hotencoding=sklearn.preprocessing.data.OneHotEncoder,variencethreshold=sklearn.feature_selection.variance_threshold.VarianceThreshold,clf=sklearn.ensemble.forest.RandomForestClassifier))(1)","0.6981","features:[],dtype:float64""},unknown:""ignore"",values:""auto"",sparse:true,threshold:0.0,bootstrap:true,weight:null,criterion:""gini"",depth:null,features:""auto"",nodes:null,decrease:0.0,split:null,leaf:1,split:2,leaf:0.0,estimators:10,jobs:1,score:false,state:56327,verbose:0,start:false,memory:null,axis:0,features:[],copy:true,empty:0,values:""NaN"",strategy:""mean"",nominal:""most_frequent"",verbose:0,cv:5,score:""raise"",params:null,iid:true,iter:100,jobs:-1,distributions:randint_gen"", ""a"": 1, ""b"": 100000, ""args"": [], ""kwds"": {""low"": 1, ""high"": 100001}}}},dispatch:""2*n_jobs"",state:3645,refit:true,score:""warn"",scoring:null,verbose:1"
"5973155","sklearn.pipeline.Pipeline(imputation=openmlstudy14.preprocessing.ConditionalImputer,hotencoding=sklearn.preprocessing.data.OneHotEncoder,variencethreshold=sklearn.feature_selection.variance_threshold.VarianceThreshold,classifier=sklearn.ensemble.weight_boosting.AdaBoostClassifier(base_estimator=sklearn.tree.tree.DecisionTreeClassifier))(1)","0.6977","weight:null,criterion:""gini"",depth:9,features:null,nodes:null,split:1e-07,leaf:1,split:2,leaf:0.0,presort:false,state:46608,splitter:""best"",axis:0,features:[],copy:true,empty:0,values:""NaN"",strategy:""most_frequent"",nominal:""most_frequent"",verbose:0,features:[],dtype:float64""},unknown:""ignore"",values:""auto"",sparse:false,threshold:0.0,algorithm:""SAMME"",rate:9528053494282509,estimators:197,state:57031"
"6030425","sklearn.pipeline.Pipeline(imputation=openmlstudy14.preprocessing.ConditionalImputer,hotencoding=sklearn.preprocessing.data.OneHotEncoder,variencethreshold=sklearn.feature_selection.variance_threshold.VarianceThreshold,classifier=sklearn.ensemble.forest.RandomForestClassifier)(1)","0.6977","bootstrap:false,weight:null,criterion:""entropy"",depth:null,features:27344946569182504,nodes:null,split:1e-07,leaf:2,split:4,leaf:0.0,estimators:100,jobs:1,score:false,state:5948,verbose:0,start:false,axis:0,features:[],copy:true,empty:0,values:""NaN"",strategy:""most_frequent"",nominal:""most_frequent"",verbose:0,features:[],dtype:float64""},unknown:""ignore"",values:""auto"",sparse:true,threshold:0.0"
"9195915","sklearn.model_selection._search.RandomizedSearchCV(estimator=sklearn.pipeline.Pipeline(imputation=hyperimp.utils.preprocessing.ConditionalImputer,hotencoding=sklearn.preprocessing.data.OneHotEncoder,variencethreshold=sklearn.feature_selection.variance_threshold.VarianceThreshold,clf=sklearn.ensemble.forest.RandomForestClassifier))(1)","0.6973","features:[],dtype:float64""},unknown:""ignore"",values:""auto"",sparse:true,threshold:0.0,bootstrap:true,weight:null,criterion:""gini"",depth:null,features:""auto"",nodes:null,decrease:0.0,split:null,leaf:1,split:2,leaf:0.0,estimators:10,jobs:1,score:false,state:27218,verbose:0,start:false,memory:null,axis:0,features:[],copy:true,empty:0,values:""NaN"",strategy:""mean"",nominal:""most_frequent"",verbose:0,cv:5,score:""raise"",params:null,iid:true,iter:100,jobs:-1,distributions:randint_gen"", ""a"": 1, ""b"": 100000, ""args"": [], ""kwds"": {""low"": 1, ""high"": 100001}}}},dispatch:""2*n_jobs"",state:333412,refit:true,score:""warn"",scoring:null,verbose:1"
"9193457","sklearn.model_selection._search.RandomizedSearchCV(estimator=sklearn.pipeline.Pipeline(imputation=hyperimp.utils.preprocessing.ConditionalImputer,hotencoding=sklearn.preprocessing.data.OneHotEncoder,variencethreshold=sklearn.feature_selection.variance_threshold.VarianceThreshold,clf=sklearn.ensemble.forest.RandomForestClassifier))(1)","0.6973","features:[],dtype:float64""},unknown:""ignore"",values:""auto"",sparse:true,threshold:0.0,bootstrap:true,weight:null,criterion:""gini"",depth:null,features:""auto"",nodes:null,decrease:0.0,split:null,leaf:1,split:2,leaf:0.0,estimators:10,jobs:1,score:false,state:28849,verbose:0,start:false,memory:null,axis:0,features:[],copy:true,empty:0,values:""NaN"",strategy:""mean"",nominal:""most_frequent"",verbose:0,cv:5,score:""raise"",params:null,iid:true,iter:100,jobs:-1,distributions:randint_gen"", ""a"": 1, ""b"": 100000, ""args"": [], ""kwds"": {""low"": 1, ""high"": 100001}}}},dispatch:""2*n_jobs"",state:85956,refit:true,score:""warn"",scoring:null,verbose:1"
"9194060","sklearn.model_selection._search.RandomizedSearchCV(estimator=sklearn.pipeline.Pipeline(imputation=hyperimp.utils.preprocessing.ConditionalImputer,hotencoding=sklearn.preprocessing.data.OneHotEncoder,variencethreshold=sklearn.feature_selection.variance_threshold.VarianceThreshold,clf=sklearn.ensemble.forest.RandomForestClassifier))(1)","0.6971","features:[],dtype:float64""},unknown:""ignore"",values:""auto"",sparse:true,threshold:0.0,bootstrap:true,weight:null,criterion:""gini"",depth:null,features:""auto"",nodes:null,decrease:0.0,split:null,leaf:1,split:2,leaf:0.0,estimators:10,jobs:1,score:false,state:563,verbose:0,start:false,memory:null,axis:0,features:[],copy:true,empty:0,values:""NaN"",strategy:""mean"",nominal:""most_frequent"",verbose:0,cv:5,score:""raise"",params:null,iid:true,iter:100,jobs:-1,distributions:randint_gen"", ""a"": 1, ""b"": 100000, ""args"": [], ""kwds"": {""low"": 1, ""high"": 100001}}}},dispatch:""2*n_jobs"",state:85956,refit:true,score:""warn"",scoring:null,verbose:1"
"9199632","sklearn.model_selection._search.RandomizedSearchCV(estimator=sklearn.pipeline.Pipeline(imputation=hyperimp.utils.preprocessing.ConditionalImputer,hotencoding=sklearn.preprocessing.data.OneHotEncoder,variencethreshold=sklearn.feature_selection.variance_threshold.VarianceThreshold,clf=sklearn.ensemble.forest.RandomForestClassifier))(1)","0.6971","features:[],dtype:float64""},unknown:""ignore"",values:""auto"",sparse:true,threshold:0.0,bootstrap:true,weight:null,criterion:""gini"",depth:null,features:""auto"",nodes:null,decrease:0.0,split:null,leaf:1,split:2,leaf:0.0,estimators:10,jobs:1,score:false,state:41188,verbose:0,start:false,memory:null,axis:0,features:[],copy:true,empty:0,values:""NaN"",strategy:""mean"",nominal:""most_frequent"",verbose:0,cv:5,score:""raise"",params:null,iid:true,iter:100,jobs:-1,distributions:randint_gen"", ""a"": 1, ""b"": 100000, ""args"": [], ""kwds"": {""low"": 1, ""high"": 100001}}}},dispatch:""2*n_jobs"",state:241849,refit:true,score:""warn"",scoring:null,verbose:1"
"9199617","sklearn.model_selection._search.RandomizedSearchCV(estimator=sklearn.pipeline.Pipeline(imputation=hyperimp.utils.preprocessing.ConditionalImputer,hotencoding=sklearn.preprocessing.data.OneHotEncoder,variencethreshold=sklearn.feature_selection.variance_threshold.VarianceThreshold,clf=sklearn.ensemble.forest.RandomForestClassifier))(1)","0.6971","features:[],dtype:float64""},unknown:""ignore"",values:""auto"",sparse:true,threshold:0.0,bootstrap:true,weight:null,criterion:""gini"",depth:null,features:""auto"",nodes:null,decrease:0.0,split:null,leaf:1,split:2,leaf:0.0,estimators:10,jobs:1,score:false,state:32653,verbose:0,start:false,memory:null,axis:0,features:[],copy:true,empty:0,values:""NaN"",strategy:""mean"",nominal:""most_frequent"",verbose:0,cv:5,score:""raise"",params:null,iid:true,iter:100,jobs:-1,distributions:randint_gen"", ""a"": 1, ""b"": 100000, ""args"": [], ""kwds"": {""low"": 1, ""high"": 100001}}}},dispatch:""2*n_jobs"",state:241849,refit:true,score:""warn"",scoring:null,verbose:1"
"10025856","sklearn.pipeline.Pipeline(columntransformer=sklearn.compose._column_transformer.ColumnTransformer(numeric=sklearn.pipeline.Pipeline(imputer=sklearn.preprocessing.imputation.Imputer,standardscaler=sklearn.preprocessing.data.StandardScaler),nominal=sklearn.pipeline.Pipeline(simpleimputer=sklearn.impute.SimpleImputer,onehotencoder=sklearn.preprocessing._encoders.OneHotEncoder)),variancethreshold=sklearn.feature_selection.variance_threshold.VarianceThreshold,randomforestclassifier=sklearn.ensemble.forest.RandomForestClassifier)(2)","0.6971","jobs:null,remainder:""passthrough"",threshold:0.3,weights:null,memory:null,axis:0,copy:true,values:""NaN"",strategy:""most_frequent"",verbose:0,copy:true,mean:true,std:true,memory:null,copy:true,value:-1,values:NaN,strategy:""constant"",verbose:0,features:null,categories:null,dtype:float64""},unknown:""ignore"",values:null,sparse:true,threshold:0.0,memory:null,bootstrap:false,weight:null,criterion:""entropy"",depth:null,features:4777831661503307,nodes:null,decrease:0.0,split:null,leaf:1,split:7,leaf:0.0,estimators:100,jobs:null,score:false,state:8971,verbose:0,start:false"
"9199518","sklearn.model_selection._search.RandomizedSearchCV(estimator=sklearn.pipeline.Pipeline(imputation=hyperimp.utils.preprocessing.ConditionalImputer,hotencoding=sklearn.preprocessing.data.OneHotEncoder,variencethreshold=sklearn.feature_selection.variance_threshold.VarianceThreshold,clf=sklearn.ensemble.forest.RandomForestClassifier))(1)","0.697","features:[],dtype:float64""},unknown:""ignore"",values:""auto"",sparse:true,threshold:0.0,bootstrap:true,weight:null,criterion:""gini"",depth:null,features:""auto"",nodes:null,decrease:0.0,split:null,leaf:1,split:2,leaf:0.0,estimators:10,jobs:1,score:false,state:13836,verbose:0,start:false,memory:null,axis:0,features:[],copy:true,empty:0,values:""NaN"",strategy:""mean"",nominal:""most_frequent"",verbose:0,cv:5,score:""raise"",params:null,iid:true,iter:100,jobs:-1,distributions:randint_gen"", ""a"": 1, ""b"": 100000, ""args"": [], ""kwds"": {""low"": 1, ""high"": 100001}}}},dispatch:""2*n_jobs"",state:241849,refit:true,score:""warn"",scoring:null,verbose:1"
"9192310","sklearn.model_selection._search.RandomizedSearchCV(estimator=sklearn.pipeline.Pipeline(imputation=hyperimp.utils.preprocessing.ConditionalImputer,hotencoding=sklearn.preprocessing.data.OneHotEncoder,variencethreshold=sklearn.feature_selection.variance_threshold.VarianceThreshold,clf=sklearn.ensemble.forest.RandomForestClassifier))(1)","0.697","features:[],dtype:float64""},unknown:""ignore"",values:""auto"",sparse:true,threshold:0.0,bootstrap:true,weight:null,criterion:""gini"",depth:null,features:""auto"",nodes:null,decrease:0.0,split:null,leaf:1,split:2,leaf:0.0,estimators:10,jobs:1,score:false,state:2083,verbose:0,start:false,memory:null,axis:0,features:[],copy:true,empty:0,values:""NaN"",strategy:""mean"",nominal:""most_frequent"",verbose:0,cv:5,score:""raise"",params:null,iid:true,iter:100,jobs:-1,distributions:randint_gen"", ""a"": 1, ""b"": 100000, ""args"": [], ""kwds"": {""low"": 1, ""high"": 100001}}}},dispatch:""2*n_jobs"",state:742310,refit:true,score:""warn"",scoring:null,verbose:1"
"9195775","sklearn.model_selection._search.RandomizedSearchCV(estimator=sklearn.pipeline.Pipeline(imputation=hyperimp.utils.preprocessing.ConditionalImputer,hotencoding=sklearn.preprocessing.data.OneHotEncoder,variencethreshold=sklearn.feature_selection.variance_threshold.VarianceThreshold,clf=sklearn.ensemble.forest.RandomForestClassifier))(1)","0.6968","features:[],dtype:float64""},unknown:""ignore"",values:""auto"",sparse:true,threshold:0.0,bootstrap:true,weight:null,criterion:""gini"",depth:null,features:""auto"",nodes:null,decrease:0.0,split:null,leaf:1,split:2,leaf:0.0,estimators:10,jobs:1,score:false,state:7158,verbose:0,start:false,memory:null,axis:0,features:[],copy:true,empty:0,values:""NaN"",strategy:""mean"",nominal:""most_frequent"",verbose:0,cv:5,score:""raise"",params:null,iid:true,iter:100,jobs:-1,distributions:randint_gen"", ""a"": 1, ""b"": 100000, ""args"": [], ""kwds"": {""low"": 1, ""high"": 100001}}}},dispatch:""2*n_jobs"",state:333412,refit:true,score:""warn"",scoring:null,verbose:1"
"9185436","sklearn.pipeline.Pipeline(imputation=hyperimp.utils.preprocessing.ConditionalImputer2,hotencoding=sklearn.preprocessing.data.OneHotEncoder,variencethreshold=sklearn.feature_selection.variance_threshold.VarianceThreshold,clf=sklearn.ensemble.forest.RandomForestClassifier)(1)","0.6965","features:[],dtype:float64""},unknown:""ignore"",values:""auto"",sparse:true,threshold:0.0,bootstrap:false,weight:null,criterion:""entropy"",depth:null,features:24969495796502372,nodes:null,decrease:0.0,split:null,leaf:3,split:5,leaf:0.0,estimators:300,jobs:1,score:false,state:77821,verbose:0,start:false,memory:null,axis:0,features:[],copy:true,empty:0,values:""NaN"",strategy:""mean"",nominal:""most_frequent"",verbose:0"
"9195012","sklearn.model_selection._search.RandomizedSearchCV(estimator=sklearn.pipeline.Pipeline(imputation=hyperimp.utils.preprocessing.ConditionalImputer,hotencoding=sklearn.preprocessing.data.OneHotEncoder,variencethreshold=sklearn.feature_selection.variance_threshold.VarianceThreshold,clf=sklearn.ensemble.forest.RandomForestClassifier))(1)","0.6963","features:[],dtype:float64""},unknown:""ignore"",values:""auto"",sparse:true,threshold:0.0,bootstrap:true,weight:null,criterion:""gini"",depth:null,features:""auto"",nodes:null,decrease:0.0,split:null,leaf:1,split:2,leaf:0.0,estimators:10,jobs:1,score:false,state:27730,verbose:0,start:false,memory:null,axis:0,features:[],copy:true,empty:0,values:""NaN"",strategy:""mean"",nominal:""most_frequent"",verbose:0,cv:5,score:""raise"",params:null,iid:true,iter:100,jobs:-1,distributions:randint_gen"", ""a"": 1, ""b"": 100000, ""args"": [], ""kwds"": {""low"": 1, ""high"": 100001}}}},dispatch:""2*n_jobs"",state:333412,refit:true,score:""warn"",scoring:null,verbose:1"
"9198642","sklearn.model_selection._search.RandomizedSearchCV(estimator=sklearn.pipeline.Pipeline(imputation=hyperimp.utils.preprocessing.ConditionalImputer,hotencoding=sklearn.preprocessing.data.OneHotEncoder,variencethreshold=sklearn.feature_selection.variance_threshold.VarianceThreshold,clf=sklearn.ensemble.forest.RandomForestClassifier))(1)","0.6962","features:[],dtype:float64""},unknown:""ignore"",values:""auto"",sparse:true,threshold:0.0,bootstrap:true,weight:null,criterion:""gini"",depth:null,features:""auto"",nodes:null,decrease:0.0,split:null,leaf:1,split:2,leaf:0.0,estimators:10,jobs:1,score:false,state:50984,verbose:0,start:false,memory:null,axis:0,features:[],copy:true,empty:0,values:""NaN"",strategy:""mean"",nominal:""most_frequent"",verbose:0,cv:5,score:""raise"",params:null,iid:true,iter:100,jobs:-1,distributions:randint_gen"", ""a"": 1, ""b"": 100000, ""args"": [], ""kwds"": {""low"": 1, ""high"": 100001}}}},dispatch:""2*n_jobs"",state:979806,refit:true,score:""warn"",scoring:null,verbose:1"
"9198289","sklearn.model_selection._search.RandomizedSearchCV(estimator=sklearn.pipeline.Pipeline(imputation=hyperimp.utils.preprocessing.ConditionalImputer,hotencoding=sklearn.preprocessing.data.OneHotEncoder,variencethreshold=sklearn.feature_selection.variance_threshold.VarianceThreshold,clf=sklearn.ensemble.forest.RandomForestClassifier))(1)","0.6961","features:[],dtype:float64""},unknown:""ignore"",values:""auto"",sparse:true,threshold:0.0,bootstrap:true,weight:null,criterion:""gini"",depth:null,features:""auto"",nodes:null,decrease:0.0,split:null,leaf:1,split:2,leaf:0.0,estimators:10,jobs:1,score:false,state:16166,verbose:0,start:false,memory:null,axis:0,features:[],copy:true,empty:0,values:""NaN"",strategy:""mean"",nominal:""most_frequent"",verbose:0,cv:5,score:""raise"",params:null,iid:true,iter:100,jobs:-1,distributions:randint_gen"", ""a"": 1, ""b"": 100000, ""args"": [], ""kwds"": {""low"": 1, ""high"": 100001}}}},dispatch:""2*n_jobs"",state:3645,refit:true,score:""warn"",scoring:null,verbose:1"
"9198751","sklearn.model_selection._search.RandomizedSearchCV(estimator=sklearn.pipeline.Pipeline(imputation=hyperimp.utils.preprocessing.ConditionalImputer,hotencoding=sklearn.preprocessing.data.OneHotEncoder,variencethreshold=sklearn.feature_selection.variance_threshold.VarianceThreshold,clf=sklearn.ensemble.forest.RandomForestClassifier))(1)","0.6961","features:[],dtype:float64""},unknown:""ignore"",values:""auto"",sparse:true,threshold:0.0,bootstrap:true,weight:null,criterion:""gini"",depth:null,features:""auto"",nodes:null,decrease:0.0,split:null,leaf:1,split:2,leaf:0.0,estimators:10,jobs:1,score:false,state:16219,verbose:0,start:false,memory:null,axis:0,features:[],copy:true,empty:0,values:""NaN"",strategy:""mean"",nominal:""most_frequent"",verbose:0,cv:5,score:""raise"",params:null,iid:true,iter:100,jobs:-1,distributions:randint_gen"", ""a"": 1, ""b"": 100000, ""args"": [], ""kwds"": {""low"": 1, ""high"": 100001}}}},dispatch:""2*n_jobs"",state:979806,refit:true,score:""warn"",scoring:null,verbose:1"
"9197534","sklearn.model_selection._search.RandomizedSearchCV(estimator=sklearn.pipeline.Pipeline(imputation=hyperimp.utils.preprocessing.ConditionalImputer,hotencoding=sklearn.preprocessing.data.OneHotEncoder,variencethreshold=sklearn.feature_selection.variance_threshold.VarianceThreshold,clf=sklearn.ensemble.forest.RandomForestClassifier))(1)","0.6959","features:[],dtype:float64""},unknown:""ignore"",values:""auto"",sparse:true,threshold:0.0,bootstrap:true,weight:null,criterion:""gini"",depth:null,features:""auto"",nodes:null,decrease:0.0,split:null,leaf:1,split:2,leaf:0.0,estimators:10,jobs:1,score:false,state:48439,verbose:0,start:false,memory:null,axis:0,features:[],copy:true,empty:0,values:""NaN"",strategy:""mean"",nominal:""most_frequent"",verbose:0,cv:5,score:""raise"",params:null,iid:true,iter:100,jobs:-1,distributions:randint_gen"", ""a"": 1, ""b"": 100000, ""args"": [], ""kwds"": {""low"": 1, ""high"": 100001}}}},dispatch:""2*n_jobs"",state:3645,refit:true,score:""warn"",scoring:null,verbose:1"
"9057227","sklearn.pipeline.Pipeline(imputation=hyperimp.utils.preprocessing.ConditionalImputer,hotencoding=sklearn.preprocessing.data.OneHotEncoder,variencethreshold=sklearn.feature_selection.variance_threshold.VarianceThreshold,clf=sklearn.ensemble.forest.RandomForestClassifier)(1)","0.6956","features:[],dtype:float64""},unknown:""ignore"",values:""auto"",sparse:true,threshold:0.0,bootstrap:false,weight:null,criterion:""gini"",depth:null,features:595342442050952,nodes:null,decrease:0.0,split:null,leaf:1,split:2,leaf:0.0,estimators:500,jobs:1,score:false,state:1,verbose:0,start:false,memory:null,axis:0,features:[],copy:true,empty:0,values:""NaN"",strategy:""mean"",nominal:""most_frequent"",verbose:0"
"9197123","sklearn.model_selection._search.RandomizedSearchCV(estimator=sklearn.pipeline.Pipeline(imputation=hyperimp.utils.preprocessing.ConditionalImputer,hotencoding=sklearn.preprocessing.data.OneHotEncoder,variencethreshold=sklearn.feature_selection.variance_threshold.VarianceThreshold,clf=sklearn.ensemble.forest.RandomForestClassifier))(1)","0.6954","features:[],dtype:float64""},unknown:""ignore"",values:""auto"",sparse:true,threshold:0.0,bootstrap:true,weight:null,criterion:""gini"",depth:null,features:""auto"",nodes:null,decrease:0.0,split:null,leaf:1,split:2,leaf:0.0,estimators:10,jobs:1,score:false,state:48016,verbose:0,start:false,memory:null,axis:0,features:[],copy:true,empty:0,values:""NaN"",strategy:""mean"",nominal:""most_frequent"",verbose:0,cv:5,score:""raise"",params:null,iid:true,iter:100,jobs:-1,distributions:randint_gen"", ""a"": 1, ""b"": 100000, ""args"": [], ""kwds"": {""low"": 1, ""high"": 100001}}}},dispatch:""2*n_jobs"",state:196453,refit:true,score:""warn"",scoring:null,verbose:1"
"9197298","sklearn.model_selection._search.RandomizedSearchCV(estimator=sklearn.pipeline.Pipeline(imputation=hyperimp.utils.preprocessing.ConditionalImputer,hotencoding=sklearn.preprocessing.data.OneHotEncoder,variencethreshold=sklearn.feature_selection.variance_threshold.VarianceThreshold,clf=sklearn.ensemble.forest.RandomForestClassifier))(1)","0.6954","features:[],dtype:float64""},unknown:""ignore"",values:""auto"",sparse:true,threshold:0.0,bootstrap:true,weight:null,criterion:""gini"",depth:null,features:""auto"",nodes:null,decrease:0.0,split:null,leaf:1,split:2,leaf:0.0,estimators:10,jobs:1,score:false,state:49604,verbose:0,start:false,memory:null,axis:0,features:[],copy:true,empty:0,values:""NaN"",strategy:""mean"",nominal:""most_frequent"",verbose:0,cv:5,score:""raise"",params:null,iid:true,iter:100,jobs:-1,distributions:randint_gen"", ""a"": 1, ""b"": 100000, ""args"": [], ""kwds"": {""low"": 1, ""high"": 100001}}}},dispatch:""2*n_jobs"",state:196453,refit:true,score:""warn"",scoring:null,verbose:1"
"9197669","sklearn.model_selection._search.RandomizedSearchCV(estimator=sklearn.pipeline.Pipeline(imputation=hyperimp.utils.preprocessing.ConditionalImputer,hotencoding=sklearn.preprocessing.data.OneHotEncoder,variencethreshold=sklearn.feature_selection.variance_threshold.VarianceThreshold,clf=sklearn.ensemble.forest.RandomForestClassifier))(1)","0.6954","features:[],dtype:float64""},unknown:""ignore"",values:""auto"",sparse:true,threshold:0.0,bootstrap:true,weight:null,criterion:""gini"",depth:null,features:""auto"",nodes:null,decrease:0.0,split:null,leaf:1,split:2,leaf:0.0,estimators:10,jobs:1,score:false,state:56217,verbose:0,start:false,memory:null,axis:0,features:[],copy:true,empty:0,values:""NaN"",strategy:""mean"",nominal:""most_frequent"",verbose:0,cv:5,score:""raise"",params:null,iid:true,iter:100,jobs:-1,distributions:randint_gen"", ""a"": 1, ""b"": 100000, ""args"": [], ""kwds"": {""low"": 1, ""high"": 100001}}}},dispatch:""2*n_jobs"",state:196453,refit:true,score:""warn"",scoring:null,verbose:1"
"9195771","sklearn.model_selection._search.RandomizedSearchCV(estimator=sklearn.pipeline.Pipeline(imputation=hyperimp.utils.preprocessing.ConditionalImputer,hotencoding=sklearn.preprocessing.data.OneHotEncoder,variencethreshold=sklearn.feature_selection.variance_threshold.VarianceThreshold,clf=sklearn.ensemble.forest.RandomForestClassifier))(1)","0.6954","features:[],dtype:float64""},unknown:""ignore"",values:""auto"",sparse:true,threshold:0.0,bootstrap:true,weight:null,criterion:""gini"",depth:null,features:""auto"",nodes:null,decrease:0.0,split:null,leaf:1,split:2,leaf:0.0,estimators:10,jobs:1,score:false,state:11422,verbose:0,start:false,memory:null,axis:0,features:[],copy:true,empty:0,values:""NaN"",strategy:""mean"",nominal:""most_frequent"",verbose:0,cv:5,score:""raise"",params:null,iid:true,iter:100,jobs:-1,distributions:randint_gen"", ""a"": 1, ""b"": 100000, ""args"": [], ""kwds"": {""low"": 1, ""high"": 100001}}}},dispatch:""2*n_jobs"",state:333412,refit:true,score:""warn"",scoring:null,verbose:1"
"9194239","sklearn.model_selection._search.RandomizedSearchCV(estimator=sklearn.pipeline.Pipeline(imputation=hyperimp.utils.preprocessing.ConditionalImputer,hotencoding=sklearn.preprocessing.data.OneHotEncoder,variencethreshold=sklearn.feature_selection.variance_threshold.VarianceThreshold,clf=sklearn.ensemble.forest.RandomForestClassifier))(1)","0.6952","features:[],dtype:float64""},unknown:""ignore"",values:""auto"",sparse:true,threshold:0.0,bootstrap:true,weight:null,criterion:""gini"",depth:null,features:""auto"",nodes:null,decrease:0.0,split:null,leaf:1,split:2,leaf:0.0,estimators:10,jobs:1,score:false,state:49595,verbose:0,start:false,memory:null,axis:0,features:[],copy:true,empty:0,values:""NaN"",strategy:""mean"",nominal:""most_frequent"",verbose:0,cv:5,score:""raise"",params:null,iid:true,iter:100,jobs:-1,distributions:randint_gen"", ""a"": 1, ""b"": 100000, ""args"": [], ""kwds"": {""low"": 1, ""high"": 100001}}}},dispatch:""2*n_jobs"",state:333412,refit:true,score:""warn"",scoring:null,verbose:1"
"9194756","sklearn.model_selection._search.RandomizedSearchCV(estimator=sklearn.pipeline.Pipeline(imputation=hyperimp.utils.preprocessing.ConditionalImputer,hotencoding=sklearn.preprocessing.data.OneHotEncoder,variencethreshold=sklearn.feature_selection.variance_threshold.VarianceThreshold,clf=sklearn.ensemble.forest.RandomForestClassifier))(1)","0.6952","features:[],dtype:float64""},unknown:""ignore"",values:""auto"",sparse:true,threshold:0.0,bootstrap:true,weight:null,criterion:""gini"",depth:null,features:""auto"",nodes:null,decrease:0.0,split:null,leaf:1,split:2,leaf:0.0,estimators:10,jobs:1,score:false,state:62036,verbose:0,start:false,memory:null,axis:0,features:[],copy:true,empty:0,values:""NaN"",strategy:""mean"",nominal:""most_frequent"",verbose:0,cv:5,score:""raise"",params:null,iid:true,iter:100,jobs:-1,distributions:randint_gen"", ""a"": 1, ""b"": 100000, ""args"": [], ""kwds"": {""low"": 1, ""high"": 100001}}}},dispatch:""2*n_jobs"",state:333412,refit:true,score:""warn"",scoring:null,verbose:1"
"9154823","sklearn.pipeline.Pipeline(imputation=hyperimp.utils.preprocessing.ConditionalImputer2,hotencoding=sklearn.preprocessing.data.OneHotEncoder,variencethreshold=sklearn.feature_selection.variance_threshold.VarianceThreshold,clf=sklearn.ensemble.forest.RandomForestClassifier)(1)","0.6951","features:[],dtype:float64""},unknown:""ignore"",values:""auto"",sparse:true,threshold:0.0,bootstrap:false,weight:null,criterion:""gini"",depth:null,features:09305220669115022,nodes:null,decrease:0.0,split:null,leaf:1,split:2,leaf:0.0,estimators:300,jobs:1,score:false,state:89924,verbose:0,start:false,memory:null,axis:0,features:[],copy:true,empty:0,values:""NaN"",strategy:""mean"",nominal:""most_frequent"",verbose:0"
"9198803","sklearn.model_selection._search.RandomizedSearchCV(estimator=sklearn.pipeline.Pipeline(imputation=hyperimp.utils.preprocessing.ConditionalImputer,hotencoding=sklearn.preprocessing.data.OneHotEncoder,variencethreshold=sklearn.feature_selection.variance_threshold.VarianceThreshold,clf=sklearn.ensemble.forest.RandomForestClassifier))(1)","0.6949","features:[],dtype:float64""},unknown:""ignore"",values:""auto"",sparse:true,threshold:0.0,bootstrap:true,weight:null,criterion:""gini"",depth:null,features:""auto"",nodes:null,decrease:0.0,split:null,leaf:1,split:2,leaf:0.0,estimators:10,jobs:1,score:false,state:18790,verbose:0,start:false,memory:null,axis:0,features:[],copy:true,empty:0,values:""NaN"",strategy:""mean"",nominal:""most_frequent"",verbose:0,cv:5,score:""raise"",params:null,iid:true,iter:100,jobs:-1,distributions:randint_gen"", ""a"": 1, ""b"": 100000, ""args"": [], ""kwds"": {""low"": 1, ""high"": 100001}}}},dispatch:""2*n_jobs"",state:979806,refit:true,score:""warn"",scoring:null,verbose:1"
"6023314","sklearn.pipeline.Pipeline(imputation=openmlstudy14.preprocessing.ConditionalImputer,hotencoding=sklearn.preprocessing.data.OneHotEncoder,variencethreshold=sklearn.feature_selection.variance_threshold.VarianceThreshold,classifier=sklearn.ensemble.forest.RandomForestClassifier)(1)","0.6948","bootstrap:false,weight:null,criterion:""entropy"",depth:null,features:144503131360588,nodes:null,split:1e-07,leaf:1,split:5,leaf:0.0,estimators:100,jobs:1,score:false,state:50077,verbose:0,start:false,axis:0,features:[],copy:true,empty:0,values:""NaN"",strategy:""median"",nominal:""most_frequent"",verbose:0,features:[],dtype:float64""},unknown:""ignore"",values:""auto"",sparse:false,threshold:0.0"
"9193590","sklearn.model_selection._search.RandomizedSearchCV(estimator=sklearn.pipeline.Pipeline(imputation=hyperimp.utils.preprocessing.ConditionalImputer,hotencoding=sklearn.preprocessing.data.OneHotEncoder,variencethreshold=sklearn.feature_selection.variance_threshold.VarianceThreshold,clf=sklearn.ensemble.forest.RandomForestClassifier))(1)","0.6946","features:[],dtype:float64""},unknown:""ignore"",values:""auto"",sparse:true,threshold:0.0,bootstrap:true,weight:null,criterion:""gini"",depth:null,features:""auto"",nodes:null,decrease:0.0,split:null,leaf:1,split:2,leaf:0.0,estimators:10,jobs:1,score:false,state:16749,verbose:0,start:false,memory:null,axis:0,features:[],copy:true,empty:0,values:""NaN"",strategy:""mean"",nominal:""most_frequent"",verbose:0,cv:5,score:""raise"",params:null,iid:true,iter:100,jobs:-1,distributions:randint_gen"", ""a"": 1, ""b"": 100000, ""args"": [], ""kwds"": {""low"": 1, ""high"": 100001}}}},dispatch:""2*n_jobs"",state:334195,refit:true,score:""warn"",scoring:null,verbose:1"
"9175066","sklearn.pipeline.Pipeline(imputation=hyperimp.utils.preprocessing.ConditionalImputer2,hotencoding=sklearn.preprocessing.data.OneHotEncoder,variencethreshold=sklearn.feature_selection.variance_threshold.VarianceThreshold,clf=sklearn.ensemble.forest.RandomForestClassifier)(1)","0.6946","features:[],dtype:float64""},unknown:""ignore"",values:""auto"",sparse:true,threshold:0.0,bootstrap:false,weight:null,criterion:""gini"",depth:null,features:32311466699221936,nodes:null,decrease:0.0,split:null,leaf:1,split:7,leaf:0.0,estimators:300,jobs:1,score:false,state:18396,verbose:0,start:false,memory:null,axis:0,features:[],copy:true,empty:0,values:""NaN"",strategy:""mean"",nominal:""most_frequent"",verbose:0"
"9198040","sklearn.model_selection._search.RandomizedSearchCV(estimator=sklearn.pipeline.Pipeline(imputation=hyperimp.utils.preprocessing.ConditionalImputer,hotencoding=sklearn.preprocessing.data.OneHotEncoder,variencethreshold=sklearn.feature_selection.variance_threshold.VarianceThreshold,clf=sklearn.ensemble.forest.RandomForestClassifier))(1)","0.6939","features:[],dtype:float64""},unknown:""ignore"",values:""auto"",sparse:true,threshold:0.0,bootstrap:true,weight:null,criterion:""gini"",depth:null,features:""auto"",nodes:null,decrease:0.0,split:null,leaf:1,split:2,leaf:0.0,estimators:10,jobs:1,score:false,state:7317,verbose:0,start:false,memory:null,axis:0,features:[],copy:true,empty:0,values:""NaN"",strategy:""mean"",nominal:""most_frequent"",verbose:0,cv:5,score:""raise"",params:null,iid:true,iter:100,jobs:-1,distributions:randint_gen"", ""a"": 1, ""b"": 100000, ""args"": [], ""kwds"": {""low"": 1, ""high"": 100001}}}},dispatch:""2*n_jobs"",state:786801,refit:true,score:""warn"",scoring:null,verbose:1"
"10028561","sklearn.pipeline.Pipeline(columntransformer=sklearn.compose._column_transformer.ColumnTransformer(numeric=sklearn.pipeline.Pipeline(imputer=sklearn.preprocessing.imputation.Imputer,standardscaler=sklearn.preprocessing.data.StandardScaler),nominal=sklearn.pipeline.Pipeline(simpleimputer=sklearn.impute.SimpleImputer,onehotencoder=sklearn.preprocessing._encoders.OneHotEncoder)),variancethreshold=sklearn.feature_selection.variance_threshold.VarianceThreshold,randomforestclassifier=sklearn.ensemble.forest.RandomForestClassifier)(2)","0.6938","jobs:null,remainder:""passthrough"",threshold:0.3,weights:null,memory:null,axis:0,copy:true,values:""NaN"",strategy:""median"",verbose:0,copy:true,mean:true,std:true,memory:null,copy:true,value:-1,values:NaN,strategy:""constant"",verbose:0,features:null,categories:null,dtype:float64""},unknown:""ignore"",values:null,sparse:true,threshold:0.0,memory:null,bootstrap:false,weight:null,criterion:""entropy"",depth:null,features:33144530791585236,nodes:null,decrease:0.0,split:null,leaf:3,split:4,leaf:0.0,estimators:100,jobs:null,score:false,state:35429,verbose:0,start:false"
"9193414","sklearn.model_selection._search.RandomizedSearchCV(estimator=sklearn.pipeline.Pipeline(imputation=hyperimp.utils.preprocessing.ConditionalImputer,hotencoding=sklearn.preprocessing.data.OneHotEncoder,variencethreshold=sklearn.feature_selection.variance_threshold.VarianceThreshold,clf=sklearn.ensemble.forest.RandomForestClassifier))(1)","0.6937","features:[],dtype:float64""},unknown:""ignore"",values:""auto"",sparse:true,threshold:0.0,bootstrap:true,weight:null,criterion:""gini"",depth:null,features:""auto"",nodes:null,decrease:0.0,split:null,leaf:1,split:2,leaf:0.0,estimators:10,jobs:1,score:false,state:23444,verbose:0,start:false,memory:null,axis:0,features:[],copy:true,empty:0,values:""NaN"",strategy:""mean"",nominal:""most_frequent"",verbose:0,cv:5,score:""raise"",params:null,iid:true,iter:100,jobs:-1,distributions:randint_gen"", ""a"": 1, ""b"": 100000, ""args"": [], ""kwds"": {""low"": 1, ""high"": 100001}}}},dispatch:""2*n_jobs"",state:334195,refit:true,score:""warn"",scoring:null,verbose:1"
"9193871","sklearn.model_selection._search.RandomizedSearchCV(estimator=sklearn.pipeline.Pipeline(imputation=hyperimp.utils.preprocessing.ConditionalImputer,hotencoding=sklearn.preprocessing.data.OneHotEncoder,variencethreshold=sklearn.feature_selection.variance_threshold.VarianceThreshold,clf=sklearn.ensemble.forest.RandomForestClassifier))(1)","0.6937","features:[],dtype:float64""},unknown:""ignore"",values:""auto"",sparse:true,threshold:0.0,bootstrap:true,weight:null,criterion:""gini"",depth:null,features:""auto"",nodes:null,decrease:0.0,split:null,leaf:1,split:2,leaf:0.0,estimators:10,jobs:1,score:false,state:57248,verbose:0,start:false,memory:null,axis:0,features:[],copy:true,empty:0,values:""NaN"",strategy:""mean"",nominal:""most_frequent"",verbose:0,cv:5,score:""raise"",params:null,iid:true,iter:100,jobs:-1,distributions:randint_gen"", ""a"": 1, ""b"": 100000, ""args"": [], ""kwds"": {""low"": 1, ""high"": 100001}}}},dispatch:""2*n_jobs"",state:334195,refit:true,score:""warn"",scoring:null,verbose:1"
"9178337","sklearn.pipeline.Pipeline(imputation=hyperimp.utils.preprocessing.ConditionalImputer2,hotencoding=sklearn.preprocessing.data.OneHotEncoder,variencethreshold=sklearn.feature_selection.variance_threshold.VarianceThreshold,clf=sklearn.ensemble.forest.RandomForestClassifier)(1)","0.6937","features:[],dtype:float64""},unknown:""ignore"",values:""auto"",sparse:true,threshold:0.0,bootstrap:false,weight:null,criterion:""entropy"",depth:null,features:15853708482574314,nodes:null,decrease:0.0,split:null,leaf:3,split:5,leaf:0.0,estimators:300,jobs:1,score:false,state:10170,verbose:0,start:false,memory:null,axis:0,features:[],copy:true,empty:0,values:""NaN"",strategy:""mean"",nominal:""most_frequent"",verbose:0"
"9185108","sklearn.pipeline.Pipeline(imputation=hyperimp.utils.preprocessing.ConditionalImputer2,hotencoding=sklearn.preprocessing.data.OneHotEncoder,variencethreshold=sklearn.feature_selection.variance_threshold.VarianceThreshold,clf=sklearn.ensemble.forest.RandomForestClassifier)(1)","0.6935","features:[],dtype:float64""},unknown:""ignore"",values:""auto"",sparse:true,threshold:0.0,bootstrap:false,weight:null,criterion:""gini"",depth:null,features:5521222763674021,nodes:null,decrease:0.0,split:null,leaf:2,split:3,leaf:0.0,estimators:300,jobs:1,score:false,state:57276,verbose:0,start:false,memory:null,axis:0,features:[],copy:true,empty:0,values:""NaN"",strategy:""mean"",nominal:""most_frequent"",verbose:0"
"9193241","sklearn.model_selection._search.RandomizedSearchCV(estimator=sklearn.pipeline.Pipeline(imputation=hyperimp.utils.preprocessing.ConditionalImputer,hotencoding=sklearn.preprocessing.data.OneHotEncoder,variencethreshold=sklearn.feature_selection.variance_threshold.VarianceThreshold,clf=sklearn.ensemble.forest.RandomForestClassifier))(1)","0.6934","features:[],dtype:float64""},unknown:""ignore"",values:""auto"",sparse:true,threshold:0.0,bootstrap:true,weight:null,criterion:""gini"",depth:null,features:""auto"",nodes:null,decrease:0.0,split:null,leaf:1,split:2,leaf:0.0,estimators:10,jobs:1,score:false,state:21175,verbose:0,start:false,memory:null,axis:0,features:[],copy:true,empty:0,values:""NaN"",strategy:""mean"",nominal:""most_frequent"",verbose:0,cv:5,score:""raise"",params:null,iid:true,iter:100,jobs:-1,distributions:randint_gen"", ""a"": 1, ""b"": 100000, ""args"": [], ""kwds"": {""low"": 1, ""high"": 100001}}}},dispatch:""2*n_jobs"",state:334195,refit:true,score:""warn"",scoring:null,verbose:1"
"6009885","sklearn.pipeline.Pipeline(imputation=openmlstudy14.preprocessing.ConditionalImputer,hotencoding=sklearn.preprocessing.data.OneHotEncoder,variencethreshold=sklearn.feature_selection.variance_threshold.VarianceThreshold,classifier=sklearn.ensemble.forest.RandomForestClassifier)(1)","0.6934","bootstrap:false,weight:null,criterion:""entropy"",depth:null,features:24793099722680562,nodes:null,split:1e-07,leaf:1,split:8,leaf:0.0,estimators:100,jobs:1,score:false,state:44266,verbose:0,start:false,axis:0,features:[],copy:true,empty:0,values:""NaN"",strategy:""mean"",nominal:""most_frequent"",verbose:0,features:[],dtype:float64""},unknown:""ignore"",values:""auto"",sparse:false,threshold:0.0"
"6020473","sklearn.pipeline.Pipeline(imputation=openmlstudy14.preprocessing.ConditionalImputer,hotencoding=sklearn.preprocessing.data.OneHotEncoder,variencethreshold=sklearn.feature_selection.variance_threshold.VarianceThreshold,classifier=sklearn.ensemble.weight_boosting.AdaBoostClassifier(base_estimator=sklearn.tree.tree.DecisionTreeClassifier))(1)","0.6933","weight:null,criterion:""gini"",depth:9,features:null,nodes:null,split:1e-07,leaf:1,split:2,leaf:0.0,presort:false,state:38157,splitter:""best"",axis:0,features:[],copy:true,empty:0,values:""NaN"",strategy:""median"",nominal:""most_frequent"",verbose:0,features:[],dtype:float64""},unknown:""ignore"",values:""auto"",sparse:false,threshold:0.0,algorithm:""SAMME"",rate:07499082541534748,estimators:337,state:46653"
"9198220","sklearn.model_selection._search.RandomizedSearchCV(estimator=sklearn.pipeline.Pipeline(imputation=hyperimp.utils.preprocessing.ConditionalImputer,hotencoding=sklearn.preprocessing.data.OneHotEncoder,variencethreshold=sklearn.feature_selection.variance_threshold.VarianceThreshold,clf=sklearn.ensemble.forest.RandomForestClassifier))(1)","0.6932","features:[],dtype:float64""},unknown:""ignore"",values:""auto"",sparse:true,threshold:0.0,bootstrap:true,weight:null,criterion:""gini"",depth:null,features:""auto"",nodes:null,decrease:0.0,split:null,leaf:1,split:2,leaf:0.0,estimators:10,jobs:1,score:false,state:19106,verbose:0,start:false,memory:null,axis:0,features:[],copy:true,empty:0,values:""NaN"",strategy:""mean"",nominal:""most_frequent"",verbose:0,cv:5,score:""raise"",params:null,iid:true,iter:100,jobs:-1,distributions:randint_gen"", ""a"": 1, ""b"": 100000, ""args"": [], ""kwds"": {""low"": 1, ""high"": 100001}}}},dispatch:""2*n_jobs"",state:786801,refit:true,score:""warn"",scoring:null,verbose:1"
"9060257","sklearn.pipeline.Pipeline(imputation=hyperimp.utils.preprocessing.ConditionalImputer,hotencoding=sklearn.preprocessing.data.OneHotEncoder,variencethreshold=sklearn.feature_selection.variance_threshold.VarianceThreshold,clf=sklearn.ensemble.forest.RandomForestClassifier)(1)","0.6931","features:[],dtype:float64""},unknown:""ignore"",values:""auto"",sparse:true,threshold:0.0,bootstrap:false,weight:null,criterion:""entropy"",depth:null,features:5747369887798061,nodes:null,decrease:0.0,split:null,leaf:3,split:6,leaf:0.0,estimators:500,jobs:1,score:false,state:1,verbose:0,start:false,memory:null,axis:0,features:[],copy:true,empty:0,values:""NaN"",strategy:""mean"",nominal:""most_frequent"",verbose:0"
"9197387","sklearn.model_selection._search.RandomizedSearchCV(estimator=sklearn.pipeline.Pipeline(imputation=hyperimp.utils.preprocessing.ConditionalImputer,hotencoding=sklearn.preprocessing.data.OneHotEncoder,variencethreshold=sklearn.feature_selection.variance_threshold.VarianceThreshold,clf=sklearn.ensemble.forest.RandomForestClassifier))(1)","0.693","features:[],dtype:float64""},unknown:""ignore"",values:""auto"",sparse:true,threshold:0.0,bootstrap:true,weight:null,criterion:""gini"",depth:null,features:""auto"",nodes:null,decrease:0.0,split:null,leaf:1,split:2,leaf:0.0,estimators:10,jobs:1,score:false,state:50062,verbose:0,start:false,memory:null,axis:0,features:[],copy:true,empty:0,values:""NaN"",strategy:""mean"",nominal:""most_frequent"",verbose:0,cv:5,score:""raise"",params:null,iid:true,iter:100,jobs:-1,distributions:randint_gen"", ""a"": 1, ""b"": 100000, ""args"": [], ""kwds"": {""low"": 1, ""high"": 100001}}}},dispatch:""2*n_jobs"",state:786801,refit:true,score:""warn"",scoring:null,verbose:1"
"5978353","sklearn.pipeline.Pipeline(imputation=openmlstudy14.preprocessing.ConditionalImputer,hotencoding=sklearn.preprocessing.data.OneHotEncoder,variencethreshold=sklearn.feature_selection.variance_threshold.VarianceThreshold,classifier=sklearn.ensemble.forest.RandomForestClassifier)(1)","0.693","bootstrap:false,weight:null,criterion:""entropy"",depth:null,features:44718138618043,nodes:null,split:1e-07,leaf:3,split:5,leaf:0.0,estimators:100,jobs:1,score:false,state:23364,verbose:0,start:false,axis:0,features:[],copy:true,empty:0,values:""NaN"",strategy:""most_frequent"",nominal:""most_frequent"",verbose:0,features:[],dtype:float64""},unknown:""ignore"",values:""auto"",sparse:false,threshold:0.0"
"10039095","sklearn.pipeline.Pipeline(columntransformer=sklearn.compose._column_transformer.ColumnTransformer(numeric=sklearn.pipeline.Pipeline(imputer=sklearn.preprocessing.imputation.Imputer,standardscaler=sklearn.preprocessing.data.StandardScaler),nominal=sklearn.pipeline.Pipeline(simpleimputer=sklearn.impute.SimpleImputer,onehotencoder=sklearn.preprocessing._encoders.OneHotEncoder)),variancethreshold=sklearn.feature_selection.variance_threshold.VarianceThreshold,randomforestclassifier=sklearn.ensemble.forest.RandomForestClassifier)(2)","0.693","jobs:null,remainder:""passthrough"",threshold:0.3,weights:null,memory:null,axis:0,copy:true,values:""NaN"",strategy:""most_frequent"",verbose:0,copy:true,mean:true,std:true,memory:null,copy:true,value:-1,values:NaN,strategy:""constant"",verbose:0,features:null,categories:null,dtype:float64""},unknown:""ignore"",values:null,sparse:true,threshold:0.0,memory:null,bootstrap:false,weight:null,criterion:""gini"",depth:null,features:4498177901354923,nodes:null,decrease:0.0,split:null,leaf:1,split:4,leaf:0.0,estimators:100,jobs:null,score:false,state:25569,verbose:0,start:false"
"9173354","sklearn.pipeline.Pipeline(imputation=hyperimp.utils.preprocessing.ConditionalImputer2,hotencoding=sklearn.preprocessing.data.OneHotEncoder,variencethreshold=sklearn.feature_selection.variance_threshold.VarianceThreshold,clf=sklearn.ensemble.forest.RandomForestClassifier)(1)","0.6929","features:[],dtype:float64""},unknown:""ignore"",values:""auto"",sparse:true,threshold:0.0,bootstrap:false,weight:null,criterion:""entropy"",depth:null,features:6129072280775821,nodes:null,decrease:0.0,split:null,leaf:2,split:7,leaf:0.0,estimators:300,jobs:1,score:false,state:77192,verbose:0,start:false,memory:null,axis:0,features:[],copy:true,empty:0,values:""NaN"",strategy:""mean"",nominal:""most_frequent"",verbose:0"
"9185265","sklearn.pipeline.Pipeline(imputation=hyperimp.utils.preprocessing.ConditionalImputer2,hotencoding=sklearn.preprocessing.data.OneHotEncoder,variencethreshold=sklearn.feature_selection.variance_threshold.VarianceThreshold,clf=sklearn.ensemble.forest.RandomForestClassifier)(1)","0.6927","features:[],dtype:float64""},unknown:""ignore"",values:""auto"",sparse:true,threshold:0.0,bootstrap:false,weight:null,criterion:""entropy"",depth:null,features:5988981713275291,nodes:null,decrease:0.0,split:null,leaf:3,split:2,leaf:0.0,estimators:300,jobs:1,score:false,state:8693,verbose:0,start:false,memory:null,axis:0,features:[],copy:true,empty:0,values:""NaN"",strategy:""mean"",nominal:""most_frequent"",verbose:0"
"9160360","sklearn.pipeline.Pipeline(imputation=hyperimp.utils.preprocessing.ConditionalImputer2,hotencoding=sklearn.preprocessing.data.OneHotEncoder,variencethreshold=sklearn.feature_selection.variance_threshold.VarianceThreshold,clf=sklearn.ensemble.forest.RandomForestClassifier)(1)","0.6927","features:[],dtype:float64""},unknown:""ignore"",values:""auto"",sparse:true,threshold:0.0,bootstrap:false,weight:null,criterion:""gini"",depth:null,features:4697797684209749,nodes:null,decrease:0.0,split:null,leaf:2,split:3,leaf:0.0,estimators:300,jobs:1,score:false,state:60199,verbose:0,start:false,memory:null,axis:0,features:[],copy:true,empty:0,values:""NaN"",strategy:""mean"",nominal:""most_frequent"",verbose:0"
"9171502","sklearn.pipeline.Pipeline(imputation=hyperimp.utils.preprocessing.ConditionalImputer2,hotencoding=sklearn.preprocessing.data.OneHotEncoder,variencethreshold=sklearn.feature_selection.variance_threshold.VarianceThreshold,clf=sklearn.ensemble.forest.RandomForestClassifier)(1)","0.6926","features:[],dtype:float64""},unknown:""ignore"",values:""auto"",sparse:true,threshold:0.0,bootstrap:false,weight:null,criterion:""entropy"",depth:null,features:47882243536215974,nodes:null,decrease:0.0,split:null,leaf:3,split:8,leaf:0.0,estimators:300,jobs:1,score:false,state:81487,verbose:0,start:false,memory:null,axis:0,features:[],copy:true,empty:0,values:""NaN"",strategy:""mean"",nominal:""most_frequent"",verbose:0"
"9031038","sklearn.pipeline.Pipeline(imputation=hyperimp.utils.preprocessing.ConditionalImputer,hotencoding=sklearn.preprocessing.data.OneHotEncoder,variencethreshold=sklearn.feature_selection.variance_threshold.VarianceThreshold,clf=sklearn.ensemble.forest.RandomForestClassifier)(1)","0.6926","features:[],dtype:float64""},unknown:""ignore"",values:""auto"",sparse:true,threshold:0.0,bootstrap:false,weight:null,criterion:""gini"",depth:null,features:3957543759172726,nodes:null,decrease:0.0,split:null,leaf:1,split:7,leaf:0.0,estimators:500,jobs:1,score:false,state:1,verbose:0,start:false,memory:null,axis:0,features:[],copy:true,empty:0,values:""NaN"",strategy:""mean"",nominal:""most_frequent"",verbose:0"
"9198259","sklearn.model_selection._search.RandomizedSearchCV(estimator=sklearn.pipeline.Pipeline(imputation=hyperimp.utils.preprocessing.ConditionalImputer,hotencoding=sklearn.preprocessing.data.OneHotEncoder,variencethreshold=sklearn.feature_selection.variance_threshold.VarianceThreshold,clf=sklearn.ensemble.forest.RandomForestClassifier))(1)","0.6925","features:[],dtype:float64""},unknown:""ignore"",values:""auto"",sparse:true,threshold:0.0,bootstrap:true,weight:null,criterion:""gini"",depth:null,features:""auto"",nodes:null,decrease:0.0,split:null,leaf:1,split:2,leaf:0.0,estimators:10,jobs:1,score:false,state:15657,verbose:0,start:false,memory:null,axis:0,features:[],copy:true,empty:0,values:""NaN"",strategy:""mean"",nominal:""most_frequent"",verbose:0,cv:5,score:""raise"",params:null,iid:true,iter:100,jobs:-1,distributions:randint_gen"", ""a"": 1, ""b"": 100000, ""args"": [], ""kwds"": {""low"": 1, ""high"": 100001}}}},dispatch:""2*n_jobs"",state:3645,refit:true,score:""warn"",scoring:null,verbose:1"
"9184674","sklearn.pipeline.Pipeline(imputation=hyperimp.utils.preprocessing.ConditionalImputer2,hotencoding=sklearn.preprocessing.data.OneHotEncoder,variencethreshold=sklearn.feature_selection.variance_threshold.VarianceThreshold,clf=sklearn.ensemble.forest.RandomForestClassifier)(1)","0.6925","features:[],dtype:float64""},unknown:""ignore"",values:""auto"",sparse:true,threshold:0.0,bootstrap:false,weight:null,criterion:""entropy"",depth:null,features:3678148815163108,nodes:null,decrease:0.0,split:null,leaf:2,split:10,leaf:0.0,estimators:300,jobs:1,score:false,state:98658,verbose:0,start:false,memory:null,axis:0,features:[],copy:true,empty:0,values:""NaN"",strategy:""mean"",nominal:""most_frequent"",verbose:0"
"5979047","sklearn.pipeline.Pipeline(imputation=openmlstudy14.preprocessing.ConditionalImputer,hotencoding=sklearn.preprocessing.data.OneHotEncoder,variencethreshold=sklearn.feature_selection.variance_threshold.VarianceThreshold,classifier=sklearn.ensemble.forest.RandomForestClassifier)(1)","0.6924","bootstrap:false,weight:null,criterion:""entropy"",depth:null,features:1382918678050852,nodes:null,split:1e-07,leaf:2,split:3,leaf:0.0,estimators:100,jobs:1,score:false,state:41761,verbose:0,start:false,axis:0,features:[],copy:true,empty:0,values:""NaN"",strategy:""most_frequent"",nominal:""most_frequent"",verbose:0,features:[],dtype:float64""},unknown:""ignore"",values:""auto"",sparse:false,threshold:0.0"
"10016552","sklearn.pipeline.Pipeline(columntransformer=sklearn.compose._column_transformer.ColumnTransformer(numeric=sklearn.pipeline.Pipeline(imputer=sklearn.preprocessing.imputation.Imputer,standardscaler=sklearn.preprocessing.data.StandardScaler),nominal=sklearn.pipeline.Pipeline(simpleimputer=sklearn.impute.SimpleImputer,onehotencoder=sklearn.preprocessing._encoders.OneHotEncoder)),variancethreshold=sklearn.feature_selection.variance_threshold.VarianceThreshold,randomforestclassifier=sklearn.ensemble.forest.RandomForestClassifier)(2)","0.6922","jobs:null,remainder:""passthrough"",threshold:0.3,weights:null,memory:null,axis:0,copy:true,values:""NaN"",strategy:""median"",verbose:0,copy:true,mean:true,std:true,memory:null,copy:true,value:-1,values:NaN,strategy:""constant"",verbose:0,features:null,categories:null,dtype:float64""},unknown:""ignore"",values:null,sparse:true,threshold:0.0,memory:null,bootstrap:false,weight:null,criterion:""entropy"",depth:null,features:21726014835947094,nodes:null,decrease:0.0,split:null,leaf:2,split:7,leaf:0.0,estimators:100,jobs:null,score:false,state:2472,verbose:0,start:false"
"6003722","sklearn.pipeline.Pipeline(imputation=openmlstudy14.preprocessing.ConditionalImputer,hotencoding=sklearn.preprocessing.data.OneHotEncoder,variencethreshold=sklearn.feature_selection.variance_threshold.VarianceThreshold,classifier=sklearn.ensemble.forest.RandomForestClassifier)(1)","0.6919","bootstrap:false,weight:null,criterion:""entropy"",depth:null,features:12580360769885346,nodes:null,split:1e-07,leaf:2,split:5,leaf:0.0,estimators:100,jobs:1,score:false,state:40351,verbose:0,start:false,axis:0,features:[],copy:true,empty:0,values:""NaN"",strategy:""mean"",nominal:""most_frequent"",verbose:0,features:[],dtype:float64""},unknown:""ignore"",values:""auto"",sparse:false,threshold:0.0"
"9199642","sklearn.model_selection._search.RandomizedSearchCV(estimator=sklearn.pipeline.Pipeline(imputation=hyperimp.utils.preprocessing.ConditionalImputer,hotencoding=sklearn.preprocessing.data.OneHotEncoder,variencethreshold=sklearn.feature_selection.variance_threshold.VarianceThreshold,clf=sklearn.ensemble.forest.RandomForestClassifier))(1)","0.6916","features:[],dtype:float64""},unknown:""ignore"",values:""auto"",sparse:true,threshold:0.0,bootstrap:true,weight:null,criterion:""gini"",depth:null,features:""auto"",nodes:null,decrease:0.0,split:null,leaf:1,split:2,leaf:0.0,estimators:10,jobs:1,score:false,state:10090,verbose:0,start:false,memory:null,axis:0,features:[],copy:true,empty:0,values:""NaN"",strategy:""mean"",nominal:""most_frequent"",verbose:0,cv:5,score:""raise"",params:null,iid:true,iter:100,jobs:-1,distributions:randint_gen"", ""a"": 1, ""b"": 100000, ""args"": [], ""kwds"": {""low"": 1, ""high"": 100001}}}},dispatch:""2*n_jobs"",state:979806,refit:true,score:""warn"",scoring:null,verbose:1"
"9197890","sklearn.model_selection._search.RandomizedSearchCV(estimator=sklearn.pipeline.Pipeline(imputation=hyperimp.utils.preprocessing.ConditionalImputer,hotencoding=sklearn.preprocessing.data.OneHotEncoder,variencethreshold=sklearn.feature_selection.variance_threshold.VarianceThreshold,clf=sklearn.ensemble.forest.RandomForestClassifier))(1)","0.6916","features:[],dtype:float64""},unknown:""ignore"",values:""auto"",sparse:true,threshold:0.0,bootstrap:true,weight:null,criterion:""gini"",depth:null,features:""auto"",nodes:null,decrease:0.0,split:null,leaf:1,split:2,leaf:0.0,estimators:10,jobs:1,score:false,state:55170,verbose:0,start:false,memory:null,axis:0,features:[],copy:true,empty:0,values:""NaN"",strategy:""mean"",nominal:""most_frequent"",verbose:0,cv:5,score:""raise"",params:null,iid:true,iter:100,jobs:-1,distributions:randint_gen"", ""a"": 1, ""b"": 100000, ""args"": [], ""kwds"": {""low"": 1, ""high"": 100001}}}},dispatch:""2*n_jobs"",state:979806,refit:true,score:""warn"",scoring:null,verbose:1"
"6015348","sklearn.pipeline.Pipeline(imputation=openmlstudy14.preprocessing.ConditionalImputer,hotencoding=sklearn.preprocessing.data.OneHotEncoder,variencethreshold=sklearn.feature_selection.variance_threshold.VarianceThreshold,classifier=sklearn.ensemble.weight_boosting.AdaBoostClassifier(base_estimator=sklearn.tree.tree.DecisionTreeClassifier))(1)","0.6914","weight:null,criterion:""gini"",depth:9,features:null,nodes:null,split:1e-07,leaf:1,split:2,leaf:0.0,presort:false,state:36751,splitter:""best"",axis:0,features:[],copy:true,empty:0,values:""NaN"",strategy:""mean"",nominal:""most_frequent"",verbose:0,features:[],dtype:float64""},unknown:""ignore"",values:""auto"",sparse:false,threshold:0.0,algorithm:""SAMME"",rate:062094889958023106,estimators:377,state:55820"
"9174223","sklearn.pipeline.Pipeline(imputation=hyperimp.utils.preprocessing.ConditionalImputer2,hotencoding=sklearn.preprocessing.data.OneHotEncoder,variencethreshold=sklearn.feature_selection.variance_threshold.VarianceThreshold,clf=sklearn.ensemble.forest.RandomForestClassifier)(1)","0.6913","features:[],dtype:float64""},unknown:""ignore"",values:""auto"",sparse:true,threshold:0.0,bootstrap:false,weight:null,criterion:""entropy"",depth:null,features:4423308072842429,nodes:null,decrease:0.0,split:null,leaf:3,split:9,leaf:0.0,estimators:300,jobs:1,score:false,state:36751,verbose:0,start:false,memory:null,axis:0,features:[],copy:true,empty:0,values:""NaN"",strategy:""mean"",nominal:""most_frequent"",verbose:0"
"5965879","sklearn.pipeline.Pipeline(imputation=openmlstudy14.preprocessing.ConditionalImputer,hotencoding=sklearn.preprocessing.data.OneHotEncoder,variencethreshold=sklearn.feature_selection.variance_threshold.VarianceThreshold,classifier=sklearn.ensemble.weight_boosting.AdaBoostClassifier(base_estimator=sklearn.tree.tree.DecisionTreeClassifier))(1)","0.6911","weight:null,criterion:""gini"",depth:10,features:null,nodes:null,split:1e-07,leaf:1,split:2,leaf:0.0,presort:false,state:1812,splitter:""best"",axis:0,features:[],copy:true,empty:0,values:""NaN"",strategy:""most_frequent"",nominal:""most_frequent"",verbose:0,features:[],dtype:float64""},unknown:""ignore"",values:""auto"",sparse:false,threshold:0.0,algorithm:""SAMME"",rate:04493502390382773,estimators:281,state:40373"
"5993571","sklearn.pipeline.Pipeline(imputation=openmlstudy14.preprocessing.ConditionalImputer,hotencoding=sklearn.preprocessing.data.OneHotEncoder,variencethreshold=sklearn.feature_selection.variance_threshold.VarianceThreshold,classifier=sklearn.ensemble.forest.RandomForestClassifier)(1)","0.6909","bootstrap:false,weight:null,criterion:""gini"",depth:null,features:175499714531877,nodes:null,split:1e-07,leaf:2,split:5,leaf:0.0,estimators:100,jobs:1,score:false,state:50723,verbose:0,start:false,axis:0,features:[],copy:true,empty:0,values:""NaN"",strategy:""mean"",nominal:""most_frequent"",verbose:0,features:[],dtype:float64""},unknown:""ignore"",values:""auto"",sparse:false,threshold:0.0"
"5976491","sklearn.pipeline.Pipeline(imputation=openmlstudy14.preprocessing.ConditionalImputer,hotencoding=sklearn.preprocessing.data.OneHotEncoder,variencethreshold=sklearn.feature_selection.variance_threshold.VarianceThreshold,classifier=sklearn.ensemble.weight_boosting.AdaBoostClassifier(base_estimator=sklearn.tree.tree.DecisionTreeClassifier))(1)","0.6908","weight:null,criterion:""gini"",depth:8,features:null,nodes:null,split:1e-07,leaf:1,split:2,leaf:0.0,presort:false,state:40420,splitter:""best"",axis:0,features:[],copy:true,empty:0,values:""NaN"",strategy:""mean"",nominal:""most_frequent"",verbose:0,features:[],dtype:float64""},unknown:""ignore"",values:""auto"",sparse:false,threshold:0.0,algorithm:""SAMME"",rate:2185461503145498,estimators:397,state:19858"
"5975150","sklearn.pipeline.Pipeline(imputation=openmlstudy14.preprocessing.ConditionalImputer,hotencoding=sklearn.preprocessing.data.OneHotEncoder,variencethreshold=sklearn.feature_selection.variance_threshold.VarianceThreshold,classifier=sklearn.ensemble.forest.RandomForestClassifier)(1)","0.6907","bootstrap:false,weight:null,criterion:""gini"",depth:null,features:13777475278796328,nodes:null,split:1e-07,leaf:1,split:6,leaf:0.0,estimators:100,jobs:1,score:false,state:6386,verbose:0,start:false,axis:0,features:[],copy:true,empty:0,values:""NaN"",strategy:""most_frequent"",nominal:""most_frequent"",verbose:0,features:[],dtype:float64""},unknown:""ignore"",values:""auto"",sparse:false,threshold:0.0"
"6019218","sklearn.pipeline.Pipeline(imputation=openmlstudy14.preprocessing.ConditionalImputer,hotencoding=sklearn.preprocessing.data.OneHotEncoder,variencethreshold=sklearn.feature_selection.variance_threshold.VarianceThreshold,classifier=sklearn.ensemble.forest.RandomForestClassifier)(1)","0.6905","bootstrap:false,weight:null,criterion:""entropy"",depth:null,features:1949752013642356,nodes:null,split:1e-07,leaf:1,split:9,leaf:0.0,estimators:100,jobs:1,score:false,state:39080,verbose:0,start:false,axis:0,features:[],copy:true,empty:0,values:""NaN"",strategy:""median"",nominal:""most_frequent"",verbose:0,features:[],dtype:float64""},unknown:""ignore"",values:""auto"",sparse:false,threshold:0.0"
"9184801","sklearn.pipeline.Pipeline(imputation=hyperimp.utils.preprocessing.ConditionalImputer2,hotencoding=sklearn.preprocessing.data.OneHotEncoder,variencethreshold=sklearn.feature_selection.variance_threshold.VarianceThreshold,clf=sklearn.ensemble.forest.RandomForestClassifier)(1)","0.6904","features:[],dtype:float64""},unknown:""ignore"",values:""auto"",sparse:true,threshold:0.0,bootstrap:false,weight:null,criterion:""gini"",depth:null,features:37662890956869033,nodes:null,decrease:0.0,split:null,leaf:1,split:9,leaf:0.0,estimators:300,jobs:1,score:false,state:27468,verbose:0,start:false,memory:null,axis:0,features:[],copy:true,empty:0,values:""NaN"",strategy:""mean"",nominal:""most_frequent"",verbose:0"
"9198112","sklearn.model_selection._search.RandomizedSearchCV(estimator=sklearn.pipeline.Pipeline(imputation=hyperimp.utils.preprocessing.ConditionalImputer,hotencoding=sklearn.preprocessing.data.OneHotEncoder,variencethreshold=sklearn.feature_selection.variance_threshold.VarianceThreshold,clf=sklearn.ensemble.forest.RandomForestClassifier))(1)","0.6901","features:[],dtype:float64""},unknown:""ignore"",values:""auto"",sparse:true,threshold:0.0,bootstrap:true,weight:null,criterion:""gini"",depth:null,features:""auto"",nodes:null,decrease:0.0,split:null,leaf:1,split:2,leaf:0.0,estimators:10,jobs:1,score:false,state:52020,verbose:0,start:false,memory:null,axis:0,features:[],copy:true,empty:0,values:""NaN"",strategy:""mean"",nominal:""most_frequent"",verbose:0,cv:5,score:""raise"",params:null,iid:true,iter:100,jobs:-1,distributions:randint_gen"", ""a"": 1, ""b"": 100000, ""args"": [], ""kwds"": {""low"": 1, ""high"": 100001}}}},dispatch:""2*n_jobs"",state:3645,refit:true,score:""warn"",scoring:null,verbose:1"
"9058116","sklearn.pipeline.Pipeline(imputation=hyperimp.utils.preprocessing.ConditionalImputer,hotencoding=sklearn.preprocessing.data.OneHotEncoder,variencethreshold=sklearn.feature_selection.variance_threshold.VarianceThreshold,clf=sklearn.ensemble.forest.RandomForestClassifier)(1)","0.6896","features:[],dtype:float64""},unknown:""ignore"",values:""auto"",sparse:true,threshold:0.0,bootstrap:false,weight:null,criterion:""entropy"",depth:null,features:40297574910106815,nodes:null,decrease:0.0,split:null,leaf:2,split:11,leaf:0.0,estimators:500,jobs:1,score:false,state:1,verbose:0,start:false,memory:null,axis:0,features:[],copy:true,empty:0,values:""NaN"",strategy:""mean"",nominal:""most_frequent"",verbose:0"
"9198061","sklearn.model_selection._search.RandomizedSearchCV(estimator=sklearn.pipeline.Pipeline(imputation=hyperimp.utils.preprocessing.ConditionalImputer,hotencoding=sklearn.preprocessing.data.OneHotEncoder,variencethreshold=sklearn.feature_selection.variance_threshold.VarianceThreshold,clf=sklearn.ensemble.forest.RandomForestClassifier))(1)","0.6895","features:[],dtype:float64""},unknown:""ignore"",values:""auto"",sparse:true,threshold:0.0,bootstrap:true,weight:null,criterion:""gini"",depth:null,features:""auto"",nodes:null,decrease:0.0,split:null,leaf:1,split:2,leaf:0.0,estimators:10,jobs:1,score:false,state:51940,verbose:0,start:false,memory:null,axis:0,features:[],copy:true,empty:0,values:""NaN"",strategy:""mean"",nominal:""most_frequent"",verbose:0,cv:5,score:""raise"",params:null,iid:true,iter:100,jobs:-1,distributions:randint_gen"", ""a"": 1, ""b"": 100000, ""args"": [], ""kwds"": {""low"": 1, ""high"": 100001}}}},dispatch:""2*n_jobs"",state:786801,refit:true,score:""warn"",scoring:null,verbose:1"
"6003323","sklearn.pipeline.Pipeline(imputation=openmlstudy14.preprocessing.ConditionalImputer,hotencoding=sklearn.preprocessing.data.OneHotEncoder,variencethreshold=sklearn.feature_selection.variance_threshold.VarianceThreshold,classifier=sklearn.ensemble.weight_boosting.AdaBoostClassifier(base_estimator=sklearn.tree.tree.DecisionTreeClassifier))(1)","0.6894","weight:null,criterion:""gini"",depth:8,features:null,nodes:null,split:1e-07,leaf:1,split:2,leaf:0.0,presort:false,state:48693,splitter:""best"",axis:0,features:[],copy:true,empty:0,values:""NaN"",strategy:""most_frequent"",nominal:""most_frequent"",verbose:0,features:[],dtype:float64""},unknown:""ignore"",values:""auto"",sparse:false,threshold:0.0,algorithm:""SAMME"",rate:17185479680554264,estimators:350,state:54908"
"9047287","sklearn.pipeline.Pipeline(imputation=hyperimp.utils.preprocessing.ConditionalImputer,hotencoding=sklearn.preprocessing.data.OneHotEncoder,variencethreshold=sklearn.feature_selection.variance_threshold.VarianceThreshold,clf=sklearn.ensemble.forest.RandomForestClassifier)(1)","0.6894","features:[],dtype:float64""},unknown:""ignore"",values:""auto"",sparse:true,threshold:0.0,bootstrap:false,weight:null,criterion:""entropy"",depth:null,features:29141781635243014,nodes:null,decrease:0.0,split:null,leaf:4,split:3,leaf:0.0,estimators:500,jobs:1,score:false,state:1,verbose:0,start:false,memory:null,axis:0,features:[],copy:true,empty:0,values:""NaN"",strategy:""mean"",nominal:""most_frequent"",verbose:0"
"5998935","sklearn.pipeline.Pipeline(imputation=openmlstudy14.preprocessing.ConditionalImputer,hotencoding=sklearn.preprocessing.data.OneHotEncoder,variencethreshold=sklearn.feature_selection.variance_threshold.VarianceThreshold,classifier=sklearn.ensemble.weight_boosting.AdaBoostClassifier(base_estimator=sklearn.tree.tree.DecisionTreeClassifier))(1)","0.6886","weight:null,criterion:""gini"",depth:10,features:null,nodes:null,split:1e-07,leaf:1,split:2,leaf:0.0,presort:false,state:23025,splitter:""best"",axis:0,features:[],copy:true,empty:0,values:""NaN"",strategy:""most_frequent"",nominal:""most_frequent"",verbose:0,features:[],dtype:float64""},unknown:""ignore"",values:""auto"",sparse:false,threshold:0.0,algorithm:""SAMME"",rate:3981504573356514,estimators:422,state:16654"
"9055463","sklearn.pipeline.Pipeline(imputation=hyperimp.utils.preprocessing.ConditionalImputer,hotencoding=sklearn.preprocessing.data.OneHotEncoder,variencethreshold=sklearn.feature_selection.variance_threshold.VarianceThreshold,clf=sklearn.ensemble.forest.RandomForestClassifier)(1)","0.6886","features:[],dtype:float64""},unknown:""ignore"",values:""auto"",sparse:true,threshold:0.0,bootstrap:false,weight:null,criterion:""entropy"",depth:null,features:4964779859225854,nodes:null,decrease:0.0,split:null,leaf:4,split:4,leaf:0.0,estimators:500,jobs:1,score:false,state:1,verbose:0,start:false,memory:null,axis:0,features:[],copy:true,empty:0,values:""NaN"",strategy:""mean"",nominal:""most_frequent"",verbose:0"
"10015581","sklearn.pipeline.Pipeline(columntransformer=sklearn.compose._column_transformer.ColumnTransformer(numeric=sklearn.pipeline.Pipeline(imputer=sklearn.preprocessing.imputation.Imputer,standardscaler=sklearn.preprocessing.data.StandardScaler),nominal=sklearn.pipeline.Pipeline(simpleimputer=sklearn.impute.SimpleImputer,onehotencoder=sklearn.preprocessing._encoders.OneHotEncoder)),variancethreshold=sklearn.feature_selection.variance_threshold.VarianceThreshold,randomforestclassifier=sklearn.ensemble.forest.RandomForestClassifier)(2)","0.6886","jobs:null,remainder:""passthrough"",threshold:0.3,weights:null,memory:null,axis:0,copy:true,values:""NaN"",strategy:""median"",verbose:0,copy:true,mean:true,std:true,memory:null,copy:true,value:-1,values:NaN,strategy:""constant"",verbose:0,features:null,categories:null,dtype:float64""},unknown:""ignore"",values:null,sparse:true,threshold:0.0,memory:null,bootstrap:false,weight:null,criterion:""gini"",depth:null,features:3330263673484941,nodes:null,decrease:0.0,split:null,leaf:2,split:5,leaf:0.0,estimators:100,jobs:null,score:false,state:53885,verbose:0,start:false"
"6010205","sklearn.pipeline.Pipeline(imputation=openmlstudy14.preprocessing.ConditionalImputer,hotencoding=sklearn.preprocessing.data.OneHotEncoder,variencethreshold=sklearn.feature_selection.variance_threshold.VarianceThreshold,classifier=sklearn.ensemble.weight_boosting.AdaBoostClassifier(base_estimator=sklearn.tree.tree.DecisionTreeClassifier))(1)","0.6885","weight:null,criterion:""gini"",depth:10,features:null,nodes:null,split:1e-07,leaf:1,split:2,leaf:0.0,presort:false,state:26227,splitter:""best"",axis:0,features:[],copy:true,empty:0,values:""NaN"",strategy:""mean"",nominal:""most_frequent"",verbose:0,features:[],dtype:float64""},unknown:""ignore"",values:""auto"",sparse:false,threshold:0.0,algorithm:""SAMME"",rate:09175021921139298,estimators:118,state:13432"
"9058509","sklearn.pipeline.Pipeline(imputation=hyperimp.utils.preprocessing.ConditionalImputer,hotencoding=sklearn.preprocessing.data.OneHotEncoder,variencethreshold=sklearn.feature_selection.variance_threshold.VarianceThreshold,clf=sklearn.ensemble.forest.RandomForestClassifier)(1)","0.6883","features:[],dtype:float64""},unknown:""ignore"",values:""auto"",sparse:true,threshold:0.0,bootstrap:false,weight:null,criterion:""entropy"",depth:null,features:2846756956674409,nodes:null,decrease:0.0,split:null,leaf:4,split:10,leaf:0.0,estimators:500,jobs:1,score:false,state:1,verbose:0,start:false,memory:null,axis:0,features:[],copy:true,empty:0,values:""NaN"",strategy:""mean"",nominal:""most_frequent"",verbose:0"
"10017743","sklearn.pipeline.Pipeline(columntransformer=sklearn.compose._column_transformer.ColumnTransformer(numeric=sklearn.pipeline.Pipeline(imputer=sklearn.preprocessing.imputation.Imputer,standardscaler=sklearn.preprocessing.data.StandardScaler),nominal=sklearn.pipeline.Pipeline(simpleimputer=sklearn.impute.SimpleImputer,onehotencoder=sklearn.preprocessing._encoders.OneHotEncoder)),variancethreshold=sklearn.feature_selection.variance_threshold.VarianceThreshold,randomforestclassifier=sklearn.ensemble.forest.RandomForestClassifier)(2)","0.6883","jobs:null,remainder:""passthrough"",threshold:0.3,weights:null,memory:null,axis:0,copy:true,values:""NaN"",strategy:""most_frequent"",verbose:0,copy:true,mean:true,std:true,memory:null,copy:true,value:-1,values:NaN,strategy:""constant"",verbose:0,features:null,categories:null,dtype:float64""},unknown:""ignore"",values:null,sparse:true,threshold:0.0,memory:null,bootstrap:false,weight:null,criterion:""entropy"",depth:null,features:47658602768205605,nodes:null,decrease:0.0,split:null,leaf:3,split:7,leaf:0.0,estimators:100,jobs:null,score:false,state:47265,verbose:0,start:false"
"9184217","sklearn.pipeline.Pipeline(imputation=hyperimp.utils.preprocessing.ConditionalImputer2,hotencoding=sklearn.preprocessing.data.OneHotEncoder,variencethreshold=sklearn.feature_selection.variance_threshold.VarianceThreshold,clf=sklearn.ensemble.forest.RandomForestClassifier)(1)","0.6882","features:[],dtype:float64""},unknown:""ignore"",values:""auto"",sparse:true,threshold:0.0,bootstrap:false,weight:null,criterion:""entropy"",depth:null,features:727428823627907,nodes:null,decrease:0.0,split:null,leaf:2,split:2,leaf:0.0,estimators:300,jobs:1,score:false,state:35743,verbose:0,start:false,memory:null,axis:0,features:[],copy:true,empty:0,values:""NaN"",strategy:""mean"",nominal:""most_frequent"",verbose:0"
"5979909","sklearn.pipeline.Pipeline(imputation=openmlstudy14.preprocessing.ConditionalImputer,hotencoding=sklearn.preprocessing.data.OneHotEncoder,variencethreshold=sklearn.feature_selection.variance_threshold.VarianceThreshold,classifier=sklearn.ensemble.forest.RandomForestClassifier)(1)","0.6881","bootstrap:false,weight:null,criterion:""entropy"",depth:null,features:27094493857228097,nodes:null,split:1e-07,leaf:3,split:9,leaf:0.0,estimators:100,jobs:1,score:false,state:3642,verbose:0,start:false,axis:0,features:[],copy:true,empty:0,values:""NaN"",strategy:""median"",nominal:""most_frequent"",verbose:0,features:[],dtype:float64""},unknown:""ignore"",values:""auto"",sparse:false,threshold:0.0"
"1810801","weka.RandomForest(9)","0.6881","I:100,K:256,S:1,num-slots:1"
"1782478","weka.RandomForest(9)","0.6881","I:100,K:128,S:1,num-slots:1"
"1783156","weka.RandomForest(9)","0.6881","I:100,K:192,S:1,num-slots:1"
"1780861","weka.RandomForest(9)","0.6881","I:100,K:48,S:1,num-slots:1"
"1781321","weka.RandomForest(9)","0.6881","I:100,K:64,S:1,num-slots:1"
"1781994","weka.RandomForest(9)","0.6881","I:100,K:96,S:1,num-slots:1"
"1780415","weka.RandomForest(9)","0.6881","I:100,K:32,S:1,num-slots:1"
"9192651","sklearn.model_selection._search.RandomizedSearchCV(estimator=sklearn.pipeline.Pipeline(imputation=hyperimp.utils.preprocessing.ConditionalImputer,hotencoding=sklearn.preprocessing.data.OneHotEncoder,variencethreshold=sklearn.feature_selection.variance_threshold.VarianceThreshold,clf=sklearn.ensemble.forest.RandomForestClassifier))(1)","0.6879","features:[],dtype:float64""},unknown:""ignore"",values:""auto"",sparse:true,threshold:0.0,bootstrap:true,weight:null,criterion:""gini"",depth:null,features:""auto"",nodes:null,decrease:0.0,split:null,leaf:1,split:2,leaf:0.0,estimators:10,jobs:1,score:false,state:25666,verbose:0,start:false,memory:null,axis:0,features:[],copy:true,empty:0,values:""NaN"",strategy:""mean"",nominal:""most_frequent"",verbose:0,cv:5,score:""raise"",params:null,iid:true,iter:100,jobs:-1,distributions:randint_gen"", ""a"": 1, ""b"": 100000, ""args"": [], ""kwds"": {""low"": 1, ""high"": 100001}}}},dispatch:""2*n_jobs"",state:742310,refit:true,score:""warn"",scoring:null,verbose:1"
"9178692","sklearn.pipeline.Pipeline(imputation=hyperimp.utils.preprocessing.ConditionalImputer2,hotencoding=sklearn.preprocessing.data.OneHotEncoder,variencethreshold=sklearn.feature_selection.variance_threshold.VarianceThreshold,clf=sklearn.ensemble.forest.RandomForestClassifier)(1)","0.6877","features:[],dtype:float64""},unknown:""ignore"",values:""auto"",sparse:true,threshold:0.0,bootstrap:false,weight:null,criterion:""gini"",depth:null,features:5983386500743014,nodes:null,decrease:0.0,split:null,leaf:1,split:6,leaf:0.0,estimators:300,jobs:1,score:false,state:67850,verbose:0,start:false,memory:null,axis:0,features:[],copy:true,empty:0,values:""NaN"",strategy:""mean"",nominal:""most_frequent"",verbose:0"
"5986786","sklearn.pipeline.Pipeline(imputation=openmlstudy14.preprocessing.ConditionalImputer,hotencoding=sklearn.preprocessing.data.OneHotEncoder,variencethreshold=sklearn.feature_selection.variance_threshold.VarianceThreshold,classifier=sklearn.ensemble.weight_boosting.AdaBoostClassifier(base_estimator=sklearn.tree.tree.DecisionTreeClassifier))(1)","0.6875","weight:null,criterion:""gini"",depth:8,features:null,nodes:null,split:1e-07,leaf:1,split:2,leaf:0.0,presort:false,state:60693,splitter:""best"",axis:0,features:[],copy:true,empty:0,values:""NaN"",strategy:""most_frequent"",nominal:""most_frequent"",verbose:0,features:[],dtype:float64""},unknown:""ignore"",values:""auto"",sparse:false,threshold:0.0,algorithm:""SAMME"",rate:16948524628065956,estimators:364,state:57932"
"9058623","sklearn.pipeline.Pipeline(imputation=hyperimp.utils.preprocessing.ConditionalImputer,hotencoding=sklearn.preprocessing.data.OneHotEncoder,variencethreshold=sklearn.feature_selection.variance_threshold.VarianceThreshold,clf=sklearn.ensemble.forest.RandomForestClassifier)(1)","0.6871","features:[],dtype:float64""},unknown:""ignore"",values:""auto"",sparse:true,threshold:0.0,bootstrap:false,weight:null,criterion:""gini"",depth:null,features:4821889672051204,nodes:null,decrease:0.0,split:null,leaf:3,split:7,leaf:0.0,estimators:500,jobs:1,score:false,state:1,verbose:0,start:false,memory:null,axis:0,features:[],copy:true,empty:0,values:""NaN"",strategy:""mean"",nominal:""most_frequent"",verbose:0"
"9058459","sklearn.pipeline.Pipeline(imputation=hyperimp.utils.preprocessing.ConditionalImputer,hotencoding=sklearn.preprocessing.data.OneHotEncoder,variencethreshold=sklearn.feature_selection.variance_threshold.VarianceThreshold,clf=sklearn.ensemble.forest.RandomForestClassifier)(1)","0.6871","features:[],dtype:float64""},unknown:""ignore"",values:""auto"",sparse:true,threshold:0.0,bootstrap:true,weight:null,criterion:""entropy"",depth:null,features:4098942149578554,nodes:null,decrease:0.0,split:null,leaf:1,split:4,leaf:0.0,estimators:500,jobs:1,score:false,state:1,verbose:0,start:false,memory:null,axis:0,features:[],copy:true,empty:0,values:""NaN"",strategy:""mean"",nominal:""most_frequent"",verbose:0"
"9160701","sklearn.pipeline.Pipeline(imputation=hyperimp.utils.preprocessing.ConditionalImputer2,hotencoding=sklearn.preprocessing.data.OneHotEncoder,variencethreshold=sklearn.feature_selection.variance_threshold.VarianceThreshold,clf=sklearn.ensemble.forest.RandomForestClassifier)(1)","0.687","features:[],dtype:float64""},unknown:""ignore"",values:""auto"",sparse:true,threshold:0.0,bootstrap:false,weight:null,criterion:""gini"",depth:null,features:10907789183603533,nodes:null,decrease:0.0,split:null,leaf:2,split:6,leaf:0.0,estimators:300,jobs:1,score:false,state:2045,verbose:0,start:false,memory:null,axis:0,features:[],copy:true,empty:0,values:""NaN"",strategy:""mean"",nominal:""most_frequent"",verbose:0"
"6010639","sklearn.pipeline.Pipeline(imputation=openmlstudy14.preprocessing.ConditionalImputer,hotencoding=sklearn.preprocessing.data.OneHotEncoder,variencethreshold=sklearn.feature_selection.variance_threshold.VarianceThreshold,classifier=sklearn.ensemble.weight_boosting.AdaBoostClassifier(base_estimator=sklearn.tree.tree.DecisionTreeClassifier))(1)","0.6869","weight:null,criterion:""gini"",depth:8,features:null,nodes:null,split:1e-07,leaf:1,split:2,leaf:0.0,presort:false,state:33276,splitter:""best"",axis:0,features:[],copy:true,empty:0,values:""NaN"",strategy:""most_frequent"",nominal:""most_frequent"",verbose:0,features:[],dtype:float64""},unknown:""ignore"",values:""auto"",sparse:false,threshold:0.0,algorithm:""SAMME"",rate:09676945490850954,estimators:483,state:24002"
"1745550","weka.RandomForest(9)","0.6869","I:100,K:16,S:1,num-slots:1"
"6017495","sklearn.pipeline.Pipeline(imputation=openmlstudy14.preprocessing.ConditionalImputer,hotencoding=sklearn.preprocessing.data.OneHotEncoder,variencethreshold=sklearn.feature_selection.variance_threshold.VarianceThreshold,classifier=sklearn.ensemble.forest.RandomForestClassifier)(1)","0.6868","bootstrap:false,weight:null,criterion:""entropy"",depth:null,features:41908276726382243,nodes:null,split:1e-07,leaf:1,split:10,leaf:0.0,estimators:100,jobs:1,score:false,state:7408,verbose:0,start:false,axis:0,features:[],copy:true,empty:0,values:""NaN"",strategy:""mean"",nominal:""most_frequent"",verbose:0,features:[],dtype:float64""},unknown:""ignore"",values:""auto"",sparse:false,threshold:0.0"
"9174481","sklearn.pipeline.Pipeline(imputation=hyperimp.utils.preprocessing.ConditionalImputer2,hotencoding=sklearn.preprocessing.data.OneHotEncoder,variencethreshold=sklearn.feature_selection.variance_threshold.VarianceThreshold,clf=sklearn.ensemble.forest.RandomForestClassifier)(1)","0.6866","features:[],dtype:float64""},unknown:""ignore"",values:""auto"",sparse:true,threshold:0.0,bootstrap:false,weight:null,criterion:""gini"",depth:null,features:4635712555938374,nodes:null,decrease:0.0,split:null,leaf:3,split:6,leaf:0.0,estimators:300,jobs:1,score:false,state:3387,verbose:0,start:false,memory:null,axis:0,features:[],copy:true,empty:0,values:""NaN"",strategy:""mean"",nominal:""most_frequent"",verbose:0"
"6004471","sklearn.pipeline.Pipeline(imputation=openmlstudy14.preprocessing.ConditionalImputer,hotencoding=sklearn.preprocessing.data.OneHotEncoder,variencethreshold=sklearn.feature_selection.variance_threshold.VarianceThreshold,classifier=sklearn.ensemble.weight_boosting.AdaBoostClassifier(base_estimator=sklearn.tree.tree.DecisionTreeClassifier))(1)","0.6864","weight:null,criterion:""gini"",depth:10,features:null,nodes:null,split:1e-07,leaf:1,split:2,leaf:0.0,presort:false,state:17438,splitter:""best"",axis:0,features:[],copy:true,empty:0,values:""NaN"",strategy:""median"",nominal:""most_frequent"",verbose:0,features:[],dtype:float64""},unknown:""ignore"",values:""auto"",sparse:false,threshold:0.0,algorithm:""SAMME"",rate:04940673862846564,estimators:217,state:50308"
"1757715","weka.RandomForest(9)","0.6863","I:100,K:24,S:1,num-slots:1"
"5999855","sklearn.pipeline.Pipeline(imputation=openmlstudy14.preprocessing.ConditionalImputer,hotencoding=sklearn.preprocessing.data.OneHotEncoder,variencethreshold=sklearn.feature_selection.variance_threshold.VarianceThreshold,classifier=sklearn.ensemble.weight_boosting.AdaBoostClassifier(base_estimator=sklearn.tree.tree.DecisionTreeClassifier))(1)","0.6862","weight:null,criterion:""gini"",depth:10,features:null,nodes:null,split:1e-07,leaf:1,split:2,leaf:0.0,presort:false,state:16121,splitter:""best"",axis:0,features:[],copy:true,empty:0,values:""NaN"",strategy:""mean"",nominal:""most_frequent"",verbose:0,features:[],dtype:float64""},unknown:""ignore"",values:""auto"",sparse:false,threshold:0.0,algorithm:""SAMME"",rate:4812562476838904,estimators:395,state:50200"
"9060124","sklearn.pipeline.Pipeline(imputation=hyperimp.utils.preprocessing.ConditionalImputer,hotencoding=sklearn.preprocessing.data.OneHotEncoder,variencethreshold=sklearn.feature_selection.variance_threshold.VarianceThreshold,clf=sklearn.ensemble.forest.RandomForestClassifier)(1)","0.6861","features:[],dtype:float64""},unknown:""ignore"",values:""auto"",sparse:true,threshold:0.0,bootstrap:false,weight:null,criterion:""entropy"",depth:null,features:571697599729414,nodes:null,decrease:0.0,split:null,leaf:4,split:3,leaf:0.0,estimators:500,jobs:1,score:false,state:1,verbose:0,start:false,memory:null,axis:0,features:[],copy:true,empty:0,values:""NaN"",strategy:""mean"",nominal:""most_frequent"",verbose:0"
"5990327","sklearn.pipeline.Pipeline(imputation=openmlstudy14.preprocessing.ConditionalImputer,hotencoding=sklearn.preprocessing.data.OneHotEncoder,variencethreshold=sklearn.feature_selection.variance_threshold.VarianceThreshold,classifier=sklearn.ensemble.weight_boosting.AdaBoostClassifier(base_estimator=sklearn.tree.tree.DecisionTreeClassifier))(1)","0.6858","weight:null,criterion:""gini"",depth:9,features:null,nodes:null,split:1e-07,leaf:1,split:2,leaf:0.0,presort:false,state:53899,splitter:""best"",axis:0,features:[],copy:true,empty:0,values:""NaN"",strategy:""most_frequent"",nominal:""most_frequent"",verbose:0,features:[],dtype:float64""},unknown:""ignore"",values:""auto"",sparse:false,threshold:0.0,algorithm:""SAMME"",rate:3471029647658386,estimators:295,state:38696"
"1739014","weka.RandomForest(9)","0.6858","I:100,K:12,S:1,num-slots:1"
"9185658","sklearn.pipeline.Pipeline(imputation=hyperimp.utils.preprocessing.ConditionalImputer2,hotencoding=sklearn.preprocessing.data.OneHotEncoder,variencethreshold=sklearn.feature_selection.variance_threshold.VarianceThreshold,clf=sklearn.ensemble.forest.RandomForestClassifier)(1)","0.6854","features:[],dtype:float64""},unknown:""ignore"",values:""auto"",sparse:true,threshold:0.0,bootstrap:true,weight:null,criterion:""entropy"",depth:null,features:8972591321627281,nodes:null,decrease:0.0,split:null,leaf:1,split:3,leaf:0.0,estimators:300,jobs:1,score:false,state:6746,verbose:0,start:false,memory:null,axis:0,features:[],copy:true,empty:0,values:""NaN"",strategy:""mean"",nominal:""most_frequent"",verbose:0"
"9046942","sklearn.pipeline.Pipeline(imputation=hyperimp.utils.preprocessing.ConditionalImputer,hotencoding=sklearn.preprocessing.data.OneHotEncoder,variencethreshold=sklearn.feature_selection.variance_threshold.VarianceThreshold,clf=sklearn.ensemble.forest.RandomForestClassifier)(1)","0.6854","features:[],dtype:float64""},unknown:""ignore"",values:""auto"",sparse:true,threshold:0.0,bootstrap:false,weight:null,criterion:""gini"",depth:null,features:5555448837054059,nodes:null,decrease:0.0,split:null,leaf:3,split:4,leaf:0.0,estimators:500,jobs:1,score:false,state:1,verbose:0,start:false,memory:null,axis:0,features:[],copy:true,empty:0,values:""NaN"",strategy:""mean"",nominal:""most_frequent"",verbose:0"
"9057938","sklearn.pipeline.Pipeline(imputation=hyperimp.utils.preprocessing.ConditionalImputer,hotencoding=sklearn.preprocessing.data.OneHotEncoder,variencethreshold=sklearn.feature_selection.variance_threshold.VarianceThreshold,clf=sklearn.ensemble.forest.RandomForestClassifier)(1)","0.6854","features:[],dtype:float64""},unknown:""ignore"",values:""auto"",sparse:true,threshold:0.0,bootstrap:false,weight:null,criterion:""entropy"",depth:null,features:3639848963219948,nodes:null,decrease:0.0,split:null,leaf:3,split:12,leaf:0.0,estimators:500,jobs:1,score:false,state:1,verbose:0,start:false,memory:null,axis:0,features:[],copy:true,empty:0,values:""NaN"",strategy:""mean"",nominal:""most_frequent"",verbose:0"
"9185999","sklearn.pipeline.Pipeline(imputation=hyperimp.utils.preprocessing.ConditionalImputer2,hotencoding=sklearn.preprocessing.data.OneHotEncoder,variencethreshold=sklearn.feature_selection.variance_threshold.VarianceThreshold,clf=sklearn.ensemble.forest.RandomForestClassifier)(1)","0.6853","features:[],dtype:float64""},unknown:""ignore"",values:""auto"",sparse:true,threshold:0.0,bootstrap:false,weight:null,criterion:""gini"",depth:null,features:5747953240989802,nodes:null,decrease:0.0,split:null,leaf:2,split:6,leaf:0.0,estimators:300,jobs:1,score:false,state:56349,verbose:0,start:false,memory:null,axis:0,features:[],copy:true,empty:0,values:""NaN"",strategy:""mean"",nominal:""most_frequent"",verbose:0"
"5978633","sklearn.pipeline.Pipeline(imputation=openmlstudy14.preprocessing.ConditionalImputer,hotencoding=sklearn.preprocessing.data.OneHotEncoder,variencethreshold=sklearn.feature_selection.variance_threshold.VarianceThreshold,classifier=sklearn.ensemble.weight_boosting.AdaBoostClassifier(base_estimator=sklearn.tree.tree.DecisionTreeClassifier))(1)","0.6852","weight:null,criterion:""gini"",depth:9,features:null,nodes:null,split:1e-07,leaf:1,split:2,leaf:0.0,presort:false,state:27575,splitter:""best"",axis:0,features:[],copy:true,empty:0,values:""NaN"",strategy:""median"",nominal:""most_frequent"",verbose:0,features:[],dtype:float64""},unknown:""ignore"",values:""auto"",sparse:false,threshold:0.0,algorithm:""SAMME"",rate:04492273906985504,estimators:360,state:17633"
"9154874","sklearn.pipeline.Pipeline(imputation=hyperimp.utils.preprocessing.ConditionalImputer2,hotencoding=sklearn.preprocessing.data.OneHotEncoder,variencethreshold=sklearn.feature_selection.variance_threshold.VarianceThreshold,clf=sklearn.ensemble.forest.RandomForestClassifier)(1)","0.6852","features:[],dtype:float64""},unknown:""ignore"",values:""auto"",sparse:true,threshold:0.0,bootstrap:false,weight:null,criterion:""gini"",depth:null,features:44478061680116376,nodes:null,decrease:0.0,split:null,leaf:1,split:10,leaf:0.0,estimators:300,jobs:1,score:false,state:38517,verbose:0,start:false,memory:null,axis:0,features:[],copy:true,empty:0,values:""NaN"",strategy:""mean"",nominal:""most_frequent"",verbose:0"
"9184908","sklearn.pipeline.Pipeline(imputation=hyperimp.utils.preprocessing.ConditionalImputer2,hotencoding=sklearn.preprocessing.data.OneHotEncoder,variencethreshold=sklearn.feature_selection.variance_threshold.VarianceThreshold,clf=sklearn.ensemble.forest.RandomForestClassifier)(1)","0.6849","features:[],dtype:float64""},unknown:""ignore"",values:""auto"",sparse:true,threshold:0.0,bootstrap:false,weight:null,criterion:""entropy"",depth:null,features:2663194072375523,nodes:null,decrease:0.0,split:null,leaf:4,split:11,leaf:0.0,estimators:300,jobs:1,score:false,state:3208,verbose:0,start:false,memory:null,axis:0,features:[],copy:true,empty:0,values:""NaN"",strategy:""mean"",nominal:""most_frequent"",verbose:0"
"5972065","sklearn.pipeline.Pipeline(imputation=openmlstudy14.preprocessing.ConditionalImputer,hotencoding=sklearn.preprocessing.data.OneHotEncoder,variencethreshold=sklearn.feature_selection.variance_threshold.VarianceThreshold,classifier=sklearn.ensemble.weight_boosting.AdaBoostClassifier(base_estimator=sklearn.tree.tree.DecisionTreeClassifier))(1)","0.6844","weight:null,criterion:""gini"",depth:8,features:null,nodes:null,split:1e-07,leaf:1,split:2,leaf:0.0,presort:false,state:41776,splitter:""best"",axis:0,features:[],copy:true,empty:0,values:""NaN"",strategy:""mean"",nominal:""most_frequent"",verbose:0,features:[],dtype:float64""},unknown:""ignore"",values:""auto"",sparse:false,threshold:0.0,algorithm:""SAMME"",rate:13545081582188026,estimators:325,state:52119"
"9160493","sklearn.pipeline.Pipeline(imputation=hyperimp.utils.preprocessing.ConditionalImputer2,hotencoding=sklearn.preprocessing.data.OneHotEncoder,variencethreshold=sklearn.feature_selection.variance_threshold.VarianceThreshold,clf=sklearn.ensemble.forest.RandomForestClassifier)(1)","0.6841","features:[],dtype:float64""},unknown:""ignore"",values:""auto"",sparse:true,threshold:0.0,bootstrap:true,weight:null,criterion:""entropy"",depth:null,features:9845233979122116,nodes:null,decrease:0.0,split:null,leaf:1,split:2,leaf:0.0,estimators:300,jobs:1,score:false,state:98700,verbose:0,start:false,memory:null,axis:0,features:[],copy:true,empty:0,values:""NaN"",strategy:""mean"",nominal:""most_frequent"",verbose:0"
"9047125","sklearn.pipeline.Pipeline(imputation=hyperimp.utils.preprocessing.ConditionalImputer,hotencoding=sklearn.preprocessing.data.OneHotEncoder,variencethreshold=sklearn.feature_selection.variance_threshold.VarianceThreshold,clf=sklearn.ensemble.forest.RandomForestClassifier)(1)","0.684","features:[],dtype:float64""},unknown:""ignore"",values:""auto"",sparse:true,threshold:0.0,bootstrap:true,weight:null,criterion:""gini"",depth:null,features:1774206008586382,nodes:null,decrease:0.0,split:null,leaf:1,split:2,leaf:0.0,estimators:500,jobs:1,score:false,state:1,verbose:0,start:false,memory:null,axis:0,features:[],copy:true,empty:0,values:""NaN"",strategy:""mean"",nominal:""most_frequent"",verbose:0"
"9176622","sklearn.pipeline.Pipeline(imputation=hyperimp.utils.preprocessing.ConditionalImputer2,hotencoding=sklearn.preprocessing.data.OneHotEncoder,variencethreshold=sklearn.feature_selection.variance_threshold.VarianceThreshold,clf=sklearn.ensemble.forest.RandomForestClassifier)(1)","0.6836","features:[],dtype:float64""},unknown:""ignore"",values:""auto"",sparse:true,threshold:0.0,bootstrap:false,weight:null,criterion:""entropy"",depth:null,features:33494420090512544,nodes:null,decrease:0.0,split:null,leaf:5,split:5,leaf:0.0,estimators:300,jobs:1,score:false,state:85751,verbose:0,start:false,memory:null,axis:0,features:[],copy:true,empty:0,values:""NaN"",strategy:""mean"",nominal:""most_frequent"",verbose:0"
"9185147","sklearn.pipeline.Pipeline(imputation=hyperimp.utils.preprocessing.ConditionalImputer2,hotencoding=sklearn.preprocessing.data.OneHotEncoder,variencethreshold=sklearn.feature_selection.variance_threshold.VarianceThreshold,clf=sklearn.ensemble.forest.RandomForestClassifier)(1)","0.6836","features:[],dtype:float64""},unknown:""ignore"",values:""auto"",sparse:true,threshold:0.0,bootstrap:false,weight:null,criterion:""gini"",depth:null,features:4237066476093311,nodes:null,decrease:0.0,split:null,leaf:3,split:8,leaf:0.0,estimators:300,jobs:1,score:false,state:2458,verbose:0,start:false,memory:null,axis:0,features:[],copy:true,empty:0,values:""NaN"",strategy:""mean"",nominal:""most_frequent"",verbose:0"
"9058290","sklearn.pipeline.Pipeline(imputation=hyperimp.utils.preprocessing.ConditionalImputer,hotencoding=sklearn.preprocessing.data.OneHotEncoder,variencethreshold=sklearn.feature_selection.variance_threshold.VarianceThreshold,clf=sklearn.ensemble.forest.RandomForestClassifier)(1)","0.6836","features:[],dtype:float64""},unknown:""ignore"",values:""auto"",sparse:true,threshold:0.0,bootstrap:false,weight:null,criterion:""entropy"",depth:null,features:5166713211580399,nodes:null,decrease:0.0,split:null,leaf:3,split:12,leaf:0.0,estimators:500,jobs:1,score:false,state:1,verbose:0,start:false,memory:null,axis:0,features:[],copy:true,empty:0,values:""NaN"",strategy:""mean"",nominal:""most_frequent"",verbose:0"
"6007245","sklearn.pipeline.Pipeline(imputation=openmlstudy14.preprocessing.ConditionalImputer,hotencoding=sklearn.preprocessing.data.OneHotEncoder,variencethreshold=sklearn.feature_selection.variance_threshold.VarianceThreshold,classifier=sklearn.ensemble.weight_boosting.AdaBoostClassifier(base_estimator=sklearn.tree.tree.DecisionTreeClassifier))(1)","0.6835","weight:null,criterion:""gini"",depth:8,features:null,nodes:null,split:1e-07,leaf:1,split:2,leaf:0.0,presort:false,state:7827,splitter:""best"",axis:0,features:[],copy:true,empty:0,values:""NaN"",strategy:""most_frequent"",nominal:""most_frequent"",verbose:0,features:[],dtype:float64""},unknown:""ignore"",values:""auto"",sparse:false,threshold:0.0,algorithm:""SAMME"",rate:2889338520521059,estimators:257,state:27158"
"6029762","sklearn.pipeline.Pipeline(imputation=openmlstudy14.preprocessing.ConditionalImputer,hotencoding=sklearn.preprocessing.data.OneHotEncoder,variencethreshold=sklearn.feature_selection.variance_threshold.VarianceThreshold,classifier=sklearn.ensemble.forest.RandomForestClassifier)(1)","0.6835","bootstrap:false,weight:null,criterion:""gini"",depth:null,features:6495925267048653,nodes:null,split:1e-07,leaf:2,split:3,leaf:0.0,estimators:100,jobs:1,score:false,state:6843,verbose:0,start:false,axis:0,features:[],copy:true,empty:0,values:""NaN"",strategy:""median"",nominal:""most_frequent"",verbose:0,features:[],dtype:float64""},unknown:""ignore"",values:""auto"",sparse:true,threshold:0.0"
"9161544","sklearn.pipeline.Pipeline(imputation=hyperimp.utils.preprocessing.ConditionalImputer2,hotencoding=sklearn.preprocessing.data.OneHotEncoder,variencethreshold=sklearn.feature_selection.variance_threshold.VarianceThreshold,clf=sklearn.ensemble.forest.RandomForestClassifier)(1)","0.6834","features:[],dtype:float64""},unknown:""ignore"",values:""auto"",sparse:true,threshold:0.0,bootstrap:false,weight:null,criterion:""entropy"",depth:null,features:40455353438465547,nodes:null,decrease:0.0,split:null,leaf:5,split:4,leaf:0.0,estimators:300,jobs:1,score:false,state:54810,verbose:0,start:false,memory:null,axis:0,features:[],copy:true,empty:0,values:""NaN"",strategy:""mean"",nominal:""most_frequent"",verbose:0"
"9185849","sklearn.pipeline.Pipeline(imputation=hyperimp.utils.preprocessing.ConditionalImputer2,hotencoding=sklearn.preprocessing.data.OneHotEncoder,variencethreshold=sklearn.feature_selection.variance_threshold.VarianceThreshold,clf=sklearn.ensemble.forest.RandomForestClassifier)(1)","0.6834","features:[],dtype:float64""},unknown:""ignore"",values:""auto"",sparse:true,threshold:0.0,bootstrap:false,weight:null,criterion:""entropy"",depth:null,features:4836364028161507,nodes:null,decrease:0.0,split:null,leaf:5,split:10,leaf:0.0,estimators:300,jobs:1,score:false,state:78599,verbose:0,start:false,memory:null,axis:0,features:[],copy:true,empty:0,values:""NaN"",strategy:""mean"",nominal:""most_frequent"",verbose:0"
"1734513","weka.RandomForest(9)","0.6834","I:100,K:8,S:1,num-slots:1"
"6030671","sklearn.pipeline.Pipeline(imputation=openmlstudy14.preprocessing.ConditionalImputer,hotencoding=sklearn.preprocessing.data.OneHotEncoder,variencethreshold=sklearn.feature_selection.variance_threshold.VarianceThreshold,classifier=sklearn.ensemble.forest.RandomForestClassifier)(1)","0.6832","bootstrap:false,weight:null,criterion:""gini"",depth:null,features:2543606317252365,nodes:null,split:1e-07,leaf:3,split:4,leaf:0.0,estimators:100,jobs:1,score:false,state:46417,verbose:0,start:false,axis:0,features:[],copy:true,empty:0,values:""NaN"",strategy:""mean"",nominal:""most_frequent"",verbose:0,features:[],dtype:float64""},unknown:""ignore"",values:""auto"",sparse:true,threshold:0.0"
"9185309","sklearn.pipeline.Pipeline(imputation=hyperimp.utils.preprocessing.ConditionalImputer2,hotencoding=sklearn.preprocessing.data.OneHotEncoder,variencethreshold=sklearn.feature_selection.variance_threshold.VarianceThreshold,clf=sklearn.ensemble.forest.RandomForestClassifier)(1)","0.6831","features:[],dtype:float64""},unknown:""ignore"",values:""auto"",sparse:true,threshold:0.0,bootstrap:false,weight:null,criterion:""entropy"",depth:null,features:162326686906193,nodes:null,decrease:0.0,split:null,leaf:3,split:10,leaf:0.0,estimators:300,jobs:1,score:false,state:40701,verbose:0,start:false,memory:null,axis:0,features:[],copy:true,empty:0,values:""NaN"",strategy:""mean"",nominal:""most_frequent"",verbose:0"
"5976176","sklearn.pipeline.Pipeline(imputation=openmlstudy14.preprocessing.ConditionalImputer,hotencoding=sklearn.preprocessing.data.OneHotEncoder,variencethreshold=sklearn.feature_selection.variance_threshold.VarianceThreshold,classifier=sklearn.ensemble.weight_boosting.AdaBoostClassifier(base_estimator=sklearn.tree.tree.DecisionTreeClassifier))(1)","0.6827","weight:null,criterion:""gini"",depth:7,features:null,nodes:null,split:1e-07,leaf:1,split:2,leaf:0.0,presort:false,state:822,splitter:""best"",axis:0,features:[],copy:true,empty:0,values:""NaN"",strategy:""most_frequent"",nominal:""most_frequent"",verbose:0,features:[],dtype:float64""},unknown:""ignore"",values:""auto"",sparse:false,threshold:0.0,algorithm:""SAMME"",rate:3394278012954725,estimators:441,state:11122"
"9174168","sklearn.pipeline.Pipeline(imputation=hyperimp.utils.preprocessing.ConditionalImputer2,hotencoding=sklearn.preprocessing.data.OneHotEncoder,variencethreshold=sklearn.feature_selection.variance_threshold.VarianceThreshold,clf=sklearn.ensemble.forest.RandomForestClassifier)(1)","0.6827","features:[],dtype:float64""},unknown:""ignore"",values:""auto"",sparse:true,threshold:0.0,bootstrap:false,weight:null,criterion:""entropy"",depth:null,features:22656592544029264,nodes:null,decrease:0.0,split:null,leaf:5,split:6,leaf:0.0,estimators:300,jobs:1,score:false,state:50319,verbose:0,start:false,memory:null,axis:0,features:[],copy:true,empty:0,values:""NaN"",strategy:""mean"",nominal:""most_frequent"",verbose:0"
"9060286","sklearn.pipeline.Pipeline(imputation=hyperimp.utils.preprocessing.ConditionalImputer,hotencoding=sklearn.preprocessing.data.OneHotEncoder,variencethreshold=sklearn.feature_selection.variance_threshold.VarianceThreshold,clf=sklearn.ensemble.forest.RandomForestClassifier)(1)","0.6826","features:[],dtype:float64""},unknown:""ignore"",values:""auto"",sparse:true,threshold:0.0,bootstrap:true,weight:null,criterion:""entropy"",depth:null,features:7250139403559991,nodes:null,decrease:0.0,split:null,leaf:2,split:2,leaf:0.0,estimators:500,jobs:1,score:false,state:1,verbose:0,start:false,memory:null,axis:0,features:[],copy:true,empty:0,values:""NaN"",strategy:""mean"",nominal:""most_frequent"",verbose:0"
"10037157","sklearn.pipeline.Pipeline(columntransformer=sklearn.compose._column_transformer.ColumnTransformer(numeric=sklearn.pipeline.Pipeline(imputer=sklearn.preprocessing.imputation.Imputer,standardscaler=sklearn.preprocessing.data.StandardScaler),nominal=sklearn.pipeline.Pipeline(simpleimputer=sklearn.impute.SimpleImputer,onehotencoder=sklearn.preprocessing._encoders.OneHotEncoder)),variancethreshold=sklearn.feature_selection.variance_threshold.VarianceThreshold,randomforestclassifier=sklearn.ensemble.forest.RandomForestClassifier)(2)","0.6825","jobs:null,remainder:""passthrough"",threshold:0.3,weights:null,memory:null,axis:0,copy:true,values:""NaN"",strategy:""mean"",verbose:0,copy:true,mean:true,std:true,memory:null,copy:true,value:-1,values:NaN,strategy:""constant"",verbose:0,features:null,categories:null,dtype:float64""},unknown:""ignore"",values:null,sparse:true,threshold:0.0,memory:null,bootstrap:false,weight:null,criterion:""gini"",depth:null,features:4366402460129364,nodes:null,decrease:0.0,split:null,leaf:1,split:10,leaf:0.0,estimators:100,jobs:null,score:false,state:64472,verbose:0,start:false"
"9184507","sklearn.pipeline.Pipeline(imputation=hyperimp.utils.preprocessing.ConditionalImputer2,hotencoding=sklearn.preprocessing.data.OneHotEncoder,variencethreshold=sklearn.feature_selection.variance_threshold.VarianceThreshold,clf=sklearn.ensemble.forest.RandomForestClassifier)(1)","0.6824","features:[],dtype:float64""},unknown:""ignore"",values:""auto"",sparse:true,threshold:0.0,bootstrap:true,weight:null,criterion:""entropy"",depth:null,features:9038890658689205,nodes:null,decrease:0.0,split:null,leaf:1,split:4,leaf:0.0,estimators:300,jobs:1,score:false,state:51022,verbose:0,start:false,memory:null,axis:0,features:[],copy:true,empty:0,values:""NaN"",strategy:""mean"",nominal:""most_frequent"",verbose:0"
"9060186","sklearn.pipeline.Pipeline(imputation=hyperimp.utils.preprocessing.ConditionalImputer,hotencoding=sklearn.preprocessing.data.OneHotEncoder,variencethreshold=sklearn.feature_selection.variance_threshold.VarianceThreshold,clf=sklearn.ensemble.forest.RandomForestClassifier)(1)","0.6823","features:[],dtype:float64""},unknown:""ignore"",values:""auto"",sparse:true,threshold:0.0,bootstrap:false,weight:null,criterion:""entropy"",depth:null,features:41047803245003467,nodes:null,decrease:0.0,split:null,leaf:3,split:14,leaf:0.0,estimators:500,jobs:1,score:false,state:1,verbose:0,start:false,memory:null,axis:0,features:[],copy:true,empty:0,values:""NaN"",strategy:""mean"",nominal:""most_frequent"",verbose:0"
"9057430","sklearn.pipeline.Pipeline(imputation=hyperimp.utils.preprocessing.ConditionalImputer,hotencoding=sklearn.preprocessing.data.OneHotEncoder,variencethreshold=sklearn.feature_selection.variance_threshold.VarianceThreshold,clf=sklearn.ensemble.forest.RandomForestClassifier)(1)","0.6822","features:[],dtype:float64""},unknown:""ignore"",values:""auto"",sparse:true,threshold:0.0,bootstrap:false,weight:null,criterion:""entropy"",depth:null,features:45596395587981176,nodes:null,decrease:0.0,split:null,leaf:5,split:8,leaf:0.0,estimators:500,jobs:1,score:false,state:1,verbose:0,start:false,memory:null,axis:0,features:[],copy:true,empty:0,values:""NaN"",strategy:""mean"",nominal:""most_frequent"",verbose:0"
"10035482","sklearn.pipeline.Pipeline(columntransformer=sklearn.compose._column_transformer.ColumnTransformer(numeric=sklearn.pipeline.Pipeline(imputer=sklearn.preprocessing.imputation.Imputer,standardscaler=sklearn.preprocessing.data.StandardScaler),nominal=sklearn.pipeline.Pipeline(simpleimputer=sklearn.impute.SimpleImputer,onehotencoder=sklearn.preprocessing._encoders.OneHotEncoder)),variancethreshold=sklearn.feature_selection.variance_threshold.VarianceThreshold,randomforestclassifier=sklearn.ensemble.forest.RandomForestClassifier)(2)","0.6822","jobs:null,remainder:""passthrough"",threshold:0.3,weights:null,memory:null,axis:0,copy:true,values:""NaN"",strategy:""most_frequent"",verbose:0,copy:true,mean:true,std:true,memory:null,copy:true,value:-1,values:NaN,strategy:""constant"",verbose:0,features:null,categories:null,dtype:float64""},unknown:""ignore"",values:null,sparse:true,threshold:0.0,memory:null,bootstrap:false,weight:null,criterion:""entropy"",depth:null,features:34705204054817806,nodes:null,decrease:0.0,split:null,leaf:3,split:12,leaf:0.0,estimators:100,jobs:null,score:false,state:66,verbose:0,start:false"
"9186028","sklearn.pipeline.Pipeline(imputation=hyperimp.utils.preprocessing.ConditionalImputer2,hotencoding=sklearn.preprocessing.data.OneHotEncoder,variencethreshold=sklearn.feature_selection.variance_threshold.VarianceThreshold,clf=sklearn.ensemble.forest.RandomForestClassifier)(1)","0.682","features:[],dtype:float64""},unknown:""ignore"",values:""auto"",sparse:true,threshold:0.0,bootstrap:false,weight:null,criterion:""entropy"",depth:null,features:14576066338604976,nodes:null,decrease:0.0,split:null,leaf:4,split:4,leaf:0.0,estimators:300,jobs:1,score:false,state:51082,verbose:0,start:false,memory:null,axis:0,features:[],copy:true,empty:0,values:""NaN"",strategy:""mean"",nominal:""most_frequent"",verbose:0"
"6000815","sklearn.pipeline.Pipeline(imputation=openmlstudy14.preprocessing.ConditionalImputer,hotencoding=sklearn.preprocessing.data.OneHotEncoder,variencethreshold=sklearn.feature_selection.variance_threshold.VarianceThreshold,classifier=sklearn.ensemble.forest.RandomForestClassifier)(1)","0.682","bootstrap:false,weight:null,criterion:""gini"",depth:null,features:4311894488994883,nodes:null,split:1e-07,leaf:1,split:9,leaf:0.0,estimators:100,jobs:1,score:false,state:18772,verbose:0,start:false,axis:0,features:[],copy:true,empty:0,values:""NaN"",strategy:""most_frequent"",nominal:""most_frequent"",verbose:0,features:[],dtype:float64""},unknown:""ignore"",values:""auto"",sparse:false,threshold:0.0"
"9162406","sklearn.pipeline.Pipeline(imputation=hyperimp.utils.preprocessing.ConditionalImputer2,hotencoding=sklearn.preprocessing.data.OneHotEncoder,variencethreshold=sklearn.feature_selection.variance_threshold.VarianceThreshold,clf=sklearn.ensemble.forest.RandomForestClassifier)(1)","0.6819","features:[],dtype:float64""},unknown:""ignore"",values:""auto"",sparse:true,threshold:0.0,bootstrap:true,weight:null,criterion:""entropy"",depth:null,features:5210143006928865,nodes:null,decrease:0.0,split:null,leaf:1,split:4,leaf:0.0,estimators:300,jobs:1,score:false,state:61936,verbose:0,start:false,memory:null,axis:0,features:[],copy:true,empty:0,values:""NaN"",strategy:""mean"",nominal:""most_frequent"",verbose:0"
"9059900","sklearn.pipeline.Pipeline(imputation=hyperimp.utils.preprocessing.ConditionalImputer,hotencoding=sklearn.preprocessing.data.OneHotEncoder,variencethreshold=sklearn.feature_selection.variance_threshold.VarianceThreshold,clf=sklearn.ensemble.forest.RandomForestClassifier)(1)","0.6819","features:[],dtype:float64""},unknown:""ignore"",values:""auto"",sparse:true,threshold:0.0,bootstrap:false,weight:null,criterion:""entropy"",depth:null,features:5939653016908002,nodes:null,decrease:0.0,split:null,leaf:5,split:9,leaf:0.0,estimators:500,jobs:1,score:false,state:1,verbose:0,start:false,memory:null,axis:0,features:[],copy:true,empty:0,values:""NaN"",strategy:""mean"",nominal:""most_frequent"",verbose:0"
"10010260","sklearn.pipeline.Pipeline(columntransformer=sklearn.compose._column_transformer.ColumnTransformer(numeric=sklearn.pipeline.Pipeline(imputer=sklearn.preprocessing.imputation.Imputer,standardscaler=sklearn.preprocessing.data.StandardScaler),nominal=sklearn.pipeline.Pipeline(simpleimputer=sklearn.impute.SimpleImputer,onehotencoder=sklearn.preprocessing._encoders.OneHotEncoder)),variancethreshold=sklearn.feature_selection.variance_threshold.VarianceThreshold,randomforestclassifier=sklearn.ensemble.forest.RandomForestClassifier)(2)","0.6819","jobs:null,remainder:""passthrough"",threshold:0.3,weights:null,memory:null,axis:0,copy:true,values:""NaN"",strategy:""median"",verbose:0,copy:true,mean:true,std:true,memory:null,copy:true,value:-1,values:NaN,strategy:""constant"",verbose:0,features:null,categories:null,dtype:float64""},unknown:""ignore"",values:null,sparse:true,threshold:0.0,memory:null,bootstrap:false,weight:null,criterion:""entropy"",depth:null,features:42736830091113165,nodes:null,decrease:0.0,split:null,leaf:3,split:11,leaf:0.0,estimators:100,jobs:null,score:false,state:41812,verbose:0,start:false"
"9057709","sklearn.pipeline.Pipeline(imputation=hyperimp.utils.preprocessing.ConditionalImputer,hotencoding=sklearn.preprocessing.data.OneHotEncoder,variencethreshold=sklearn.feature_selection.variance_threshold.VarianceThreshold,clf=sklearn.ensemble.forest.RandomForestClassifier)(1)","0.6817","features:[],dtype:float64""},unknown:""ignore"",values:""auto"",sparse:true,threshold:0.0,bootstrap:true,weight:null,criterion:""entropy"",depth:null,features:48454896430852046,nodes:null,decrease:0.0,split:null,leaf:2,split:6,leaf:0.0,estimators:500,jobs:1,score:false,state:1,verbose:0,start:false,memory:null,axis:0,features:[],copy:true,empty:0,values:""NaN"",strategy:""mean"",nominal:""most_frequent"",verbose:0"
"5992057","sklearn.pipeline.Pipeline(imputation=openmlstudy14.preprocessing.ConditionalImputer,hotencoding=sklearn.preprocessing.data.OneHotEncoder,variencethreshold=sklearn.feature_selection.variance_threshold.VarianceThreshold,classifier=sklearn.ensemble.weight_boosting.AdaBoostClassifier(base_estimator=sklearn.tree.tree.DecisionTreeClassifier))(1)","0.6816","weight:null,criterion:""gini"",depth:9,features:null,nodes:null,split:1e-07,leaf:1,split:2,leaf:0.0,presort:false,state:30832,splitter:""best"",axis:0,features:[],copy:true,empty:0,values:""NaN"",strategy:""mean"",nominal:""most_frequent"",verbose:0,features:[],dtype:float64""},unknown:""ignore"",values:""auto"",sparse:false,threshold:0.0,algorithm:""SAMME"",rate:0808857806677093,estimators:182,state:56722"
"5997026","sklearn.pipeline.Pipeline(imputation=openmlstudy14.preprocessing.ConditionalImputer,hotencoding=sklearn.preprocessing.data.OneHotEncoder,variencethreshold=sklearn.feature_selection.variance_threshold.VarianceThreshold,classifier=sklearn.ensemble.forest.RandomForestClassifier)(1)","0.6815","bootstrap:true,weight:null,criterion:""entropy"",depth:null,features:5286063703852591,nodes:null,split:1e-07,leaf:1,split:2,leaf:0.0,estimators:100,jobs:1,score:false,state:27626,verbose:0,start:false,axis:0,features:[],copy:true,empty:0,values:""NaN"",strategy:""most_frequent"",nominal:""most_frequent"",verbose:0,features:[],dtype:float64""},unknown:""ignore"",values:""auto"",sparse:false,threshold:0.0"
"9060287","sklearn.pipeline.Pipeline(imputation=hyperimp.utils.preprocessing.ConditionalImputer,hotencoding=sklearn.preprocessing.data.OneHotEncoder,variencethreshold=sklearn.feature_selection.variance_threshold.VarianceThreshold,clf=sklearn.ensemble.forest.RandomForestClassifier)(1)","0.6815","features:[],dtype:float64""},unknown:""ignore"",values:""auto"",sparse:true,threshold:0.0,bootstrap:false,weight:null,criterion:""entropy"",depth:null,features:5251902371156904,nodes:null,decrease:0.0,split:null,leaf:5,split:6,leaf:0.0,estimators:500,jobs:1,score:false,state:1,verbose:0,start:false,memory:null,axis:0,features:[],copy:true,empty:0,values:""NaN"",strategy:""mean"",nominal:""most_frequent"",verbose:0"
"9037701","sklearn.pipeline.Pipeline(imputation=hyperimp.utils.preprocessing.ConditionalImputer,hotencoding=sklearn.preprocessing.data.OneHotEncoder,variencethreshold=sklearn.feature_selection.variance_threshold.VarianceThreshold,clf=sklearn.ensemble.forest.RandomForestClassifier)(1)","0.6815","features:[],dtype:float64""},unknown:""ignore"",values:""auto"",sparse:true,threshold:0.0,bootstrap:true,weight:null,criterion:""gini"",depth:null,features:2261358287402937,nodes:null,decrease:0.0,split:null,leaf:1,split:4,leaf:0.0,estimators:500,jobs:1,score:false,state:1,verbose:0,start:false,memory:null,axis:0,features:[],copy:true,empty:0,values:""NaN"",strategy:""mean"",nominal:""most_frequent"",verbose:0"
"9059057","sklearn.pipeline.Pipeline(imputation=hyperimp.utils.preprocessing.ConditionalImputer,hotencoding=sklearn.preprocessing.data.OneHotEncoder,variencethreshold=sklearn.feature_selection.variance_threshold.VarianceThreshold,clf=sklearn.ensemble.forest.RandomForestClassifier)(1)","0.6815","features:[],dtype:float64""},unknown:""ignore"",values:""auto"",sparse:true,threshold:0.0,bootstrap:false,weight:null,criterion:""gini"",depth:null,features:20222067109211084,nodes:null,decrease:0.0,split:null,leaf:3,split:9,leaf:0.0,estimators:500,jobs:1,score:false,state:1,verbose:0,start:false,memory:null,axis:0,features:[],copy:true,empty:0,values:""NaN"",strategy:""mean"",nominal:""most_frequent"",verbose:0"
"9154987","sklearn.pipeline.Pipeline(imputation=hyperimp.utils.preprocessing.ConditionalImputer2,hotencoding=sklearn.preprocessing.data.OneHotEncoder,variencethreshold=sklearn.feature_selection.variance_threshold.VarianceThreshold,clf=sklearn.ensemble.forest.RandomForestClassifier)(1)","0.6814","features:[],dtype:float64""},unknown:""ignore"",values:""auto"",sparse:true,threshold:0.0,bootstrap:false,weight:null,criterion:""gini"",depth:null,features:3582359376778633,nodes:null,decrease:0.0,split:null,leaf:4,split:3,leaf:0.0,estimators:300,jobs:1,score:false,state:65066,verbose:0,start:false,memory:null,axis:0,features:[],copy:true,empty:0,values:""NaN"",strategy:""mean"",nominal:""most_frequent"",verbose:0"
"6006231","sklearn.pipeline.Pipeline(imputation=openmlstudy14.preprocessing.ConditionalImputer,hotencoding=sklearn.preprocessing.data.OneHotEncoder,variencethreshold=sklearn.feature_selection.variance_threshold.VarianceThreshold,classifier=sklearn.ensemble.forest.RandomForestClassifier)(1)","0.6814","bootstrap:false,weight:null,criterion:""gini"",depth:null,features:3926026609228235,nodes:null,split:1e-07,leaf:3,split:7,leaf:0.0,estimators:100,jobs:1,score:false,state:43060,verbose:0,start:false,axis:0,features:[],copy:true,empty:0,values:""NaN"",strategy:""median"",nominal:""most_frequent"",verbose:0,features:[],dtype:float64""},unknown:""ignore"",values:""auto"",sparse:false,threshold:0.0"
"10009121","sklearn.pipeline.Pipeline(columntransformer=sklearn.compose._column_transformer.ColumnTransformer(numeric=sklearn.pipeline.Pipeline(imputer=sklearn.preprocessing.imputation.Imputer,standardscaler=sklearn.preprocessing.data.StandardScaler),nominal=sklearn.pipeline.Pipeline(simpleimputer=sklearn.impute.SimpleImputer,onehotencoder=sklearn.preprocessing._encoders.OneHotEncoder)),variancethreshold=sklearn.feature_selection.variance_threshold.VarianceThreshold,randomforestclassifier=sklearn.ensemble.forest.RandomForestClassifier)(2)","0.6814","jobs:null,remainder:""passthrough"",threshold:0.3,weights:null,memory:null,axis:0,copy:true,values:""NaN"",strategy:""median"",verbose:0,copy:true,mean:true,std:true,memory:null,copy:true,value:-1,values:NaN,strategy:""constant"",verbose:0,features:null,categories:null,dtype:float64""},unknown:""ignore"",values:null,sparse:true,threshold:0.0,memory:null,bootstrap:true,weight:null,criterion:""entropy"",depth:null,features:5912064767964239,nodes:null,decrease:0.0,split:null,leaf:1,split:3,leaf:0.0,estimators:100,jobs:null,score:false,state:36389,verbose:0,start:false"
"9192322","sklearn.model_selection._search.RandomizedSearchCV(estimator=sklearn.pipeline.Pipeline(imputation=hyperimp.utils.preprocessing.ConditionalImputer,hotencoding=sklearn.preprocessing.data.OneHotEncoder,variencethreshold=sklearn.feature_selection.variance_threshold.VarianceThreshold,clf=sklearn.ensemble.forest.RandomForestClassifier))(1)","0.6812","features:[],dtype:float64""},unknown:""ignore"",values:""auto"",sparse:true,threshold:0.0,bootstrap:true,weight:null,criterion:""gini"",depth:null,features:""auto"",nodes:null,decrease:0.0,split:null,leaf:1,split:2,leaf:0.0,estimators:10,jobs:1,score:false,state:46369,verbose:0,start:false,memory:null,axis:0,features:[],copy:true,empty:0,values:""NaN"",strategy:""mean"",nominal:""most_frequent"",verbose:0,cv:5,score:""raise"",params:null,iid:true,iter:100,jobs:-1,distributions:randint_gen"", ""a"": 1, ""b"": 100000, ""args"": [], ""kwds"": {""low"": 1, ""high"": 100001}}}},dispatch:""2*n_jobs"",state:742310,refit:true,score:""warn"",scoring:null,verbose:1"
"6000887","sklearn.pipeline.Pipeline(imputation=openmlstudy14.preprocessing.ConditionalImputer,hotencoding=sklearn.preprocessing.data.OneHotEncoder,variencethreshold=sklearn.feature_selection.variance_threshold.VarianceThreshold,classifier=sklearn.ensemble.weight_boosting.AdaBoostClassifier(base_estimator=sklearn.tree.tree.DecisionTreeClassifier))(1)","0.6809","weight:null,criterion:""gini"",depth:10,features:null,nodes:null,split:1e-07,leaf:1,split:2,leaf:0.0,presort:false,state:28395,splitter:""best"",axis:0,features:[],copy:true,empty:0,values:""NaN"",strategy:""median"",nominal:""most_frequent"",verbose:0,features:[],dtype:float64""},unknown:""ignore"",values:""auto"",sparse:false,threshold:0.0,algorithm:""SAMME"",rate:044599402302827044,estimators:168,state:19482"
"9158908","sklearn.pipeline.Pipeline(imputation=hyperimp.utils.preprocessing.ConditionalImputer2,hotencoding=sklearn.preprocessing.data.OneHotEncoder,variencethreshold=sklearn.feature_selection.variance_threshold.VarianceThreshold,clf=sklearn.ensemble.forest.RandomForestClassifier)(1)","0.6809","features:[],dtype:float64""},unknown:""ignore"",values:""auto"",sparse:true,threshold:0.0,bootstrap:false,weight:null,criterion:""gini"",depth:null,features:49754135713917713,nodes:null,decrease:0.0,split:null,leaf:4,split:8,leaf:0.0,estimators:300,jobs:1,score:false,state:46699,verbose:0,start:false,memory:null,axis:0,features:[],copy:true,empty:0,values:""NaN"",strategy:""mean"",nominal:""most_frequent"",verbose:0"
"9059109","sklearn.pipeline.Pipeline(imputation=hyperimp.utils.preprocessing.ConditionalImputer,hotencoding=sklearn.preprocessing.data.OneHotEncoder,variencethreshold=sklearn.feature_selection.variance_threshold.VarianceThreshold,clf=sklearn.ensemble.forest.RandomForestClassifier)(1)","0.6808","features:[],dtype:float64""},unknown:""ignore"",values:""auto"",sparse:true,threshold:0.0,bootstrap:false,weight:null,criterion:""entropy"",depth:null,features:7137049559073277,nodes:null,decrease:0.0,split:null,leaf:2,split:9,leaf:0.0,estimators:500,jobs:1,score:false,state:1,verbose:0,start:false,memory:null,axis:0,features:[],copy:true,empty:0,values:""NaN"",strategy:""mean"",nominal:""most_frequent"",verbose:0"
"9055032","sklearn.pipeline.Pipeline(imputation=hyperimp.utils.preprocessing.ConditionalImputer,hotencoding=sklearn.preprocessing.data.OneHotEncoder,variencethreshold=sklearn.feature_selection.variance_threshold.VarianceThreshold,clf=sklearn.ensemble.forest.RandomForestClassifier)(1)","0.6807","features:[],dtype:float64""},unknown:""ignore"",values:""auto"",sparse:true,threshold:0.0,bootstrap:false,weight:null,criterion:""entropy"",depth:null,features:5662625707092979,nodes:null,decrease:0.0,split:null,leaf:5,split:3,leaf:0.0,estimators:500,jobs:1,score:false,state:1,verbose:0,start:false,memory:null,axis:0,features:[],copy:true,empty:0,values:""NaN"",strategy:""mean"",nominal:""most_frequent"",verbose:0"
"9047812","sklearn.pipeline.Pipeline(imputation=hyperimp.utils.preprocessing.ConditionalImputer,hotencoding=sklearn.preprocessing.data.OneHotEncoder,variencethreshold=sklearn.feature_selection.variance_threshold.VarianceThreshold,clf=sklearn.ensemble.forest.RandomForestClassifier)(1)","0.6806","features:[],dtype:float64""},unknown:""ignore"",values:""auto"",sparse:true,threshold:0.0,bootstrap:false,weight:null,criterion:""entropy"",depth:null,features:18224794126678057,nodes:null,decrease:0.0,split:null,leaf:1,split:13,leaf:0.0,estimators:500,jobs:1,score:false,state:1,verbose:0,start:false,memory:null,axis:0,features:[],copy:true,empty:0,values:""NaN"",strategy:""mean"",nominal:""most_frequent"",verbose:0"
"10026024","sklearn.pipeline.Pipeline(columntransformer=sklearn.compose._column_transformer.ColumnTransformer(numeric=sklearn.pipeline.Pipeline(imputer=sklearn.preprocessing.imputation.Imputer,standardscaler=sklearn.preprocessing.data.StandardScaler),nominal=sklearn.pipeline.Pipeline(simpleimputer=sklearn.impute.SimpleImputer,onehotencoder=sklearn.preprocessing._encoders.OneHotEncoder)),variancethreshold=sklearn.feature_selection.variance_threshold.VarianceThreshold,randomforestclassifier=sklearn.ensemble.forest.RandomForestClassifier)(2)","0.6806","jobs:null,remainder:""passthrough"",threshold:0.3,weights:null,memory:null,axis:0,copy:true,values:""NaN"",strategy:""mean"",verbose:0,copy:true,mean:true,std:true,memory:null,copy:true,value:-1,values:NaN,strategy:""constant"",verbose:0,features:null,categories:null,dtype:float64""},unknown:""ignore"",values:null,sparse:true,threshold:0.0,memory:null,bootstrap:false,weight:null,criterion:""entropy"",depth:null,features:616768893307084,nodes:null,decrease:0.0,split:null,leaf:1,split:10,leaf:0.0,estimators:100,jobs:null,score:false,state:46488,verbose:0,start:false"
"9186227","sklearn.pipeline.Pipeline(imputation=hyperimp.utils.preprocessing.ConditionalImputer2,hotencoding=sklearn.preprocessing.data.OneHotEncoder,variencethreshold=sklearn.feature_selection.variance_threshold.VarianceThreshold,clf=sklearn.ensemble.forest.RandomForestClassifier)(1)","0.6804","features:[],dtype:float64""},unknown:""ignore"",values:""auto"",sparse:true,threshold:0.0,bootstrap:false,weight:null,criterion:""entropy"",depth:null,features:7194929381175855,nodes:null,decrease:0.0,split:null,leaf:2,split:8,leaf:0.0,estimators:300,jobs:1,score:false,state:25721,verbose:0,start:false,memory:null,axis:0,features:[],copy:true,empty:0,values:""NaN"",strategy:""mean"",nominal:""most_frequent"",verbose:0"
"5998563","sklearn.pipeline.Pipeline(imputation=openmlstudy14.preprocessing.ConditionalImputer,hotencoding=sklearn.preprocessing.data.OneHotEncoder,variencethreshold=sklearn.feature_selection.variance_threshold.VarianceThreshold,classifier=sklearn.ensemble.forest.RandomForestClassifier)(1)","0.6802","bootstrap:false,weight:null,criterion:""entropy"",depth:null,features:4006306775096834,nodes:null,split:1e-07,leaf:5,split:11,leaf:0.0,estimators:100,jobs:1,score:false,state:37937,verbose:0,start:false,axis:0,features:[],copy:true,empty:0,values:""NaN"",strategy:""most_frequent"",nominal:""most_frequent"",verbose:0,features:[],dtype:float64""},unknown:""ignore"",values:""auto"",sparse:false,threshold:0.0"
"1723369","weka.RandomForest(9)","0.6802","I:100,K:4,S:1,num-slots:1"
"9060224","sklearn.pipeline.Pipeline(imputation=hyperimp.utils.preprocessing.ConditionalImputer,hotencoding=sklearn.preprocessing.data.OneHotEncoder,variencethreshold=sklearn.feature_selection.variance_threshold.VarianceThreshold,clf=sklearn.ensemble.forest.RandomForestClassifier)(1)","0.6801","features:[],dtype:float64""},unknown:""ignore"",values:""auto"",sparse:true,threshold:0.0,bootstrap:true,weight:null,criterion:""entropy"",depth:null,features:7849273913302166,nodes:null,decrease:0.0,split:null,leaf:2,split:5,leaf:0.0,estimators:500,jobs:1,score:false,state:1,verbose:0,start:false,memory:null,axis:0,features:[],copy:true,empty:0,values:""NaN"",strategy:""mean"",nominal:""most_frequent"",verbose:0"
"9185049","sklearn.pipeline.Pipeline(imputation=hyperimp.utils.preprocessing.ConditionalImputer2,hotencoding=sklearn.preprocessing.data.OneHotEncoder,variencethreshold=sklearn.feature_selection.variance_threshold.VarianceThreshold,clf=sklearn.ensemble.forest.RandomForestClassifier)(1)","0.68","features:[],dtype:float64""},unknown:""ignore"",values:""auto"",sparse:true,threshold:0.0,bootstrap:true,weight:null,criterion:""entropy"",depth:null,features:6727139815875607,nodes:null,decrease:0.0,split:null,leaf:2,split:5,leaf:0.0,estimators:300,jobs:1,score:false,state:45513,verbose:0,start:false,memory:null,axis:0,features:[],copy:true,empty:0,values:""NaN"",strategy:""mean"",nominal:""most_frequent"",verbose:0"
"9056430","sklearn.pipeline.Pipeline(imputation=hyperimp.utils.preprocessing.ConditionalImputer,hotencoding=sklearn.preprocessing.data.OneHotEncoder,variencethreshold=sklearn.feature_selection.variance_threshold.VarianceThreshold,clf=sklearn.ensemble.forest.RandomForestClassifier)(1)","0.68","features:[],dtype:float64""},unknown:""ignore"",values:""auto"",sparse:true,threshold:0.0,bootstrap:true,weight:null,criterion:""entropy"",depth:null,features:9468451415284549,nodes:null,decrease:0.0,split:null,leaf:2,split:2,leaf:0.0,estimators:500,jobs:1,score:false,state:1,verbose:0,start:false,memory:null,axis:0,features:[],copy:true,empty:0,values:""NaN"",strategy:""mean"",nominal:""most_frequent"",verbose:0"
"5980946","sklearn.pipeline.Pipeline(imputation=openmlstudy14.preprocessing.ConditionalImputer,hotencoding=sklearn.preprocessing.data.OneHotEncoder,variencethreshold=sklearn.feature_selection.variance_threshold.VarianceThreshold,classifier=sklearn.ensemble.forest.RandomForestClassifier)(1)","0.6799","bootstrap:false,weight:null,criterion:""gini"",depth:null,features:31298148960370686,nodes:null,split:1e-07,leaf:4,split:4,leaf:0.0,estimators:100,jobs:1,score:false,state:26873,verbose:0,start:false,axis:0,features:[],copy:true,empty:0,values:""NaN"",strategy:""most_frequent"",nominal:""most_frequent"",verbose:0,features:[],dtype:float64""},unknown:""ignore"",values:""auto"",sparse:false,threshold:0.0"
"1730156","weka.RandomForest(9)","0.6799","I:100,K:6,S:1,num-slots:1"
"9156373","sklearn.pipeline.Pipeline(imputation=hyperimp.utils.preprocessing.ConditionalImputer2,hotencoding=sklearn.preprocessing.data.OneHotEncoder,variencethreshold=sklearn.feature_selection.variance_threshold.VarianceThreshold,clf=sklearn.ensemble.forest.RandomForestClassifier)(1)","0.6798","features:[],dtype:float64""},unknown:""ignore"",values:""auto"",sparse:true,threshold:0.0,bootstrap:false,weight:null,criterion:""entropy"",depth:null,features:46322972245856897,nodes:null,decrease:0.0,split:null,leaf:1,split:15,leaf:0.0,estimators:300,jobs:1,score:false,state:83744,verbose:0,start:false,memory:null,axis:0,features:[],copy:true,empty:0,values:""NaN"",strategy:""mean"",nominal:""most_frequent"",verbose:0"
"9059136","sklearn.pipeline.Pipeline(imputation=hyperimp.utils.preprocessing.ConditionalImputer,hotencoding=sklearn.preprocessing.data.OneHotEncoder,variencethreshold=sklearn.feature_selection.variance_threshold.VarianceThreshold,clf=sklearn.ensemble.forest.RandomForestClassifier)(1)","0.6798","features:[],dtype:float64""},unknown:""ignore"",values:""auto"",sparse:true,threshold:0.0,bootstrap:false,weight:null,criterion:""gini"",depth:null,features:17480583948008577,nodes:null,decrease:0.0,split:null,leaf:2,split:11,leaf:0.0,estimators:500,jobs:1,score:false,state:1,verbose:0,start:false,memory:null,axis:0,features:[],copy:true,empty:0,values:""NaN"",strategy:""mean"",nominal:""most_frequent"",verbose:0"
"9046005","sklearn.pipeline.Pipeline(imputation=hyperimp.utils.preprocessing.ConditionalImputer,hotencoding=sklearn.preprocessing.data.OneHotEncoder,variencethreshold=sklearn.feature_selection.variance_threshold.VarianceThreshold,clf=sklearn.ensemble.forest.RandomForestClassifier)(1)","0.6797","features:[],dtype:float64""},unknown:""ignore"",values:""auto"",sparse:true,threshold:0.0,bootstrap:true,weight:null,criterion:""entropy"",depth:null,features:5781999895799455,nodes:null,decrease:0.0,split:null,leaf:1,split:7,leaf:0.0,estimators:500,jobs:1,score:false,state:1,verbose:0,start:false,memory:null,axis:0,features:[],copy:true,empty:0,values:""NaN"",strategy:""mean"",nominal:""most_frequent"",verbose:0"
"5997775","sklearn.pipeline.Pipeline(imputation=openmlstudy14.preprocessing.ConditionalImputer,hotencoding=sklearn.preprocessing.data.OneHotEncoder,variencethreshold=sklearn.feature_selection.variance_threshold.VarianceThreshold,classifier=sklearn.ensemble.weight_boosting.AdaBoostClassifier(base_estimator=sklearn.tree.tree.DecisionTreeClassifier))(1)","0.6796","weight:null,criterion:""gini"",depth:8,features:null,nodes:null,split:1e-07,leaf:1,split:2,leaf:0.0,presort:false,state:10926,splitter:""best"",axis:0,features:[],copy:true,empty:0,values:""NaN"",strategy:""mean"",nominal:""most_frequent"",verbose:0,features:[],dtype:float64""},unknown:""ignore"",values:""auto"",sparse:false,threshold:0.0,algorithm:""SAMME"",rate:08305047732521378,estimators:372,state:61673"
"9041786","sklearn.pipeline.Pipeline(imputation=hyperimp.utils.preprocessing.ConditionalImputer,hotencoding=sklearn.preprocessing.data.OneHotEncoder,variencethreshold=sklearn.feature_selection.variance_threshold.VarianceThreshold,clf=sklearn.ensemble.forest.RandomForestClassifier)(1)","0.6795","features:[],dtype:float64""},unknown:""ignore"",values:""auto"",sparse:true,threshold:0.0,bootstrap:false,weight:null,criterion:""entropy"",depth:null,features:35818389625282354,nodes:null,decrease:0.0,split:null,leaf:4,split:13,leaf:0.0,estimators:500,jobs:1,score:false,state:1,verbose:0,start:false,memory:null,axis:0,features:[],copy:true,empty:0,values:""NaN"",strategy:""mean"",nominal:""most_frequent"",verbose:0"
"9059462","sklearn.pipeline.Pipeline(imputation=hyperimp.utils.preprocessing.ConditionalImputer,hotencoding=sklearn.preprocessing.data.OneHotEncoder,variencethreshold=sklearn.feature_selection.variance_threshold.VarianceThreshold,clf=sklearn.ensemble.forest.RandomForestClassifier)(1)","0.6795","features:[],dtype:float64""},unknown:""ignore"",values:""auto"",sparse:true,threshold:0.0,bootstrap:false,weight:null,criterion:""entropy"",depth:null,features:5937326274874325,nodes:null,decrease:0.0,split:null,leaf:1,split:15,leaf:0.0,estimators:500,jobs:1,score:false,state:1,verbose:0,start:false,memory:null,axis:0,features:[],copy:true,empty:0,values:""NaN"",strategy:""mean"",nominal:""most_frequent"",verbose:0"
"5983375","sklearn.pipeline.Pipeline(imputation=openmlstudy14.preprocessing.ConditionalImputer,hotencoding=sklearn.preprocessing.data.OneHotEncoder,variencethreshold=sklearn.feature_selection.variance_threshold.VarianceThreshold,classifier=sklearn.ensemble.forest.RandomForestClassifier)(1)","0.6793","bootstrap:false,weight:null,criterion:""gini"",depth:null,features:2761917636214267,nodes:null,split:1e-07,leaf:2,split:10,leaf:0.0,estimators:100,jobs:1,score:false,state:29904,verbose:0,start:false,axis:0,features:[],copy:true,empty:0,values:""NaN"",strategy:""mean"",nominal:""most_frequent"",verbose:0,features:[],dtype:float64""},unknown:""ignore"",values:""auto"",sparse:false,threshold:0.0"
"10025780","sklearn.pipeline.Pipeline(columntransformer=sklearn.compose._column_transformer.ColumnTransformer(numeric=sklearn.pipeline.Pipeline(imputer=sklearn.preprocessing.imputation.Imputer,standardscaler=sklearn.preprocessing.data.StandardScaler),nominal=sklearn.pipeline.Pipeline(simpleimputer=sklearn.impute.SimpleImputer,onehotencoder=sklearn.preprocessing._encoders.OneHotEncoder)),variancethreshold=sklearn.feature_selection.variance_threshold.VarianceThreshold,randomforestclassifier=sklearn.ensemble.forest.RandomForestClassifier)(2)","0.6793","jobs:null,remainder:""passthrough"",threshold:0.3,weights:null,memory:null,axis:0,copy:true,values:""NaN"",strategy:""mean"",verbose:0,copy:true,mean:true,std:true,memory:null,copy:true,value:-1,values:NaN,strategy:""constant"",verbose:0,features:null,categories:null,dtype:float64""},unknown:""ignore"",values:null,sparse:true,threshold:0.0,memory:null,bootstrap:false,weight:null,criterion:""gini"",depth:null,features:4485030564222916,nodes:null,decrease:0.0,split:null,leaf:2,split:11,leaf:0.0,estimators:100,jobs:null,score:false,state:58723,verbose:0,start:false"
"9185225","sklearn.pipeline.Pipeline(imputation=hyperimp.utils.preprocessing.ConditionalImputer2,hotencoding=sklearn.preprocessing.data.OneHotEncoder,variencethreshold=sklearn.feature_selection.variance_threshold.VarianceThreshold,clf=sklearn.ensemble.forest.RandomForestClassifier)(1)","0.6791","features:[],dtype:float64""},unknown:""ignore"",values:""auto"",sparse:true,threshold:0.0,bootstrap:true,weight:null,criterion:""entropy"",depth:null,features:4191283761795467,nodes:null,decrease:0.0,split:null,leaf:2,split:6,leaf:0.0,estimators:300,jobs:1,score:false,state:56394,verbose:0,start:false,memory:null,axis:0,features:[],copy:true,empty:0,values:""NaN"",strategy:""mean"",nominal:""most_frequent"",verbose:0"
"568819","weka.RandomForest(9)","0.6791","I:100,K:0,S:1,num-slots:1"
"9162917","sklearn.pipeline.Pipeline(imputation=hyperimp.utils.preprocessing.ConditionalImputer2,hotencoding=sklearn.preprocessing.data.OneHotEncoder,variencethreshold=sklearn.feature_selection.variance_threshold.VarianceThreshold,clf=sklearn.ensemble.forest.RandomForestClassifier)(1)","0.6789","features:[],dtype:float64""},unknown:""ignore"",values:""auto"",sparse:true,threshold:0.0,bootstrap:false,weight:null,criterion:""gini"",depth:null,features:12206486580853892,nodes:null,decrease:0.0,split:null,leaf:2,split:10,leaf:0.0,estimators:300,jobs:1,score:false,state:90525,verbose:0,start:false,memory:null,axis:0,features:[],copy:true,empty:0,values:""NaN"",strategy:""mean"",nominal:""most_frequent"",verbose:0"
"9175869","sklearn.pipeline.Pipeline(imputation=hyperimp.utils.preprocessing.ConditionalImputer2,hotencoding=sklearn.preprocessing.data.OneHotEncoder,variencethreshold=sklearn.feature_selection.variance_threshold.VarianceThreshold,clf=sklearn.ensemble.forest.RandomForestClassifier)(1)","0.6789","features:[],dtype:float64""},unknown:""ignore"",values:""auto"",sparse:true,threshold:0.0,bootstrap:false,weight:null,criterion:""entropy"",depth:null,features:3832705214990776,nodes:null,decrease:0.0,split:null,leaf:6,split:2,leaf:0.0,estimators:300,jobs:1,score:false,state:59603,verbose:0,start:false,memory:null,axis:0,features:[],copy:true,empty:0,values:""NaN"",strategy:""mean"",nominal:""most_frequent"",verbose:0"
"9185033","sklearn.pipeline.Pipeline(imputation=hyperimp.utils.preprocessing.ConditionalImputer2,hotencoding=sklearn.preprocessing.data.OneHotEncoder,variencethreshold=sklearn.feature_selection.variance_threshold.VarianceThreshold,clf=sklearn.ensemble.forest.RandomForestClassifier)(1)","0.6788","features:[],dtype:float64""},unknown:""ignore"",values:""auto"",sparse:true,threshold:0.0,bootstrap:true,weight:null,criterion:""entropy"",depth:null,features:8558429488638675,nodes:null,decrease:0.0,split:null,leaf:2,split:5,leaf:0.0,estimators:300,jobs:1,score:false,state:79499,verbose:0,start:false,memory:null,axis:0,features:[],copy:true,empty:0,values:""NaN"",strategy:""mean"",nominal:""most_frequent"",verbose:0"
"9171099","sklearn.pipeline.Pipeline(imputation=hyperimp.utils.preprocessing.ConditionalImputer2,hotencoding=sklearn.preprocessing.data.OneHotEncoder,variencethreshold=sklearn.feature_selection.variance_threshold.VarianceThreshold,clf=sklearn.ensemble.forest.RandomForestClassifier)(1)","0.6787","features:[],dtype:float64""},unknown:""ignore"",values:""auto"",sparse:true,threshold:0.0,bootstrap:true,weight:null,criterion:""entropy"",depth:null,features:7664861264924409,nodes:null,decrease:0.0,split:null,leaf:2,split:6,leaf:0.0,estimators:300,jobs:1,score:false,state:84418,verbose:0,start:false,memory:null,axis:0,features:[],copy:true,empty:0,values:""NaN"",strategy:""mean"",nominal:""most_frequent"",verbose:0"
"6003897","sklearn.pipeline.Pipeline(imputation=openmlstudy14.preprocessing.ConditionalImputer,hotencoding=sklearn.preprocessing.data.OneHotEncoder,variencethreshold=sklearn.feature_selection.variance_threshold.VarianceThreshold,classifier=sklearn.ensemble.forest.RandomForestClassifier)(1)","0.6786","bootstrap:false,weight:null,criterion:""gini"",depth:null,features:12524506210358075,nodes:null,split:1e-07,leaf:3,split:5,leaf:0.0,estimators:100,jobs:1,score:false,state:40300,verbose:0,start:false,axis:0,features:[],copy:true,empty:0,values:""NaN"",strategy:""most_frequent"",nominal:""most_frequent"",verbose:0,features:[],dtype:float64""},unknown:""ignore"",values:""auto"",sparse:false,threshold:0.0"
"9183587","sklearn.pipeline.Pipeline(imputation=hyperimp.utils.preprocessing.ConditionalImputer2,hotencoding=sklearn.preprocessing.data.OneHotEncoder,variencethreshold=sklearn.feature_selection.variance_threshold.VarianceThreshold,clf=sklearn.ensemble.forest.RandomForestClassifier)(1)","0.6785","features:[],dtype:float64""},unknown:""ignore"",values:""auto"",sparse:true,threshold:0.0,bootstrap:false,weight:null,criterion:""entropy"",depth:null,features:21879791024299333,nodes:null,decrease:0.0,split:null,leaf:5,split:11,leaf:0.0,estimators:300,jobs:1,score:false,state:65592,verbose:0,start:false,memory:null,axis:0,features:[],copy:true,empty:0,values:""NaN"",strategy:""mean"",nominal:""most_frequent"",verbose:0"
"9174691","sklearn.pipeline.Pipeline(imputation=hyperimp.utils.preprocessing.ConditionalImputer2,hotencoding=sklearn.preprocessing.data.OneHotEncoder,variencethreshold=sklearn.feature_selection.variance_threshold.VarianceThreshold,clf=sklearn.ensemble.forest.RandomForestClassifier)(1)","0.6785","features:[],dtype:float64""},unknown:""ignore"",values:""auto"",sparse:true,threshold:0.0,bootstrap:false,weight:null,criterion:""entropy"",depth:null,features:748626732853254,nodes:null,decrease:0.0,split:null,leaf:2,split:10,leaf:0.0,estimators:300,jobs:1,score:false,state:24289,verbose:0,start:false,memory:null,axis:0,features:[],copy:true,empty:0,values:""NaN"",strategy:""mean"",nominal:""most_frequent"",verbose:0"
"5986432","sklearn.pipeline.Pipeline(imputation=openmlstudy14.preprocessing.ConditionalImputer,hotencoding=sklearn.preprocessing.data.OneHotEncoder,variencethreshold=sklearn.feature_selection.variance_threshold.VarianceThreshold,classifier=sklearn.ensemble.forest.RandomForestClassifier)(1)","0.6784","bootstrap:false,weight:null,criterion:""gini"",depth:null,features:24255917234647095,nodes:null,split:1e-07,leaf:4,split:5,leaf:0.0,estimators:100,jobs:1,score:false,state:59360,verbose:0,start:false,axis:0,features:[],copy:true,empty:0,values:""NaN"",strategy:""mean"",nominal:""most_frequent"",verbose:0,features:[],dtype:float64""},unknown:""ignore"",values:""auto"",sparse:false,threshold:0.0"
"9059794","sklearn.pipeline.Pipeline(imputation=hyperimp.utils.preprocessing.ConditionalImputer,hotencoding=sklearn.preprocessing.data.OneHotEncoder,variencethreshold=sklearn.feature_selection.variance_threshold.VarianceThreshold,clf=sklearn.ensemble.forest.RandomForestClassifier)(1)","0.6784","features:[],dtype:float64""},unknown:""ignore"",values:""auto"",sparse:true,threshold:0.0,bootstrap:false,weight:null,criterion:""entropy"",depth:null,features:3418511155124022,nodes:null,decrease:0.0,split:null,leaf:1,split:16,leaf:0.0,estimators:500,jobs:1,score:false,state:1,verbose:0,start:false,memory:null,axis:0,features:[],copy:true,empty:0,values:""NaN"",strategy:""mean"",nominal:""most_frequent"",verbose:0"
"9058298","sklearn.pipeline.Pipeline(imputation=hyperimp.utils.preprocessing.ConditionalImputer,hotencoding=sklearn.preprocessing.data.OneHotEncoder,variencethreshold=sklearn.feature_selection.variance_threshold.VarianceThreshold,clf=sklearn.ensemble.forest.RandomForestClassifier)(1)","0.6784","features:[],dtype:float64""},unknown:""ignore"",values:""auto"",sparse:true,threshold:0.0,bootstrap:false,weight:null,criterion:""entropy"",depth:null,features:10754328881910158,nodes:null,decrease:0.0,split:null,leaf:4,split:3,leaf:0.0,estimators:500,jobs:1,score:false,state:1,verbose:0,start:false,memory:null,axis:0,features:[],copy:true,empty:0,values:""NaN"",strategy:""mean"",nominal:""most_frequent"",verbose:0"
"9058946","sklearn.pipeline.Pipeline(imputation=hyperimp.utils.preprocessing.ConditionalImputer,hotencoding=sklearn.preprocessing.data.OneHotEncoder,variencethreshold=sklearn.feature_selection.variance_threshold.VarianceThreshold,clf=sklearn.ensemble.forest.RandomForestClassifier)(1)","0.6781","features:[],dtype:float64""},unknown:""ignore"",values:""auto"",sparse:true,threshold:0.0,bootstrap:false,weight:null,criterion:""gini"",depth:null,features:5484556176659736,nodes:null,decrease:0.0,split:null,leaf:1,split:14,leaf:0.0,estimators:500,jobs:1,score:false,state:1,verbose:0,start:false,memory:null,axis:0,features:[],copy:true,empty:0,values:""NaN"",strategy:""mean"",nominal:""most_frequent"",verbose:0"
"9057906","sklearn.pipeline.Pipeline(imputation=hyperimp.utils.preprocessing.ConditionalImputer,hotencoding=sklearn.preprocessing.data.OneHotEncoder,variencethreshold=sklearn.feature_selection.variance_threshold.VarianceThreshold,clf=sklearn.ensemble.forest.RandomForestClassifier)(1)","0.6781","features:[],dtype:float64""},unknown:""ignore"",values:""auto"",sparse:true,threshold:0.0,bootstrap:false,weight:null,criterion:""gini"",depth:null,features:3041883944577556,nodes:null,decrease:0.0,split:null,leaf:2,split:14,leaf:0.0,estimators:500,jobs:1,score:false,state:1,verbose:0,start:false,memory:null,axis:0,features:[],copy:true,empty:0,values:""NaN"",strategy:""mean"",nominal:""most_frequent"",verbose:0"
"10033048","sklearn.pipeline.Pipeline(columntransformer=sklearn.compose._column_transformer.ColumnTransformer(numeric=sklearn.pipeline.Pipeline(imputer=sklearn.preprocessing.imputation.Imputer,standardscaler=sklearn.preprocessing.data.StandardScaler),nominal=sklearn.pipeline.Pipeline(simpleimputer=sklearn.impute.SimpleImputer,onehotencoder=sklearn.preprocessing._encoders.OneHotEncoder)),variancethreshold=sklearn.feature_selection.variance_threshold.VarianceThreshold,randomforestclassifier=sklearn.ensemble.forest.RandomForestClassifier)(2)","0.678","jobs:null,remainder:""passthrough"",threshold:0.3,weights:null,memory:null,axis:0,copy:true,values:""NaN"",strategy:""mean"",verbose:0,copy:true,mean:true,std:true,memory:null,copy:true,value:-1,values:NaN,strategy:""constant"",verbose:0,features:null,categories:null,dtype:float64""},unknown:""ignore"",values:null,sparse:true,threshold:0.0,memory:null,bootstrap:false,weight:null,criterion:""entropy"",depth:null,features:20328337040982825,nodes:null,decrease:0.0,split:null,leaf:4,split:10,leaf:0.0,estimators:100,jobs:null,score:false,state:43413,verbose:0,start:false"
"9164864","sklearn.pipeline.Pipeline(imputation=hyperimp.utils.preprocessing.ConditionalImputer2,hotencoding=sklearn.preprocessing.data.OneHotEncoder,variencethreshold=sklearn.feature_selection.variance_threshold.VarianceThreshold,clf=sklearn.ensemble.forest.RandomForestClassifier)(1)","0.6779","features:[],dtype:float64""},unknown:""ignore"",values:""auto"",sparse:true,threshold:0.0,bootstrap:false,weight:null,criterion:""gini"",depth:null,features:23229953551046822,nodes:null,decrease:0.0,split:null,leaf:4,split:10,leaf:0.0,estimators:300,jobs:1,score:false,state:7808,verbose:0,start:false,memory:null,axis:0,features:[],copy:true,empty:0,values:""NaN"",strategy:""mean"",nominal:""most_frequent"",verbose:0"
"9172722","sklearn.pipeline.Pipeline(imputation=hyperimp.utils.preprocessing.ConditionalImputer2,hotencoding=sklearn.preprocessing.data.OneHotEncoder,variencethreshold=sklearn.feature_selection.variance_threshold.VarianceThreshold,clf=sklearn.ensemble.forest.RandomForestClassifier)(1)","0.6778","features:[],dtype:float64""},unknown:""ignore"",values:""auto"",sparse:true,threshold:0.0,bootstrap:false,weight:null,criterion:""gini"",depth:null,features:5617631895796374,nodes:null,decrease:0.0,split:null,leaf:4,split:5,leaf:0.0,estimators:300,jobs:1,score:false,state:31392,verbose:0,start:false,memory:null,axis:0,features:[],copy:true,empty:0,values:""NaN"",strategy:""mean"",nominal:""most_frequent"",verbose:0"
"9178988","sklearn.pipeline.Pipeline(imputation=hyperimp.utils.preprocessing.ConditionalImputer2,hotencoding=sklearn.preprocessing.data.OneHotEncoder,variencethreshold=sklearn.feature_selection.variance_threshold.VarianceThreshold,clf=sklearn.ensemble.forest.RandomForestClassifier)(1)","0.6776","features:[],dtype:float64""},unknown:""ignore"",values:""auto"",sparse:true,threshold:0.0,bootstrap:false,weight:null,criterion:""gini"",depth:null,features:3611495737619381,nodes:null,decrease:0.0,split:null,leaf:2,split:12,leaf:0.0,estimators:300,jobs:1,score:false,state:92810,verbose:0,start:false,memory:null,axis:0,features:[],copy:true,empty:0,values:""NaN"",strategy:""mean"",nominal:""most_frequent"",verbose:0"
"9055275","sklearn.pipeline.Pipeline(imputation=hyperimp.utils.preprocessing.ConditionalImputer,hotencoding=sklearn.preprocessing.data.OneHotEncoder,variencethreshold=sklearn.feature_selection.variance_threshold.VarianceThreshold,clf=sklearn.ensemble.forest.RandomForestClassifier)(1)","0.6775","features:[],dtype:float64""},unknown:""ignore"",values:""auto"",sparse:true,threshold:0.0,bootstrap:false,weight:null,criterion:""entropy"",depth:null,features:8003836593883105,nodes:null,decrease:0.0,split:null,leaf:1,split:3,leaf:0.0,estimators:500,jobs:1,score:false,state:1,verbose:0,start:false,memory:null,axis:0,features:[],copy:true,empty:0,values:""NaN"",strategy:""mean"",nominal:""most_frequent"",verbose:0"
"6030579","sklearn.pipeline.Pipeline(imputation=openmlstudy14.preprocessing.ConditionalImputer,hotencoding=sklearn.preprocessing.data.OneHotEncoder,variencethreshold=sklearn.feature_selection.variance_threshold.VarianceThreshold,classifier=sklearn.ensemble.forest.RandomForestClassifier)(1)","0.6774","bootstrap:false,weight:null,criterion:""entropy"",depth:null,features:7089903195027983,nodes:null,split:1e-07,leaf:3,split:6,leaf:0.0,estimators:100,jobs:1,score:false,state:36859,verbose:0,start:false,axis:0,features:[],copy:true,empty:0,values:""NaN"",strategy:""mean"",nominal:""most_frequent"",verbose:0,features:[],dtype:float64""},unknown:""ignore"",values:""auto"",sparse:true,threshold:0.0"
"9059937","sklearn.pipeline.Pipeline(imputation=hyperimp.utils.preprocessing.ConditionalImputer,hotencoding=sklearn.preprocessing.data.OneHotEncoder,variencethreshold=sklearn.feature_selection.variance_threshold.VarianceThreshold,clf=sklearn.ensemble.forest.RandomForestClassifier)(1)","0.6774","features:[],dtype:float64""},unknown:""ignore"",values:""auto"",sparse:true,threshold:0.0,bootstrap:true,weight:null,criterion:""entropy"",depth:null,features:34801412159111234,nodes:null,decrease:0.0,split:null,leaf:3,split:2,leaf:0.0,estimators:500,jobs:1,score:false,state:1,verbose:0,start:false,memory:null,axis:0,features:[],copy:true,empty:0,values:""NaN"",strategy:""mean"",nominal:""most_frequent"",verbose:0"
"9046947","sklearn.pipeline.Pipeline(imputation=hyperimp.utils.preprocessing.ConditionalImputer,hotencoding=sklearn.preprocessing.data.OneHotEncoder,variencethreshold=sklearn.feature_selection.variance_threshold.VarianceThreshold,clf=sklearn.ensemble.forest.RandomForestClassifier)(1)","0.6774","features:[],dtype:float64""},unknown:""ignore"",values:""auto"",sparse:true,threshold:0.0,bootstrap:true,weight:null,criterion:""gini"",depth:null,features:5440907048650784,nodes:null,decrease:0.0,split:null,leaf:2,split:2,leaf:0.0,estimators:500,jobs:1,score:false,state:1,verbose:0,start:false,memory:null,axis:0,features:[],copy:true,empty:0,values:""NaN"",strategy:""mean"",nominal:""most_frequent"",verbose:0"
"9060065","sklearn.pipeline.Pipeline(imputation=hyperimp.utils.preprocessing.ConditionalImputer,hotencoding=sklearn.preprocessing.data.OneHotEncoder,variencethreshold=sklearn.feature_selection.variance_threshold.VarianceThreshold,clf=sklearn.ensemble.forest.RandomForestClassifier)(1)","0.6773","features:[],dtype:float64""},unknown:""ignore"",values:""auto"",sparse:true,threshold:0.0,bootstrap:false,weight:null,criterion:""entropy"",depth:null,features:6512038613160932,nodes:null,decrease:0.0,split:null,leaf:2,split:15,leaf:0.0,estimators:500,jobs:1,score:false,state:1,verbose:0,start:false,memory:null,axis:0,features:[],copy:true,empty:0,values:""NaN"",strategy:""mean"",nominal:""most_frequent"",verbose:0"
"6026295","sklearn.pipeline.Pipeline(imputation=openmlstudy14.preprocessing.ConditionalImputer,hotencoding=sklearn.preprocessing.data.OneHotEncoder,variencethreshold=sklearn.feature_selection.variance_threshold.VarianceThreshold,classifier=sklearn.ensemble.forest.RandomForestClassifier)(1)","0.6771","bootstrap:true,weight:null,criterion:""gini"",depth:null,features:6407289496124478,nodes:null,split:1e-07,leaf:1,split:3,leaf:0.0,estimators:100,jobs:1,score:false,state:27080,verbose:0,start:false,axis:0,features:[],copy:true,empty:0,values:""NaN"",strategy:""median"",nominal:""most_frequent"",verbose:0,features:[],dtype:float64""},unknown:""ignore"",values:""auto"",sparse:true,threshold:0.0"
"9058613","sklearn.pipeline.Pipeline(imputation=hyperimp.utils.preprocessing.ConditionalImputer,hotencoding=sklearn.preprocessing.data.OneHotEncoder,variencethreshold=sklearn.feature_selection.variance_threshold.VarianceThreshold,clf=sklearn.ensemble.forest.RandomForestClassifier)(1)","0.6771","features:[],dtype:float64""},unknown:""ignore"",values:""auto"",sparse:true,threshold:0.0,bootstrap:false,weight:null,criterion:""gini"",depth:null,features:7431051360659136,nodes:null,decrease:0.0,split:null,leaf:1,split:4,leaf:0.0,estimators:500,jobs:1,score:false,state:1,verbose:0,start:false,memory:null,axis:0,features:[],copy:true,empty:0,values:""NaN"",strategy:""mean"",nominal:""most_frequent"",verbose:0"
"5991766","sklearn.pipeline.Pipeline(imputation=openmlstudy14.preprocessing.ConditionalImputer,hotencoding=sklearn.preprocessing.data.OneHotEncoder,variencethreshold=sklearn.feature_selection.variance_threshold.VarianceThreshold,classifier=sklearn.ensemble.forest.RandomForestClassifier)(1)","0.677","bootstrap:false,weight:null,criterion:""entropy"",depth:null,features:7036063620520115,nodes:null,split:1e-07,leaf:1,split:11,leaf:0.0,estimators:100,jobs:1,score:false,state:43953,verbose:0,start:false,axis:0,features:[],copy:true,empty:0,values:""NaN"",strategy:""most_frequent"",nominal:""most_frequent"",verbose:0,features:[],dtype:float64""},unknown:""ignore"",values:""auto"",sparse:false,threshold:0.0"
"9059037","sklearn.pipeline.Pipeline(imputation=hyperimp.utils.preprocessing.ConditionalImputer,hotencoding=sklearn.preprocessing.data.OneHotEncoder,variencethreshold=sklearn.feature_selection.variance_threshold.VarianceThreshold,clf=sklearn.ensemble.forest.RandomForestClassifier)(1)","0.677","features:[],dtype:float64""},unknown:""ignore"",values:""auto"",sparse:true,threshold:0.0,bootstrap:false,weight:null,criterion:""entropy"",depth:null,features:10739425402488645,nodes:null,decrease:0.0,split:null,leaf:3,split:10,leaf:0.0,estimators:500,jobs:1,score:false,state:1,verbose:0,start:false,memory:null,axis:0,features:[],copy:true,empty:0,values:""NaN"",strategy:""mean"",nominal:""most_frequent"",verbose:0"
"6034042","sklearn.pipeline.Pipeline(imputation=openmlstudy14.preprocessing.ConditionalImputer,hotencoding=sklearn.preprocessing.data.OneHotEncoder,variencethreshold=sklearn.feature_selection.variance_threshold.VarianceThreshold,classifier=sklearn.ensemble.forest.RandomForestClassifier)(1)","0.6769","bootstrap:false,weight:null,criterion:""entropy"",depth:null,features:38040689912148273,nodes:null,split:1e-07,leaf:5,split:13,leaf:0.0,estimators:100,jobs:1,score:false,state:61458,verbose:0,start:false,axis:0,features:[],copy:true,empty:0,values:""NaN"",strategy:""most_frequent"",nominal:""most_frequent"",verbose:0,features:[],dtype:float64""},unknown:""ignore"",values:""auto"",sparse:true,threshold:0.0"
"9162109","sklearn.pipeline.Pipeline(imputation=hyperimp.utils.preprocessing.ConditionalImputer2,hotencoding=sklearn.preprocessing.data.OneHotEncoder,variencethreshold=sklearn.feature_selection.variance_threshold.VarianceThreshold,clf=sklearn.ensemble.forest.RandomForestClassifier)(1)","0.6768","features:[],dtype:float64""},unknown:""ignore"",values:""auto"",sparse:true,threshold:0.0,bootstrap:false,weight:null,criterion:""entropy"",depth:null,features:2828235280182836,nodes:null,decrease:0.0,split:null,leaf:5,split:13,leaf:0.0,estimators:300,jobs:1,score:false,state:96181,verbose:0,start:false,memory:null,axis:0,features:[],copy:true,empty:0,values:""NaN"",strategy:""mean"",nominal:""most_frequent"",verbose:0"
"5992415","sklearn.pipeline.Pipeline(imputation=openmlstudy14.preprocessing.ConditionalImputer,hotencoding=sklearn.preprocessing.data.OneHotEncoder,variencethreshold=sklearn.feature_selection.variance_threshold.VarianceThreshold,classifier=sklearn.ensemble.weight_boosting.AdaBoostClassifier(base_estimator=sklearn.tree.tree.DecisionTreeClassifier))(1)","0.6763","weight:null,criterion:""gini"",depth:7,features:null,nodes:null,split:1e-07,leaf:1,split:2,leaf:0.0,presort:false,state:30313,splitter:""best"",axis:0,features:[],copy:true,empty:0,values:""NaN"",strategy:""mean"",nominal:""most_frequent"",verbose:0,features:[],dtype:float64""},unknown:""ignore"",values:""auto"",sparse:false,threshold:0.0,algorithm:""SAMME"",rate:5286456783305252,estimators:326,state:60737"
"9175390","sklearn.pipeline.Pipeline(imputation=hyperimp.utils.preprocessing.ConditionalImputer2,hotencoding=sklearn.preprocessing.data.OneHotEncoder,variencethreshold=sklearn.feature_selection.variance_threshold.VarianceThreshold,clf=sklearn.ensemble.forest.RandomForestClassifier)(1)","0.6763","features:[],dtype:float64""},unknown:""ignore"",values:""auto"",sparse:true,threshold:0.0,bootstrap:true,weight:null,criterion:""gini"",depth:null,features:6483004345812845,nodes:null,decrease:0.0,split:null,leaf:2,split:4,leaf:0.0,estimators:300,jobs:1,score:false,state:86487,verbose:0,start:false,memory:null,axis:0,features:[],copy:true,empty:0,values:""NaN"",strategy:""mean"",nominal:""most_frequent"",verbose:0"
"9040030","sklearn.pipeline.Pipeline(imputation=hyperimp.utils.preprocessing.ConditionalImputer,hotencoding=sklearn.preprocessing.data.OneHotEncoder,variencethreshold=sklearn.feature_selection.variance_threshold.VarianceThreshold,clf=sklearn.ensemble.forest.RandomForestClassifier)(1)","0.6763","features:[],dtype:float64""},unknown:""ignore"",values:""auto"",sparse:true,threshold:0.0,bootstrap:false,weight:null,criterion:""entropy"",depth:null,features:12883276330665572,nodes:null,decrease:0.0,split:null,leaf:4,split:11,leaf:0.0,estimators:500,jobs:1,score:false,state:1,verbose:0,start:false,memory:null,axis:0,features:[],copy:true,empty:0,values:""NaN"",strategy:""mean"",nominal:""most_frequent"",verbose:0"
"9057245","sklearn.pipeline.Pipeline(imputation=hyperimp.utils.preprocessing.ConditionalImputer,hotencoding=sklearn.preprocessing.data.OneHotEncoder,variencethreshold=sklearn.feature_selection.variance_threshold.VarianceThreshold,clf=sklearn.ensemble.forest.RandomForestClassifier)(1)","0.6762","features:[],dtype:float64""},unknown:""ignore"",values:""auto"",sparse:true,threshold:0.0,bootstrap:false,weight:null,criterion:""gini"",depth:null,features:19909391182665115,nodes:null,decrease:0.0,split:null,leaf:4,split:11,leaf:0.0,estimators:500,jobs:1,score:false,state:1,verbose:0,start:false,memory:null,axis:0,features:[],copy:true,empty:0,values:""NaN"",strategy:""mean"",nominal:""most_frequent"",verbose:0"
"5989220","sklearn.pipeline.Pipeline(imputation=openmlstudy14.preprocessing.ConditionalImputer,hotencoding=sklearn.preprocessing.data.OneHotEncoder,variencethreshold=sklearn.feature_selection.variance_threshold.VarianceThreshold,classifier=sklearn.ensemble.forest.RandomForestClassifier)(1)","0.6759","bootstrap:false,weight:null,criterion:""gini"",depth:null,features:15255843445657355,nodes:null,split:1e-07,leaf:3,split:9,leaf:0.0,estimators:100,jobs:1,score:false,state:19314,verbose:0,start:false,axis:0,features:[],copy:true,empty:0,values:""NaN"",strategy:""mean"",nominal:""most_frequent"",verbose:0,features:[],dtype:float64""},unknown:""ignore"",values:""auto"",sparse:false,threshold:0.0"
"9055030","sklearn.pipeline.Pipeline(imputation=hyperimp.utils.preprocessing.ConditionalImputer,hotencoding=sklearn.preprocessing.data.OneHotEncoder,variencethreshold=sklearn.feature_selection.variance_threshold.VarianceThreshold,clf=sklearn.ensemble.forest.RandomForestClassifier)(1)","0.6759","features:[],dtype:float64""},unknown:""ignore"",values:""auto"",sparse:true,threshold:0.0,bootstrap:false,weight:null,criterion:""entropy"",depth:null,features:5907877242263503,nodes:null,decrease:0.0,split:null,leaf:6,split:4,leaf:0.0,estimators:500,jobs:1,score:false,state:1,verbose:0,start:false,memory:null,axis:0,features:[],copy:true,empty:0,values:""NaN"",strategy:""mean"",nominal:""most_frequent"",verbose:0"
"9185281","sklearn.pipeline.Pipeline(imputation=hyperimp.utils.preprocessing.ConditionalImputer2,hotencoding=sklearn.preprocessing.data.OneHotEncoder,variencethreshold=sklearn.feature_selection.variance_threshold.VarianceThreshold,clf=sklearn.ensemble.forest.RandomForestClassifier)(1)","0.6758","features:[],dtype:float64""},unknown:""ignore"",values:""auto"",sparse:true,threshold:0.0,bootstrap:false,weight:null,criterion:""entropy"",depth:null,features:5209165160944244,nodes:null,decrease:0.0,split:null,leaf:6,split:7,leaf:0.0,estimators:300,jobs:1,score:false,state:92195,verbose:0,start:false,memory:null,axis:0,features:[],copy:true,empty:0,values:""NaN"",strategy:""mean"",nominal:""most_frequent"",verbose:0"
"9033870","sklearn.pipeline.Pipeline(imputation=hyperimp.utils.preprocessing.ConditionalImputer,hotencoding=sklearn.preprocessing.data.OneHotEncoder,variencethreshold=sklearn.feature_selection.variance_threshold.VarianceThreshold,clf=sklearn.ensemble.forest.RandomForestClassifier)(1)","0.6758","features:[],dtype:float64""},unknown:""ignore"",values:""auto"",sparse:true,threshold:0.0,bootstrap:false,weight:null,criterion:""entropy"",depth:null,features:36762686490047547,nodes:null,decrease:0.0,split:null,leaf:6,split:7,leaf:0.0,estimators:500,jobs:1,score:false,state:1,verbose:0,start:false,memory:null,axis:0,features:[],copy:true,empty:0,values:""NaN"",strategy:""mean"",nominal:""most_frequent"",verbose:0"
"10039021","sklearn.pipeline.Pipeline(columntransformer=sklearn.compose._column_transformer.ColumnTransformer(numeric=sklearn.pipeline.Pipeline(imputer=sklearn.preprocessing.imputation.Imputer,standardscaler=sklearn.preprocessing.data.StandardScaler),nominal=sklearn.pipeline.Pipeline(simpleimputer=sklearn.impute.SimpleImputer,onehotencoder=sklearn.preprocessing._encoders.OneHotEncoder)),variancethreshold=sklearn.feature_selection.variance_threshold.VarianceThreshold,randomforestclassifier=sklearn.ensemble.forest.RandomForestClassifier)(2)","0.6758","jobs:null,remainder:""passthrough"",threshold:0.3,weights:null,memory:null,axis:0,copy:true,values:""NaN"",strategy:""mean"",verbose:0,copy:true,mean:true,std:true,memory:null,copy:true,value:-1,values:NaN,strategy:""constant"",verbose:0,features:null,categories:null,dtype:float64""},unknown:""ignore"",values:null,sparse:true,threshold:0.0,memory:null,bootstrap:false,weight:null,criterion:""gini"",depth:null,features:2434930945228856,nodes:null,decrease:0.0,split:null,leaf:4,split:5,leaf:0.0,estimators:100,jobs:null,score:false,state:63763,verbose:0,start:false"
"5990576","sklearn.pipeline.Pipeline(imputation=openmlstudy14.preprocessing.ConditionalImputer,hotencoding=sklearn.preprocessing.data.OneHotEncoder,variencethreshold=sklearn.feature_selection.variance_threshold.VarianceThreshold,classifier=sklearn.ensemble.weight_boosting.AdaBoostClassifier(base_estimator=sklearn.tree.tree.DecisionTreeClassifier))(1)","0.6757","weight:null,criterion:""gini"",depth:8,features:null,nodes:null,split:1e-07,leaf:1,split:2,leaf:0.0,presort:false,state:64905,splitter:""best"",axis:0,features:[],copy:true,empty:0,values:""NaN"",strategy:""median"",nominal:""most_frequent"",verbose:0,features:[],dtype:float64""},unknown:""ignore"",values:""auto"",sparse:false,threshold:0.0,algorithm:""SAMME"",rate:06794676366554889,estimators:352,state:14287"
"9185718","sklearn.pipeline.Pipeline(imputation=hyperimp.utils.preprocessing.ConditionalImputer2,hotencoding=sklearn.preprocessing.data.OneHotEncoder,variencethreshold=sklearn.feature_selection.variance_threshold.VarianceThreshold,clf=sklearn.ensemble.forest.RandomForestClassifier)(1)","0.6757","features:[],dtype:float64""},unknown:""ignore"",values:""auto"",sparse:true,threshold:0.0,bootstrap:false,weight:null,criterion:""entropy"",depth:null,features:3732917522140843,nodes:null,decrease:0.0,split:null,leaf:6,split:5,leaf:0.0,estimators:300,jobs:1,score:false,state:13538,verbose:0,start:false,memory:null,axis:0,features:[],copy:true,empty:0,values:""NaN"",strategy:""mean"",nominal:""most_frequent"",verbose:0"
"5999094","sklearn.pipeline.Pipeline(imputation=openmlstudy14.preprocessing.ConditionalImputer,hotencoding=sklearn.preprocessing.data.OneHotEncoder,variencethreshold=sklearn.feature_selection.variance_threshold.VarianceThreshold,classifier=sklearn.ensemble.forest.RandomForestClassifier)(1)","0.6757","bootstrap:false,weight:null,criterion:""entropy"",depth:null,features:7473197769724628,nodes:null,split:1e-07,leaf:3,split:3,leaf:0.0,estimators:100,jobs:1,score:false,state:62546,verbose:0,start:false,axis:0,features:[],copy:true,empty:0,values:""NaN"",strategy:""mean"",nominal:""most_frequent"",verbose:0,features:[],dtype:float64""},unknown:""ignore"",values:""auto"",sparse:false,threshold:0.0"
"9047714","sklearn.pipeline.Pipeline(imputation=hyperimp.utils.preprocessing.ConditionalImputer,hotencoding=sklearn.preprocessing.data.OneHotEncoder,variencethreshold=sklearn.feature_selection.variance_threshold.VarianceThreshold,clf=sklearn.ensemble.forest.RandomForestClassifier)(1)","0.6757","features:[],dtype:float64""},unknown:""ignore"",values:""auto"",sparse:true,threshold:0.0,bootstrap:true,weight:null,criterion:""entropy"",depth:null,features:4458954772942817,nodes:null,decrease:0.0,split:null,leaf:3,split:2,leaf:0.0,estimators:500,jobs:1,score:false,state:1,verbose:0,start:false,memory:null,axis:0,features:[],copy:true,empty:0,values:""NaN"",strategy:""mean"",nominal:""most_frequent"",verbose:0"
"9185498","sklearn.pipeline.Pipeline(imputation=hyperimp.utils.preprocessing.ConditionalImputer2,hotencoding=sklearn.preprocessing.data.OneHotEncoder,variencethreshold=sklearn.feature_selection.variance_threshold.VarianceThreshold,clf=sklearn.ensemble.forest.RandomForestClassifier)(1)","0.6756","features:[],dtype:float64""},unknown:""ignore"",values:""auto"",sparse:true,threshold:0.0,bootstrap:false,weight:null,criterion:""entropy"",depth:null,features:4309063344145433,nodes:null,decrease:0.0,split:null,leaf:6,split:13,leaf:0.0,estimators:300,jobs:1,score:false,state:958,verbose:0,start:false,memory:null,axis:0,features:[],copy:true,empty:0,values:""NaN"",strategy:""mean"",nominal:""most_frequent"",verbose:0"
"9185163","sklearn.pipeline.Pipeline(imputation=hyperimp.utils.preprocessing.ConditionalImputer2,hotencoding=sklearn.preprocessing.data.OneHotEncoder,variencethreshold=sklearn.feature_selection.variance_threshold.VarianceThreshold,clf=sklearn.ensemble.forest.RandomForestClassifier)(1)","0.6755","features:[],dtype:float64""},unknown:""ignore"",values:""auto"",sparse:true,threshold:0.0,bootstrap:false,weight:null,criterion:""entropy"",depth:null,features:499822821440986,nodes:null,decrease:0.0,split:null,leaf:6,split:9,leaf:0.0,estimators:300,jobs:1,score:false,state:86147,verbose:0,start:false,memory:null,axis:0,features:[],copy:true,empty:0,values:""NaN"",strategy:""mean"",nominal:""most_frequent"",verbose:0"
"9181813","sklearn.pipeline.Pipeline(imputation=hyperimp.utils.preprocessing.ConditionalImputer2,hotencoding=sklearn.preprocessing.data.OneHotEncoder,variencethreshold=sklearn.feature_selection.variance_threshold.VarianceThreshold,clf=sklearn.ensemble.forest.RandomForestClassifier)(1)","0.6755","features:[],dtype:float64""},unknown:""ignore"",values:""auto"",sparse:true,threshold:0.0,bootstrap:true,weight:null,criterion:""gini"",depth:null,features:25747706285955174,nodes:null,decrease:0.0,split:null,leaf:2,split:2,leaf:0.0,estimators:300,jobs:1,score:false,state:89255,verbose:0,start:false,memory:null,axis:0,features:[],copy:true,empty:0,values:""NaN"",strategy:""mean"",nominal:""most_frequent"",verbose:0"
"9058892","sklearn.pipeline.Pipeline(imputation=hyperimp.utils.preprocessing.ConditionalImputer,hotencoding=sklearn.preprocessing.data.OneHotEncoder,variencethreshold=sklearn.feature_selection.variance_threshold.VarianceThreshold,clf=sklearn.ensemble.forest.RandomForestClassifier)(1)","0.6755","features:[],dtype:float64""},unknown:""ignore"",values:""auto"",sparse:true,threshold:0.0,bootstrap:false,weight:null,criterion:""entropy"",depth:null,features:47985104486149566,nodes:null,decrease:0.0,split:null,leaf:4,split:16,leaf:0.0,estimators:500,jobs:1,score:false,state:1,verbose:0,start:false,memory:null,axis:0,features:[],copy:true,empty:0,values:""NaN"",strategy:""mean"",nominal:""most_frequent"",verbose:0"
"6020198","sklearn.pipeline.Pipeline(imputation=openmlstudy14.preprocessing.ConditionalImputer,hotencoding=sklearn.preprocessing.data.OneHotEncoder,variencethreshold=sklearn.feature_selection.variance_threshold.VarianceThreshold,classifier=sklearn.ensemble.weight_boosting.AdaBoostClassifier(base_estimator=sklearn.tree.tree.DecisionTreeClassifier))(1)","0.6754","weight:null,criterion:""gini"",depth:10,features:null,nodes:null,split:1e-07,leaf:1,split:2,leaf:0.0,presort:false,state:8794,splitter:""best"",axis:0,features:[],copy:true,empty:0,values:""NaN"",strategy:""median"",nominal:""most_frequent"",verbose:0,features:[],dtype:float64""},unknown:""ignore"",values:""auto"",sparse:false,threshold:0.0,algorithm:""SAMME"",rate:7421846815617905,estimators:359,state:11045"
"5987522","sklearn.pipeline.Pipeline(imputation=openmlstudy14.preprocessing.ConditionalImputer,hotencoding=sklearn.preprocessing.data.OneHotEncoder,variencethreshold=sklearn.feature_selection.variance_threshold.VarianceThreshold,classifier=sklearn.ensemble.forest.RandomForestClassifier)(1)","0.6754","bootstrap:false,weight:null,criterion:""entropy"",depth:null,features:7128814274447757,nodes:null,split:1e-07,leaf:2,split:10,leaf:0.0,estimators:100,jobs:1,score:false,state:47078,verbose:0,start:false,axis:0,features:[],copy:true,empty:0,values:""NaN"",strategy:""mean"",nominal:""most_frequent"",verbose:0,features:[],dtype:float64""},unknown:""ignore"",values:""auto"",sparse:false,threshold:0.0"
"6001177","sklearn.pipeline.Pipeline(imputation=openmlstudy14.preprocessing.ConditionalImputer,hotencoding=sklearn.preprocessing.data.OneHotEncoder,variencethreshold=sklearn.feature_selection.variance_threshold.VarianceThreshold,classifier=sklearn.ensemble.forest.RandomForestClassifier)(1)","0.6753","bootstrap:false,weight:null,criterion:""entropy"",depth:null,features:6888183948864814,nodes:null,split:1e-07,leaf:3,split:10,leaf:0.0,estimators:100,jobs:1,score:false,state:48461,verbose:0,start:false,axis:0,features:[],copy:true,empty:0,values:""NaN"",strategy:""median"",nominal:""most_frequent"",verbose:0,features:[],dtype:float64""},unknown:""ignore"",values:""auto"",sparse:false,threshold:0.0"
"9042240","sklearn.pipeline.Pipeline(imputation=hyperimp.utils.preprocessing.ConditionalImputer,hotencoding=sklearn.preprocessing.data.OneHotEncoder,variencethreshold=sklearn.feature_selection.variance_threshold.VarianceThreshold,clf=sklearn.ensemble.forest.RandomForestClassifier)(1)","0.6753","features:[],dtype:float64""},unknown:""ignore"",values:""auto"",sparse:true,threshold:0.0,bootstrap:false,weight:null,criterion:""gini"",depth:null,features:6575897617408635,nodes:null,decrease:0.0,split:null,leaf:3,split:7,leaf:0.0,estimators:500,jobs:1,score:false,state:1,verbose:0,start:false,memory:null,axis:0,features:[],copy:true,empty:0,values:""NaN"",strategy:""mean"",nominal:""most_frequent"",verbose:0"
"10017001","sklearn.pipeline.Pipeline(columntransformer=sklearn.compose._column_transformer.ColumnTransformer(numeric=sklearn.pipeline.Pipeline(imputer=sklearn.preprocessing.imputation.Imputer,standardscaler=sklearn.preprocessing.data.StandardScaler),nominal=sklearn.pipeline.Pipeline(simpleimputer=sklearn.impute.SimpleImputer,onehotencoder=sklearn.preprocessing._encoders.OneHotEncoder)),variancethreshold=sklearn.feature_selection.variance_threshold.VarianceThreshold,randomforestclassifier=sklearn.ensemble.forest.RandomForestClassifier)(2)","0.6752","jobs:null,remainder:""passthrough"",threshold:0.3,weights:null,memory:null,axis:0,copy:true,values:""NaN"",strategy:""most_frequent"",verbose:0,copy:true,mean:true,std:true,memory:null,copy:true,value:-1,values:NaN,strategy:""constant"",verbose:0,features:null,categories:null,dtype:float64""},unknown:""ignore"",values:null,sparse:true,threshold:0.0,memory:null,bootstrap:false,weight:null,criterion:""entropy"",depth:null,features:4099035520497356,nodes:null,decrease:0.0,split:null,leaf:6,split:8,leaf:0.0,estimators:100,jobs:null,score:false,state:44310,verbose:0,start:false"
"9179672","sklearn.pipeline.Pipeline(imputation=hyperimp.utils.preprocessing.ConditionalImputer2,hotencoding=sklearn.preprocessing.data.OneHotEncoder,variencethreshold=sklearn.feature_selection.variance_threshold.VarianceThreshold,clf=sklearn.ensemble.forest.RandomForestClassifier)(1)","0.6751","features:[],dtype:float64""},unknown:""ignore"",values:""auto"",sparse:true,threshold:0.0,bootstrap:true,weight:null,criterion:""entropy"",depth:null,features:9799803519720047,nodes:null,decrease:0.0,split:null,leaf:1,split:10,leaf:0.0,estimators:300,jobs:1,score:false,state:15997,verbose:0,start:false,memory:null,axis:0,features:[],copy:true,empty:0,values:""NaN"",strategy:""mean"",nominal:""most_frequent"",verbose:0"
"9059322","sklearn.pipeline.Pipeline(imputation=hyperimp.utils.preprocessing.ConditionalImputer,hotencoding=sklearn.preprocessing.data.OneHotEncoder,variencethreshold=sklearn.feature_selection.variance_threshold.VarianceThreshold,clf=sklearn.ensemble.forest.RandomForestClassifier)(1)","0.6751","features:[],dtype:float64""},unknown:""ignore"",values:""auto"",sparse:true,threshold:0.0,bootstrap:false,weight:null,criterion:""gini"",depth:null,features:24397754205465594,nodes:null,decrease:0.0,split:null,leaf:5,split:2,leaf:0.0,estimators:500,jobs:1,score:false,state:1,verbose:0,start:false,memory:null,axis:0,features:[],copy:true,empty:0,values:""NaN"",strategy:""mean"",nominal:""most_frequent"",verbose:0"
"9056531","sklearn.pipeline.Pipeline(imputation=hyperimp.utils.preprocessing.ConditionalImputer,hotencoding=sklearn.preprocessing.data.OneHotEncoder,variencethreshold=sklearn.feature_selection.variance_threshold.VarianceThreshold,clf=sklearn.ensemble.forest.RandomForestClassifier)(1)","0.675","features:[],dtype:float64""},unknown:""ignore"",values:""auto"",sparse:true,threshold:0.0,bootstrap:false,weight:null,criterion:""gini"",depth:null,features:4701997739236481,nodes:null,decrease:0.0,split:null,leaf:5,split:2,leaf:0.0,estimators:500,jobs:1,score:false,state:1,verbose:0,start:false,memory:null,axis:0,features:[],copy:true,empty:0,values:""NaN"",strategy:""mean"",nominal:""most_frequent"",verbose:0"
"9056492","sklearn.pipeline.Pipeline(imputation=hyperimp.utils.preprocessing.ConditionalImputer,hotencoding=sklearn.preprocessing.data.OneHotEncoder,variencethreshold=sklearn.feature_selection.variance_threshold.VarianceThreshold,clf=sklearn.ensemble.forest.RandomForestClassifier)(1)","0.675","features:[],dtype:float64""},unknown:""ignore"",values:""auto"",sparse:true,threshold:0.0,bootstrap:false,weight:null,criterion:""entropy"",depth:null,features:47629027535836754,nodes:null,decrease:0.0,split:null,leaf:5,split:14,leaf:0.0,estimators:500,jobs:1,score:false,state:1,verbose:0,start:false,memory:null,axis:0,features:[],copy:true,empty:0,values:""NaN"",strategy:""mean"",nominal:""most_frequent"",verbose:0"
"10034453","sklearn.pipeline.Pipeline(columntransformer=sklearn.compose._column_transformer.ColumnTransformer(numeric=sklearn.pipeline.Pipeline(imputer=sklearn.preprocessing.imputation.Imputer,standardscaler=sklearn.preprocessing.data.StandardScaler),nominal=sklearn.pipeline.Pipeline(simpleimputer=sklearn.impute.SimpleImputer,onehotencoder=sklearn.preprocessing._encoders.OneHotEncoder)),variancethreshold=sklearn.feature_selection.variance_threshold.VarianceThreshold,randomforestclassifier=sklearn.ensemble.forest.RandomForestClassifier)(2)","0.6749","jobs:null,remainder:""passthrough"",threshold:0.3,weights:null,memory:null,axis:0,copy:true,values:""NaN"",strategy:""mean"",verbose:0,copy:true,mean:true,std:true,memory:null,copy:true,value:-1,values:NaN,strategy:""constant"",verbose:0,features:null,categories:null,dtype:float64""},unknown:""ignore"",values:null,sparse:true,threshold:0.0,memory:null,bootstrap:false,weight:null,criterion:""entropy"",depth:null,features:6223666922882323,nodes:null,decrease:0.0,split:null,leaf:3,split:14,leaf:0.0,estimators:100,jobs:null,score:false,state:54017,verbose:0,start:false"
"1672997","weka.Bagging_RandomForest(9)","0.6749","I:100,K:0,S:1,num-slots:1,P:100,S:1,num-slots:1,I:10,W:RandomForest"
"9058868","sklearn.pipeline.Pipeline(imputation=hyperimp.utils.preprocessing.ConditionalImputer,hotencoding=sklearn.preprocessing.data.OneHotEncoder,variencethreshold=sklearn.feature_selection.variance_threshold.VarianceThreshold,clf=sklearn.ensemble.forest.RandomForestClassifier)(1)","0.6748","features:[],dtype:float64""},unknown:""ignore"",values:""auto"",sparse:true,threshold:0.0,bootstrap:false,weight:null,criterion:""entropy"",depth:null,features:5322674273081135,nodes:null,decrease:0.0,split:null,leaf:6,split:4,leaf:0.0,estimators:500,jobs:1,score:false,state:1,verbose:0,start:false,memory:null,axis:0,features:[],copy:true,empty:0,values:""NaN"",strategy:""mean"",nominal:""most_frequent"",verbose:0"
"5993444","sklearn.pipeline.Pipeline(imputation=openmlstudy14.preprocessing.ConditionalImputer,hotencoding=sklearn.preprocessing.data.OneHotEncoder,variencethreshold=sklearn.feature_selection.variance_threshold.VarianceThreshold,classifier=sklearn.ensemble.forest.RandomForestClassifier)(1)","0.6747","bootstrap:false,weight:null,criterion:""gini"",depth:null,features:2782002583618038,nodes:null,split:1e-07,leaf:1,split:14,leaf:0.0,estimators:100,jobs:1,score:false,state:29329,verbose:0,start:false,axis:0,features:[],copy:true,empty:0,values:""NaN"",strategy:""mean"",nominal:""most_frequent"",verbose:0,features:[],dtype:float64""},unknown:""ignore"",values:""auto"",sparse:false,threshold:0.0"
"10031386","sklearn.pipeline.Pipeline(columntransformer=sklearn.compose._column_transformer.ColumnTransformer(numeric=sklearn.pipeline.Pipeline(imputer=sklearn.preprocessing.imputation.Imputer,standardscaler=sklearn.preprocessing.data.StandardScaler),nominal=sklearn.pipeline.Pipeline(simpleimputer=sklearn.impute.SimpleImputer,onehotencoder=sklearn.preprocessing._encoders.OneHotEncoder)),variancethreshold=sklearn.feature_selection.variance_threshold.VarianceThreshold,randomforestclassifier=sklearn.ensemble.forest.RandomForestClassifier)(2)","0.6747","jobs:null,remainder:""passthrough"",threshold:0.3,weights:null,memory:null,axis:0,copy:true,values:""NaN"",strategy:""median"",verbose:0,copy:true,mean:true,std:true,memory:null,copy:true,value:-1,values:NaN,strategy:""constant"",verbose:0,features:null,categories:null,dtype:float64""},unknown:""ignore"",values:null,sparse:true,threshold:0.0,memory:null,bootstrap:false,weight:null,criterion:""entropy"",depth:null,features:28582224658403677,nodes:null,decrease:0.0,split:null,leaf:4,split:14,leaf:0.0,estimators:100,jobs:null,score:false,state:15651,verbose:0,start:false"
"9181973","sklearn.pipeline.Pipeline(imputation=hyperimp.utils.preprocessing.ConditionalImputer2,hotencoding=sklearn.preprocessing.data.OneHotEncoder,variencethreshold=sklearn.feature_selection.variance_threshold.VarianceThreshold,clf=sklearn.ensemble.forest.RandomForestClassifier)(1)","0.6746","features:[],dtype:float64""},unknown:""ignore"",values:""auto"",sparse:true,threshold:0.0,bootstrap:true,weight:null,criterion:""gini"",depth:null,features:3506420593024606,nodes:null,decrease:0.0,split:null,leaf:1,split:6,leaf:0.0,estimators:300,jobs:1,score:false,state:72979,verbose:0,start:false,memory:null,axis:0,features:[],copy:true,empty:0,values:""NaN"",strategy:""mean"",nominal:""most_frequent"",verbose:0"
"9176141","sklearn.pipeline.Pipeline(imputation=hyperimp.utils.preprocessing.ConditionalImputer2,hotencoding=sklearn.preprocessing.data.OneHotEncoder,variencethreshold=sklearn.feature_selection.variance_threshold.VarianceThreshold,clf=sklearn.ensemble.forest.RandomForestClassifier)(1)","0.6746","features:[],dtype:float64""},unknown:""ignore"",values:""auto"",sparse:true,threshold:0.0,bootstrap:true,weight:null,criterion:""entropy"",depth:null,features:9368104108848883,nodes:null,decrease:0.0,split:null,leaf:3,split:3,leaf:0.0,estimators:300,jobs:1,score:false,state:41793,verbose:0,start:false,memory:null,axis:0,features:[],copy:true,empty:0,values:""NaN"",strategy:""mean"",nominal:""most_frequent"",verbose:0"
"9185339","sklearn.pipeline.Pipeline(imputation=hyperimp.utils.preprocessing.ConditionalImputer2,hotencoding=sklearn.preprocessing.data.OneHotEncoder,variencethreshold=sklearn.feature_selection.variance_threshold.VarianceThreshold,clf=sklearn.ensemble.forest.RandomForestClassifier)(1)","0.6745","features:[],dtype:float64""},unknown:""ignore"",values:""auto"",sparse:true,threshold:0.0,bootstrap:false,weight:null,criterion:""entropy"",depth:null,features:13351097319422311,nodes:null,decrease:0.0,split:null,leaf:5,split:8,leaf:0.0,estimators:300,jobs:1,score:false,state:71547,verbose:0,start:false,memory:null,axis:0,features:[],copy:true,empty:0,values:""NaN"",strategy:""mean"",nominal:""most_frequent"",verbose:0"
"9060089","sklearn.pipeline.Pipeline(imputation=hyperimp.utils.preprocessing.ConditionalImputer,hotencoding=sklearn.preprocessing.data.OneHotEncoder,variencethreshold=sklearn.feature_selection.variance_threshold.VarianceThreshold,clf=sklearn.ensemble.forest.RandomForestClassifier)(1)","0.6745","features:[],dtype:float64""},unknown:""ignore"",values:""auto"",sparse:true,threshold:0.0,bootstrap:true,weight:null,criterion:""entropy"",depth:null,features:20953243322559123,nodes:null,decrease:0.0,split:null,leaf:2,split:7,leaf:0.0,estimators:500,jobs:1,score:false,state:1,verbose:0,start:false,memory:null,axis:0,features:[],copy:true,empty:0,values:""NaN"",strategy:""mean"",nominal:""most_frequent"",verbose:0"
"5998089","sklearn.pipeline.Pipeline(imputation=openmlstudy14.preprocessing.ConditionalImputer,hotencoding=sklearn.preprocessing.data.OneHotEncoder,variencethreshold=sklearn.feature_selection.variance_threshold.VarianceThreshold,classifier=sklearn.ensemble.forest.RandomForestClassifier)(1)","0.6743","bootstrap:false,weight:null,criterion:""entropy"",depth:null,features:5531718554806421,nodes:null,split:1e-07,leaf:2,split:16,leaf:0.0,estimators:100,jobs:1,score:false,state:60624,verbose:0,start:false,axis:0,features:[],copy:true,empty:0,values:""NaN"",strategy:""most_frequent"",nominal:""most_frequent"",verbose:0,features:[],dtype:float64""},unknown:""ignore"",values:""auto"",sparse:false,threshold:0.0"
"9185518","sklearn.pipeline.Pipeline(imputation=hyperimp.utils.preprocessing.ConditionalImputer2,hotencoding=sklearn.preprocessing.data.OneHotEncoder,variencethreshold=sklearn.feature_selection.variance_threshold.VarianceThreshold,clf=sklearn.ensemble.forest.RandomForestClassifier)(1)","0.6741","features:[],dtype:float64""},unknown:""ignore"",values:""auto"",sparse:true,threshold:0.0,bootstrap:true,weight:null,criterion:""entropy"",depth:null,features:8462230939294454,nodes:null,decrease:0.0,split:null,leaf:3,split:6,leaf:0.0,estimators:300,jobs:1,score:false,state:32210,verbose:0,start:false,memory:null,axis:0,features:[],copy:true,empty:0,values:""NaN"",strategy:""mean"",nominal:""most_frequent"",verbose:0"
"5979564","sklearn.pipeline.Pipeline(imputation=openmlstudy14.preprocessing.ConditionalImputer,hotencoding=sklearn.preprocessing.data.OneHotEncoder,variencethreshold=sklearn.feature_selection.variance_threshold.VarianceThreshold,classifier=sklearn.ensemble.weight_boosting.AdaBoostClassifier(base_estimator=sklearn.tree.tree.DecisionTreeClassifier))(1)","0.6739","weight:null,criterion:""gini"",depth:10,features:null,nodes:null,split:1e-07,leaf:1,split:2,leaf:0.0,presort:false,state:15803,splitter:""best"",axis:0,features:[],copy:true,empty:0,values:""NaN"",strategy:""mean"",nominal:""most_frequent"",verbose:0,features:[],dtype:float64""},unknown:""ignore"",values:""auto"",sparse:false,threshold:0.0,algorithm:""SAMME"",rate:04430736667373437,estimators:152,state:17552"
"6013904","sklearn.pipeline.Pipeline(imputation=openmlstudy14.preprocessing.ConditionalImputer,hotencoding=sklearn.preprocessing.data.OneHotEncoder,variencethreshold=sklearn.feature_selection.variance_threshold.VarianceThreshold,classifier=sklearn.ensemble.weight_boosting.AdaBoostClassifier(base_estimator=sklearn.tree.tree.DecisionTreeClassifier))(1)","0.6738","weight:null,criterion:""gini"",depth:8,features:null,nodes:null,split:1e-07,leaf:1,split:2,leaf:0.0,presort:false,state:10960,splitter:""best"",axis:0,features:[],copy:true,empty:0,values:""NaN"",strategy:""most_frequent"",nominal:""most_frequent"",verbose:0,features:[],dtype:float64""},unknown:""ignore"",values:""auto"",sparse:false,threshold:0.0,algorithm:""SAMME"",rate:09381104250693711,estimators:316,state:27728"
"9183152","sklearn.pipeline.Pipeline(imputation=hyperimp.utils.preprocessing.ConditionalImputer2,hotencoding=sklearn.preprocessing.data.OneHotEncoder,variencethreshold=sklearn.feature_selection.variance_threshold.VarianceThreshold,clf=sklearn.ensemble.forest.RandomForestClassifier)(1)","0.6737","features:[],dtype:float64""},unknown:""ignore"",values:""auto"",sparse:true,threshold:0.0,bootstrap:false,weight:null,criterion:""entropy"",depth:null,features:450372809059567,nodes:null,decrease:0.0,split:null,leaf:3,split:18,leaf:0.0,estimators:300,jobs:1,score:false,state:47324,verbose:0,start:false,memory:null,axis:0,features:[],copy:true,empty:0,values:""NaN"",strategy:""mean"",nominal:""most_frequent"",verbose:0"
"9048265","sklearn.pipeline.Pipeline(imputation=hyperimp.utils.preprocessing.ConditionalImputer,hotencoding=sklearn.preprocessing.data.OneHotEncoder,variencethreshold=sklearn.feature_selection.variance_threshold.VarianceThreshold,clf=sklearn.ensemble.forest.RandomForestClassifier)(1)","0.6736","features:[],dtype:float64""},unknown:""ignore"",values:""auto"",sparse:true,threshold:0.0,bootstrap:true,weight:null,criterion:""entropy"",depth:null,features:22140437095883192,nodes:null,decrease:0.0,split:null,leaf:1,split:7,leaf:0.0,estimators:500,jobs:1,score:false,state:1,verbose:0,start:false,memory:null,axis:0,features:[],copy:true,empty:0,values:""NaN"",strategy:""mean"",nominal:""most_frequent"",verbose:0"
"6015489","sklearn.pipeline.Pipeline(imputation=openmlstudy14.preprocessing.ConditionalImputer,hotencoding=sklearn.preprocessing.data.OneHotEncoder,variencethreshold=sklearn.feature_selection.variance_threshold.VarianceThreshold,classifier=sklearn.ensemble.weight_boosting.AdaBoostClassifier(base_estimator=sklearn.tree.tree.DecisionTreeClassifier))(1)","0.6735","weight:null,criterion:""gini"",depth:7,features:null,nodes:null,split:1e-07,leaf:1,split:2,leaf:0.0,presort:false,state:21021,splitter:""best"",axis:0,features:[],copy:true,empty:0,values:""NaN"",strategy:""median"",nominal:""most_frequent"",verbose:0,features:[],dtype:float64""},unknown:""ignore"",values:""auto"",sparse:false,threshold:0.0,algorithm:""SAMME"",rate:060204631012043,estimators:351,state:23854"
"9157962","sklearn.pipeline.Pipeline(imputation=hyperimp.utils.preprocessing.ConditionalImputer2,hotencoding=sklearn.preprocessing.data.OneHotEncoder,variencethreshold=sklearn.feature_selection.variance_threshold.VarianceThreshold,clf=sklearn.ensemble.forest.RandomForestClassifier)(1)","0.6735","features:[],dtype:float64""},unknown:""ignore"",values:""auto"",sparse:true,threshold:0.0,bootstrap:true,weight:null,criterion:""entropy"",depth:null,features:5677627832106142,nodes:null,decrease:0.0,split:null,leaf:2,split:9,leaf:0.0,estimators:300,jobs:1,score:false,state:48073,verbose:0,start:false,memory:null,axis:0,features:[],copy:true,empty:0,values:""NaN"",strategy:""mean"",nominal:""most_frequent"",verbose:0"
"569699","weka.AttributeSelectedClassifier_RandomForest(1)","0.6735","I:100,K:0,S:1,num-slots:1,E:CfsSubsetEval -P 1 -E 1,S:BestFirst -D 1 -N 5,W:RandomForest"
"9186069","sklearn.pipeline.Pipeline(imputation=hyperimp.utils.preprocessing.ConditionalImputer2,hotencoding=sklearn.preprocessing.data.OneHotEncoder,variencethreshold=sklearn.feature_selection.variance_threshold.VarianceThreshold,clf=sklearn.ensemble.forest.RandomForestClassifier)(1)","0.6734","features:[],dtype:float64""},unknown:""ignore"",values:""auto"",sparse:true,threshold:0.0,bootstrap:false,weight:null,criterion:""entropy"",depth:null,features:41154305603340935,nodes:null,decrease:0.0,split:null,leaf:3,split:17,leaf:0.0,estimators:300,jobs:1,score:false,state:3852,verbose:0,start:false,memory:null,axis:0,features:[],copy:true,empty:0,values:""NaN"",strategy:""mean"",nominal:""most_frequent"",verbose:0"
"9185577","sklearn.pipeline.Pipeline(imputation=hyperimp.utils.preprocessing.ConditionalImputer2,hotencoding=sklearn.preprocessing.data.OneHotEncoder,variencethreshold=sklearn.feature_selection.variance_threshold.VarianceThreshold,clf=sklearn.ensemble.forest.RandomForestClassifier)(1)","0.6733","features:[],dtype:float64""},unknown:""ignore"",values:""auto"",sparse:true,threshold:0.0,bootstrap:true,weight:null,criterion:""entropy"",depth:null,features:8099247737883178,nodes:null,decrease:0.0,split:null,leaf:3,split:4,leaf:0.0,estimators:300,jobs:1,score:false,state:92633,verbose:0,start:false,memory:null,axis:0,features:[],copy:true,empty:0,values:""NaN"",strategy:""mean"",nominal:""most_frequent"",verbose:0"
"5992426","sklearn.pipeline.Pipeline(imputation=openmlstudy14.preprocessing.ConditionalImputer,hotencoding=sklearn.preprocessing.data.OneHotEncoder,variencethreshold=sklearn.feature_selection.variance_threshold.VarianceThreshold,classifier=sklearn.ensemble.forest.RandomForestClassifier)(1)","0.6731","bootstrap:false,weight:null,criterion:""gini"",depth:null,features:18203168712354545,nodes:null,split:1e-07,leaf:4,split:3,leaf:0.0,estimators:100,jobs:1,score:false,state:56486,verbose:0,start:false,axis:0,features:[],copy:true,empty:0,values:""NaN"",strategy:""most_frequent"",nominal:""most_frequent"",verbose:0,features:[],dtype:float64""},unknown:""ignore"",values:""auto"",sparse:false,threshold:0.0"
"9058433","sklearn.pipeline.Pipeline(imputation=hyperimp.utils.preprocessing.ConditionalImputer,hotencoding=sklearn.preprocessing.data.OneHotEncoder,variencethreshold=sklearn.feature_selection.variance_threshold.VarianceThreshold,clf=sklearn.ensemble.forest.RandomForestClassifier)(1)","0.6731","features:[],dtype:float64""},unknown:""ignore"",values:""auto"",sparse:true,threshold:0.0,bootstrap:true,weight:null,criterion:""gini"",depth:null,features:7161473786246952,nodes:null,decrease:0.0,split:null,leaf:2,split:2,leaf:0.0,estimators:500,jobs:1,score:false,state:1,verbose:0,start:false,memory:null,axis:0,features:[],copy:true,empty:0,values:""NaN"",strategy:""mean"",nominal:""most_frequent"",verbose:0"
"6014329","sklearn.pipeline.Pipeline(imputation=openmlstudy14.preprocessing.ConditionalImputer,hotencoding=sklearn.preprocessing.data.OneHotEncoder,variencethreshold=sklearn.feature_selection.variance_threshold.VarianceThreshold,classifier=sklearn.ensemble.forest.RandomForestClassifier)(1)","0.673","bootstrap:true,weight:null,criterion:""gini"",depth:null,features:39429512809422396,nodes:null,split:1e-07,leaf:1,split:6,leaf:0.0,estimators:100,jobs:1,score:false,state:35134,verbose:0,start:false,axis:0,features:[],copy:true,empty:0,values:""NaN"",strategy:""mean"",nominal:""most_frequent"",verbose:0,features:[],dtype:float64""},unknown:""ignore"",values:""auto"",sparse:false,threshold:0.0"
"6027114","sklearn.pipeline.Pipeline(imputation=openmlstudy14.preprocessing.ConditionalImputer,hotencoding=sklearn.preprocessing.data.OneHotEncoder,variencethreshold=sklearn.feature_selection.variance_threshold.VarianceThreshold,classifier=sklearn.ensemble.forest.RandomForestClassifier)(1)","0.673","bootstrap:false,weight:null,criterion:""gini"",depth:null,features:4848733273500442,nodes:null,split:1e-07,leaf:5,split:5,leaf:0.0,estimators:100,jobs:1,score:false,state:37878,verbose:0,start:false,axis:0,features:[],copy:true,empty:0,values:""NaN"",strategy:""median"",nominal:""most_frequent"",verbose:0,features:[],dtype:float64""},unknown:""ignore"",values:""auto"",sparse:true,threshold:0.0"
"9058382","sklearn.pipeline.Pipeline(imputation=hyperimp.utils.preprocessing.ConditionalImputer,hotencoding=sklearn.preprocessing.data.OneHotEncoder,variencethreshold=sklearn.feature_selection.variance_threshold.VarianceThreshold,clf=sklearn.ensemble.forest.RandomForestClassifier)(1)","0.673","features:[],dtype:float64""},unknown:""ignore"",values:""auto"",sparse:true,threshold:0.0,bootstrap:false,weight:null,criterion:""gini"",depth:null,features:37176254448406676,nodes:null,decrease:0.0,split:null,leaf:5,split:10,leaf:0.0,estimators:500,jobs:1,score:false,state:1,verbose:0,start:false,memory:null,axis:0,features:[],copy:true,empty:0,values:""NaN"",strategy:""mean"",nominal:""most_frequent"",verbose:0"
"9044109","sklearn.pipeline.Pipeline(imputation=hyperimp.utils.preprocessing.ConditionalImputer,hotencoding=sklearn.preprocessing.data.OneHotEncoder,variencethreshold=sklearn.feature_selection.variance_threshold.VarianceThreshold,clf=sklearn.ensemble.forest.RandomForestClassifier)(1)","0.673","features:[],dtype:float64""},unknown:""ignore"",values:""auto"",sparse:true,threshold:0.0,bootstrap:false,weight:null,criterion:""gini"",depth:null,features:347883480458977,nodes:null,decrease:0.0,split:null,leaf:5,split:2,leaf:0.0,estimators:500,jobs:1,score:false,state:1,verbose:0,start:false,memory:null,axis:0,features:[],copy:true,empty:0,values:""NaN"",strategy:""mean"",nominal:""most_frequent"",verbose:0"
"9176891","sklearn.pipeline.Pipeline(imputation=hyperimp.utils.preprocessing.ConditionalImputer2,hotencoding=sklearn.preprocessing.data.OneHotEncoder,variencethreshold=sklearn.feature_selection.variance_threshold.VarianceThreshold,clf=sklearn.ensemble.forest.RandomForestClassifier)(1)","0.6727","features:[],dtype:float64""},unknown:""ignore"",values:""auto"",sparse:true,threshold:0.0,bootstrap:false,weight:null,criterion:""entropy"",depth:null,features:739289594504365,nodes:null,decrease:0.0,split:null,leaf:4,split:7,leaf:0.0,estimators:300,jobs:1,score:false,state:81383,verbose:0,start:false,memory:null,axis:0,features:[],copy:true,empty:0,values:""NaN"",strategy:""mean"",nominal:""most_frequent"",verbose:0"
"9037076","sklearn.pipeline.Pipeline(imputation=hyperimp.utils.preprocessing.ConditionalImputer,hotencoding=sklearn.preprocessing.data.OneHotEncoder,variencethreshold=sklearn.feature_selection.variance_threshold.VarianceThreshold,clf=sklearn.ensemble.forest.RandomForestClassifier)(1)","0.6727","features:[],dtype:float64""},unknown:""ignore"",values:""auto"",sparse:true,threshold:0.0,bootstrap:false,weight:null,criterion:""gini"",depth:null,features:19981498063352365,nodes:null,decrease:0.0,split:null,leaf:4,split:13,leaf:0.0,estimators:500,jobs:1,score:false,state:1,verbose:0,start:false,memory:null,axis:0,features:[],copy:true,empty:0,values:""NaN"",strategy:""mean"",nominal:""most_frequent"",verbose:0"
"10011540","sklearn.pipeline.Pipeline(columntransformer=sklearn.compose._column_transformer.ColumnTransformer(numeric=sklearn.pipeline.Pipeline(imputer=sklearn.preprocessing.imputation.Imputer,standardscaler=sklearn.preprocessing.data.StandardScaler),nominal=sklearn.pipeline.Pipeline(simpleimputer=sklearn.impute.SimpleImputer,onehotencoder=sklearn.preprocessing._encoders.OneHotEncoder)),variancethreshold=sklearn.feature_selection.variance_threshold.VarianceThreshold,randomforestclassifier=sklearn.ensemble.forest.RandomForestClassifier)(2)","0.6727","jobs:null,remainder:""passthrough"",threshold:0.3,weights:null,memory:null,axis:0,copy:true,values:""NaN"",strategy:""median"",verbose:0,copy:true,mean:true,std:true,memory:null,copy:true,value:-1,values:NaN,strategy:""constant"",verbose:0,features:null,categories:null,dtype:float64""},unknown:""ignore"",values:null,sparse:true,threshold:0.0,memory:null,bootstrap:true,weight:null,criterion:""entropy"",depth:null,features:8984307808724888,nodes:null,decrease:0.0,split:null,leaf:1,split:7,leaf:0.0,estimators:100,jobs:null,score:false,state:6688,verbose:0,start:false"
"5998614","sklearn.pipeline.Pipeline(imputation=openmlstudy14.preprocessing.ConditionalImputer,hotencoding=sklearn.preprocessing.data.OneHotEncoder,variencethreshold=sklearn.feature_selection.variance_threshold.VarianceThreshold,classifier=sklearn.ensemble.forest.RandomForestClassifier)(1)","0.6724","bootstrap:false,weight:null,criterion:""entropy"",depth:null,features:6425573207844433,nodes:null,split:1e-07,leaf:5,split:8,leaf:0.0,estimators:100,jobs:1,score:false,state:28196,verbose:0,start:false,axis:0,features:[],copy:true,empty:0,values:""NaN"",strategy:""mean"",nominal:""most_frequent"",verbose:0,features:[],dtype:float64""},unknown:""ignore"",values:""auto"",sparse:false,threshold:0.0"
"10037681","sklearn.pipeline.Pipeline(columntransformer=sklearn.compose._column_transformer.ColumnTransformer(numeric=sklearn.pipeline.Pipeline(imputer=sklearn.preprocessing.imputation.Imputer,standardscaler=sklearn.preprocessing.data.StandardScaler),nominal=sklearn.pipeline.Pipeline(simpleimputer=sklearn.impute.SimpleImputer,onehotencoder=sklearn.preprocessing._encoders.OneHotEncoder)),variancethreshold=sklearn.feature_selection.variance_threshold.VarianceThreshold,randomforestclassifier=sklearn.ensemble.forest.RandomForestClassifier)(2)","0.6724","jobs:null,remainder:""passthrough"",threshold:0.3,weights:null,memory:null,axis:0,copy:true,values:""NaN"",strategy:""median"",verbose:0,copy:true,mean:true,std:true,memory:null,copy:true,value:-1,values:NaN,strategy:""constant"",verbose:0,features:null,categories:null,dtype:float64""},unknown:""ignore"",values:null,sparse:true,threshold:0.0,memory:null,bootstrap:false,weight:null,criterion:""gini"",depth:null,features:22860100893444413,nodes:null,decrease:0.0,split:null,leaf:5,split:5,leaf:0.0,estimators:100,jobs:null,score:false,state:25413,verbose:0,start:false"
"9060105","sklearn.pipeline.Pipeline(imputation=hyperimp.utils.preprocessing.ConditionalImputer,hotencoding=sklearn.preprocessing.data.OneHotEncoder,variencethreshold=sklearn.feature_selection.variance_threshold.VarianceThreshold,clf=sklearn.ensemble.forest.RandomForestClassifier)(1)","0.6723","features:[],dtype:float64""},unknown:""ignore"",values:""auto"",sparse:true,threshold:0.0,bootstrap:false,weight:null,criterion:""entropy"",depth:null,features:43807916702497174,nodes:null,decrease:0.0,split:null,leaf:1,split:19,leaf:0.0,estimators:500,jobs:1,score:false,state:1,verbose:0,start:false,memory:null,axis:0,features:[],copy:true,empty:0,values:""NaN"",strategy:""mean"",nominal:""most_frequent"",verbose:0"
"5972734","sklearn.pipeline.Pipeline(imputation=openmlstudy14.preprocessing.ConditionalImputer,hotencoding=sklearn.preprocessing.data.OneHotEncoder,variencethreshold=sklearn.feature_selection.variance_threshold.VarianceThreshold,classifier=sklearn.ensemble.forest.RandomForestClassifier)(1)","0.6722","bootstrap:true,weight:null,criterion:""gini"",depth:null,features:5379056727114492,nodes:null,split:1e-07,leaf:1,split:6,leaf:0.0,estimators:100,jobs:1,score:false,state:939,verbose:0,start:false,axis:0,features:[],copy:true,empty:0,values:""NaN"",strategy:""median"",nominal:""most_frequent"",verbose:0,features:[],dtype:float64""},unknown:""ignore"",values:""auto"",sparse:false,threshold:0.0"
"9175082","sklearn.pipeline.Pipeline(imputation=hyperimp.utils.preprocessing.ConditionalImputer2,hotencoding=sklearn.preprocessing.data.OneHotEncoder,variencethreshold=sklearn.feature_selection.variance_threshold.VarianceThreshold,clf=sklearn.ensemble.forest.RandomForestClassifier)(1)","0.6721","features:[],dtype:float64""},unknown:""ignore"",values:""auto"",sparse:true,threshold:0.0,bootstrap:true,weight:null,criterion:""entropy"",depth:null,features:4129823024639827,nodes:null,decrease:0.0,split:null,leaf:3,split:8,leaf:0.0,estimators:300,jobs:1,score:false,state:89858,verbose:0,start:false,memory:null,axis:0,features:[],copy:true,empty:0,values:""NaN"",strategy:""mean"",nominal:""most_frequent"",verbose:0"
"9161452","sklearn.pipeline.Pipeline(imputation=hyperimp.utils.preprocessing.ConditionalImputer2,hotencoding=sklearn.preprocessing.data.OneHotEncoder,variencethreshold=sklearn.feature_selection.variance_threshold.VarianceThreshold,clf=sklearn.ensemble.forest.RandomForestClassifier)(1)","0.6721","features:[],dtype:float64""},unknown:""ignore"",values:""auto"",sparse:true,threshold:0.0,bootstrap:false,weight:null,criterion:""gini"",depth:null,features:287173734313518,nodes:null,decrease:0.0,split:null,leaf:1,split:17,leaf:0.0,estimators:300,jobs:1,score:false,state:57459,verbose:0,start:false,memory:null,axis:0,features:[],copy:true,empty:0,values:""NaN"",strategy:""mean"",nominal:""most_frequent"",verbose:0"
"9179964","sklearn.pipeline.Pipeline(imputation=hyperimp.utils.preprocessing.ConditionalImputer2,hotencoding=sklearn.preprocessing.data.OneHotEncoder,variencethreshold=sklearn.feature_selection.variance_threshold.VarianceThreshold,clf=sklearn.ensemble.forest.RandomForestClassifier)(1)","0.672","features:[],dtype:float64""},unknown:""ignore"",values:""auto"",sparse:true,threshold:0.0,bootstrap:false,weight:null,criterion:""entropy"",depth:null,features:5390203759365245,nodes:null,decrease:0.0,split:null,leaf:6,split:14,leaf:0.0,estimators:300,jobs:1,score:false,state:40270,verbose:0,start:false,memory:null,axis:0,features:[],copy:true,empty:0,values:""NaN"",strategy:""mean"",nominal:""most_frequent"",verbose:0"
"9162575","sklearn.pipeline.Pipeline(imputation=hyperimp.utils.preprocessing.ConditionalImputer2,hotencoding=sklearn.preprocessing.data.OneHotEncoder,variencethreshold=sklearn.feature_selection.variance_threshold.VarianceThreshold,clf=sklearn.ensemble.forest.RandomForestClassifier)(1)","0.672","features:[],dtype:float64""},unknown:""ignore"",values:""auto"",sparse:true,threshold:0.0,bootstrap:true,weight:null,criterion:""entropy"",depth:null,features:8240366390034863,nodes:null,decrease:0.0,split:null,leaf:3,split:5,leaf:0.0,estimators:300,jobs:1,score:false,state:30884,verbose:0,start:false,memory:null,axis:0,features:[],copy:true,empty:0,values:""NaN"",strategy:""mean"",nominal:""most_frequent"",verbose:0"
"6030894","sklearn.pipeline.Pipeline(imputation=openmlstudy14.preprocessing.ConditionalImputer,hotencoding=sklearn.preprocessing.data.OneHotEncoder,variencethreshold=sklearn.feature_selection.variance_threshold.VarianceThreshold,classifier=sklearn.ensemble.forest.RandomForestClassifier)(1)","0.672","bootstrap:false,weight:null,criterion:""gini"",depth:null,features:57258358055131,nodes:null,split:1e-07,leaf:4,split:7,leaf:0.0,estimators:100,jobs:1,score:false,state:4310,verbose:0,start:false,axis:0,features:[],copy:true,empty:0,values:""NaN"",strategy:""mean"",nominal:""most_frequent"",verbose:0,features:[],dtype:float64""},unknown:""ignore"",values:""auto"",sparse:true,threshold:0.0"
"10016729","sklearn.pipeline.Pipeline(columntransformer=sklearn.compose._column_transformer.ColumnTransformer(numeric=sklearn.pipeline.Pipeline(imputer=sklearn.preprocessing.imputation.Imputer,standardscaler=sklearn.preprocessing.data.StandardScaler),nominal=sklearn.pipeline.Pipeline(simpleimputer=sklearn.impute.SimpleImputer,onehotencoder=sklearn.preprocessing._encoders.OneHotEncoder)),variancethreshold=sklearn.feature_selection.variance_threshold.VarianceThreshold,randomforestclassifier=sklearn.ensemble.forest.RandomForestClassifier)(2)","0.672","jobs:null,remainder:""passthrough"",threshold:0.3,weights:null,memory:null,axis:0,copy:true,values:""NaN"",strategy:""median"",verbose:0,copy:true,mean:true,std:true,memory:null,copy:true,value:-1,values:NaN,strategy:""constant"",verbose:0,features:null,categories:null,dtype:float64""},unknown:""ignore"",values:null,sparse:true,threshold:0.0,memory:null,bootstrap:false,weight:null,criterion:""gini"",depth:null,features:5279115071062459,nodes:null,decrease:0.0,split:null,leaf:5,split:10,leaf:0.0,estimators:100,jobs:null,score:false,state:64421,verbose:0,start:false"
"9162148","sklearn.pipeline.Pipeline(imputation=hyperimp.utils.preprocessing.ConditionalImputer2,hotencoding=sklearn.preprocessing.data.OneHotEncoder,variencethreshold=sklearn.feature_selection.variance_threshold.VarianceThreshold,clf=sklearn.ensemble.forest.RandomForestClassifier)(1)","0.6719","features:[],dtype:float64""},unknown:""ignore"",values:""auto"",sparse:true,threshold:0.0,bootstrap:false,weight:null,criterion:""entropy"",depth:null,features:1412384350113104,nodes:null,decrease:0.0,split:null,leaf:1,split:15,leaf:0.0,estimators:300,jobs:1,score:false,state:10211,verbose:0,start:false,memory:null,axis:0,features:[],copy:true,empty:0,values:""NaN"",strategy:""mean"",nominal:""most_frequent"",verbose:0"
"9056452","sklearn.pipeline.Pipeline(imputation=hyperimp.utils.preprocessing.ConditionalImputer,hotencoding=sklearn.preprocessing.data.OneHotEncoder,variencethreshold=sklearn.feature_selection.variance_threshold.VarianceThreshold,clf=sklearn.ensemble.forest.RandomForestClassifier)(1)","0.6718","features:[],dtype:float64""},unknown:""ignore"",values:""auto"",sparse:true,threshold:0.0,bootstrap:false,weight:null,criterion:""gini"",depth:null,features:1333213312287348,nodes:null,decrease:0.0,split:null,leaf:1,split:16,leaf:0.0,estimators:500,jobs:1,score:false,state:1,verbose:0,start:false,memory:null,axis:0,features:[],copy:true,empty:0,values:""NaN"",strategy:""mean"",nominal:""most_frequent"",verbose:0"
"10028038","sklearn.pipeline.Pipeline(columntransformer=sklearn.compose._column_transformer.ColumnTransformer(numeric=sklearn.pipeline.Pipeline(imputer=sklearn.preprocessing.imputation.Imputer,standardscaler=sklearn.preprocessing.data.StandardScaler),nominal=sklearn.pipeline.Pipeline(simpleimputer=sklearn.impute.SimpleImputer,onehotencoder=sklearn.preprocessing._encoders.OneHotEncoder)),variancethreshold=sklearn.feature_selection.variance_threshold.VarianceThreshold,randomforestclassifier=sklearn.ensemble.forest.RandomForestClassifier)(2)","0.6718","jobs:null,remainder:""passthrough"",threshold:0.3,weights:null,memory:null,axis:0,copy:true,values:""NaN"",strategy:""mean"",verbose:0,copy:true,mean:true,std:true,memory:null,copy:true,value:-1,values:NaN,strategy:""constant"",verbose:0,features:null,categories:null,dtype:float64""},unknown:""ignore"",values:null,sparse:true,threshold:0.0,memory:null,bootstrap:false,weight:null,criterion:""gini"",depth:null,features:37202053417771686,nodes:null,decrease:0.0,split:null,leaf:5,split:11,leaf:0.0,estimators:100,jobs:null,score:false,state:6281,verbose:0,start:false"
"9185083","sklearn.pipeline.Pipeline(imputation=hyperimp.utils.preprocessing.ConditionalImputer2,hotencoding=sklearn.preprocessing.data.OneHotEncoder,variencethreshold=sklearn.feature_selection.variance_threshold.VarianceThreshold,clf=sklearn.ensemble.forest.RandomForestClassifier)(1)","0.6715","features:[],dtype:float64""},unknown:""ignore"",values:""auto"",sparse:true,threshold:0.0,bootstrap:false,weight:null,criterion:""gini"",depth:null,features:22223334805981587,nodes:null,decrease:0.0,split:null,leaf:4,split:14,leaf:0.0,estimators:300,jobs:1,score:false,state:53317,verbose:0,start:false,memory:null,axis:0,features:[],copy:true,empty:0,values:""NaN"",strategy:""mean"",nominal:""most_frequent"",verbose:0"
"9059947","sklearn.pipeline.Pipeline(imputation=hyperimp.utils.preprocessing.ConditionalImputer,hotencoding=sklearn.preprocessing.data.OneHotEncoder,variencethreshold=sklearn.feature_selection.variance_threshold.VarianceThreshold,clf=sklearn.ensemble.forest.RandomForestClassifier)(1)","0.6715","features:[],dtype:float64""},unknown:""ignore"",values:""auto"",sparse:true,threshold:0.0,bootstrap:false,weight:null,criterion:""entropy"",depth:null,features:5360379974456047,nodes:null,decrease:0.0,split:null,leaf:5,split:15,leaf:0.0,estimators:500,jobs:1,score:false,state:1,verbose:0,start:false,memory:null,axis:0,features:[],copy:true,empty:0,values:""NaN"",strategy:""mean"",nominal:""most_frequent"",verbose:0"
"9184654","sklearn.pipeline.Pipeline(imputation=hyperimp.utils.preprocessing.ConditionalImputer2,hotencoding=sklearn.preprocessing.data.OneHotEncoder,variencethreshold=sklearn.feature_selection.variance_threshold.VarianceThreshold,clf=sklearn.ensemble.forest.RandomForestClassifier)(1)","0.6713","features:[],dtype:float64""},unknown:""ignore"",values:""auto"",sparse:true,threshold:0.0,bootstrap:true,weight:null,criterion:""entropy"",depth:null,features:22426402285134794,nodes:null,decrease:0.0,split:null,leaf:3,split:6,leaf:0.0,estimators:300,jobs:1,score:false,state:8701,verbose:0,start:false,memory:null,axis:0,features:[],copy:true,empty:0,values:""NaN"",strategy:""mean"",nominal:""most_frequent"",verbose:0"
"9181146","sklearn.pipeline.Pipeline(imputation=hyperimp.utils.preprocessing.ConditionalImputer2,hotencoding=sklearn.preprocessing.data.OneHotEncoder,variencethreshold=sklearn.feature_selection.variance_threshold.VarianceThreshold,clf=sklearn.ensemble.forest.RandomForestClassifier)(1)","0.6713","features:[],dtype:float64""},unknown:""ignore"",values:""auto"",sparse:true,threshold:0.0,bootstrap:false,weight:null,criterion:""entropy"",depth:null,features:6751071581676069,nodes:null,decrease:0.0,split:null,leaf:6,split:12,leaf:0.0,estimators:300,jobs:1,score:false,state:29908,verbose:0,start:false,memory:null,axis:0,features:[],copy:true,empty:0,values:""NaN"",strategy:""mean"",nominal:""most_frequent"",verbose:0"
"9169640","sklearn.pipeline.Pipeline(imputation=hyperimp.utils.preprocessing.ConditionalImputer2,hotencoding=sklearn.preprocessing.data.OneHotEncoder,variencethreshold=sklearn.feature_selection.variance_threshold.VarianceThreshold,clf=sklearn.ensemble.forest.RandomForestClassifier)(1)","0.6712","features:[],dtype:float64""},unknown:""ignore"",values:""auto"",sparse:true,threshold:0.0,bootstrap:true,weight:null,criterion:""gini"",depth:null,features:5378027706848515,nodes:null,decrease:0.0,split:null,leaf:1,split:8,leaf:0.0,estimators:300,jobs:1,score:false,state:52546,verbose:0,start:false,memory:null,axis:0,features:[],copy:true,empty:0,values:""NaN"",strategy:""mean"",nominal:""most_frequent"",verbose:0"
"9167523","sklearn.pipeline.Pipeline(imputation=hyperimp.utils.preprocessing.ConditionalImputer2,hotencoding=sklearn.preprocessing.data.OneHotEncoder,variencethreshold=sklearn.feature_selection.variance_threshold.VarianceThreshold,clf=sklearn.ensemble.forest.RandomForestClassifier)(1)","0.6712","features:[],dtype:float64""},unknown:""ignore"",values:""auto"",sparse:true,threshold:0.0,bootstrap:true,weight:null,criterion:""entropy"",depth:null,features:7005520370743252,nodes:null,decrease:0.0,split:null,leaf:2,split:10,leaf:0.0,estimators:300,jobs:1,score:false,state:16392,verbose:0,start:false,memory:null,axis:0,features:[],copy:true,empty:0,values:""NaN"",strategy:""mean"",nominal:""most_frequent"",verbose:0"
"9056605","sklearn.pipeline.Pipeline(imputation=hyperimp.utils.preprocessing.ConditionalImputer,hotencoding=sklearn.preprocessing.data.OneHotEncoder,variencethreshold=sklearn.feature_selection.variance_threshold.VarianceThreshold,clf=sklearn.ensemble.forest.RandomForestClassifier)(1)","0.6712","features:[],dtype:float64""},unknown:""ignore"",values:""auto"",sparse:true,threshold:0.0,bootstrap:false,weight:null,criterion:""gini"",depth:null,features:2749076742164023,nodes:null,decrease:0.0,split:null,leaf:6,split:6,leaf:0.0,estimators:500,jobs:1,score:false,state:1,verbose:0,start:false,memory:null,axis:0,features:[],copy:true,empty:0,values:""NaN"",strategy:""mean"",nominal:""most_frequent"",verbose:0"
"9055858","sklearn.pipeline.Pipeline(imputation=hyperimp.utils.preprocessing.ConditionalImputer,hotencoding=sklearn.preprocessing.data.OneHotEncoder,variencethreshold=sklearn.feature_selection.variance_threshold.VarianceThreshold,clf=sklearn.ensemble.forest.RandomForestClassifier)(1)","0.6712","features:[],dtype:float64""},unknown:""ignore"",values:""auto"",sparse:true,threshold:0.0,bootstrap:false,weight:null,criterion:""entropy"",depth:null,features:4198825817244992,nodes:null,decrease:0.0,split:null,leaf:7,split:12,leaf:0.0,estimators:500,jobs:1,score:false,state:1,verbose:0,start:false,memory:null,axis:0,features:[],copy:true,empty:0,values:""NaN"",strategy:""mean"",nominal:""most_frequent"",verbose:0"
"9180788","sklearn.pipeline.Pipeline(imputation=hyperimp.utils.preprocessing.ConditionalImputer2,hotencoding=sklearn.preprocessing.data.OneHotEncoder,variencethreshold=sklearn.feature_selection.variance_threshold.VarianceThreshold,clf=sklearn.ensemble.forest.RandomForestClassifier)(1)","0.6709","features:[],dtype:float64""},unknown:""ignore"",values:""auto"",sparse:true,threshold:0.0,bootstrap:false,weight:null,criterion:""gini"",depth:null,features:661822987709488,nodes:null,decrease:0.0,split:null,leaf:4,split:7,leaf:0.0,estimators:300,jobs:1,score:false,state:63166,verbose:0,start:false,memory:null,axis:0,features:[],copy:true,empty:0,values:""NaN"",strategy:""mean"",nominal:""most_frequent"",verbose:0"
"9156675","sklearn.pipeline.Pipeline(imputation=hyperimp.utils.preprocessing.ConditionalImputer2,hotencoding=sklearn.preprocessing.data.OneHotEncoder,variencethreshold=sklearn.feature_selection.variance_threshold.VarianceThreshold,clf=sklearn.ensemble.forest.RandomForestClassifier)(1)","0.6707","features:[],dtype:float64""},unknown:""ignore"",values:""auto"",sparse:true,threshold:0.0,bootstrap:false,weight:null,criterion:""gini"",depth:null,features:21788056249991228,nodes:null,decrease:0.0,split:null,leaf:3,split:14,leaf:0.0,estimators:300,jobs:1,score:false,state:13907,verbose:0,start:false,memory:null,axis:0,features:[],copy:true,empty:0,values:""NaN"",strategy:""mean"",nominal:""most_frequent"",verbose:0"
"5991955","sklearn.pipeline.Pipeline(imputation=openmlstudy14.preprocessing.ConditionalImputer,hotencoding=sklearn.preprocessing.data.OneHotEncoder,variencethreshold=sklearn.feature_selection.variance_threshold.VarianceThreshold,classifier=sklearn.ensemble.forest.RandomForestClassifier)(1)","0.6707","bootstrap:false,weight:null,criterion:""entropy"",depth:null,features:6527384380797805,nodes:null,split:1e-07,leaf:5,split:9,leaf:0.0,estimators:100,jobs:1,score:false,state:42654,verbose:0,start:false,axis:0,features:[],copy:true,empty:0,values:""NaN"",strategy:""median"",nominal:""most_frequent"",verbose:0,features:[],dtype:float64""},unknown:""ignore"",values:""auto"",sparse:false,threshold:0.0"
"9060326","sklearn.pipeline.Pipeline(imputation=hyperimp.utils.preprocessing.ConditionalImputer,hotencoding=sklearn.preprocessing.data.OneHotEncoder,variencethreshold=sklearn.feature_selection.variance_threshold.VarianceThreshold,clf=sklearn.ensemble.forest.RandomForestClassifier)(1)","0.6707","features:[],dtype:float64""},unknown:""ignore"",values:""auto"",sparse:true,threshold:0.0,bootstrap:false,weight:null,criterion:""entropy"",depth:null,features:7661338615336949,nodes:null,decrease:0.0,split:null,leaf:3,split:9,leaf:0.0,estimators:500,jobs:1,score:false,state:1,verbose:0,start:false,memory:null,axis:0,features:[],copy:true,empty:0,values:""NaN"",strategy:""mean"",nominal:""most_frequent"",verbose:0"
"9057467","sklearn.pipeline.Pipeline(imputation=hyperimp.utils.preprocessing.ConditionalImputer,hotencoding=sklearn.preprocessing.data.OneHotEncoder,variencethreshold=sklearn.feature_selection.variance_threshold.VarianceThreshold,clf=sklearn.ensemble.forest.RandomForestClassifier)(1)","0.6707","features:[],dtype:float64""},unknown:""ignore"",values:""auto"",sparse:true,threshold:0.0,bootstrap:false,weight:null,criterion:""entropy"",depth:null,features:44510993625740813,nodes:null,decrease:0.0,split:null,leaf:5,split:17,leaf:0.0,estimators:500,jobs:1,score:false,state:1,verbose:0,start:false,memory:null,axis:0,features:[],copy:true,empty:0,values:""NaN"",strategy:""mean"",nominal:""most_frequent"",verbose:0"
"9059014","sklearn.pipeline.Pipeline(imputation=hyperimp.utils.preprocessing.ConditionalImputer,hotencoding=sklearn.preprocessing.data.OneHotEncoder,variencethreshold=sklearn.feature_selection.variance_threshold.VarianceThreshold,clf=sklearn.ensemble.forest.RandomForestClassifier)(1)","0.6707","features:[],dtype:float64""},unknown:""ignore"",values:""auto"",sparse:true,threshold:0.0,bootstrap:true,weight:null,criterion:""gini"",depth:null,features:1429490001947904,nodes:null,decrease:0.0,split:null,leaf:1,split:6,leaf:0.0,estimators:500,jobs:1,score:false,state:1,verbose:0,start:false,memory:null,axis:0,features:[],copy:true,empty:0,values:""NaN"",strategy:""mean"",nominal:""most_frequent"",verbose:0"
"6009865","sklearn.pipeline.Pipeline(imputation=openmlstudy14.preprocessing.ConditionalImputer,hotencoding=sklearn.preprocessing.data.OneHotEncoder,variencethreshold=sklearn.feature_selection.variance_threshold.VarianceThreshold,classifier=sklearn.ensemble.forest.RandomForestClassifier)(1)","0.6706","bootstrap:false,weight:null,criterion:""entropy"",depth:null,features:7489974201561813,nodes:null,split:1e-07,leaf:2,split:10,leaf:0.0,estimators:100,jobs:1,score:false,state:22167,verbose:0,start:false,axis:0,features:[],copy:true,empty:0,values:""NaN"",strategy:""most_frequent"",nominal:""most_frequent"",verbose:0,features:[],dtype:float64""},unknown:""ignore"",values:""auto"",sparse:false,threshold:0.0"
"10034966","sklearn.pipeline.Pipeline(columntransformer=sklearn.compose._column_transformer.ColumnTransformer(numeric=sklearn.pipeline.Pipeline(imputer=sklearn.preprocessing.imputation.Imputer,standardscaler=sklearn.preprocessing.data.StandardScaler),nominal=sklearn.pipeline.Pipeline(simpleimputer=sklearn.impute.SimpleImputer,onehotencoder=sklearn.preprocessing._encoders.OneHotEncoder)),variancethreshold=sklearn.feature_selection.variance_threshold.VarianceThreshold,randomforestclassifier=sklearn.ensemble.forest.RandomForestClassifier)(2)","0.6705","jobs:null,remainder:""passthrough"",threshold:0.3,weights:null,memory:null,axis:0,copy:true,values:""NaN"",strategy:""mean"",verbose:0,copy:true,mean:true,std:true,memory:null,copy:true,value:-1,values:NaN,strategy:""constant"",verbose:0,features:null,categories:null,dtype:float64""},unknown:""ignore"",values:null,sparse:true,threshold:0.0,memory:null,bootstrap:false,weight:null,criterion:""gini"",depth:null,features:17666303828277408,nodes:null,decrease:0.0,split:null,leaf:3,split:14,leaf:0.0,estimators:100,jobs:null,score:false,state:22400,verbose:0,start:false"
"9185941","sklearn.pipeline.Pipeline(imputation=hyperimp.utils.preprocessing.ConditionalImputer2,hotencoding=sklearn.preprocessing.data.OneHotEncoder,variencethreshold=sklearn.feature_selection.variance_threshold.VarianceThreshold,clf=sklearn.ensemble.forest.RandomForestClassifier)(1)","0.6702","features:[],dtype:float64""},unknown:""ignore"",values:""auto"",sparse:true,threshold:0.0,bootstrap:false,weight:null,criterion:""gini"",depth:null,features:4592754058347792,nodes:null,decrease:0.0,split:null,leaf:4,split:14,leaf:0.0,estimators:300,jobs:1,score:false,state:64510,verbose:0,start:false,memory:null,axis:0,features:[],copy:true,empty:0,values:""NaN"",strategy:""mean"",nominal:""most_frequent"",verbose:0"
"9164621","sklearn.pipeline.Pipeline(imputation=hyperimp.utils.preprocessing.ConditionalImputer2,hotencoding=sklearn.preprocessing.data.OneHotEncoder,variencethreshold=sklearn.feature_selection.variance_threshold.VarianceThreshold,clf=sklearn.ensemble.forest.RandomForestClassifier)(1)","0.6702","features:[],dtype:float64""},unknown:""ignore"",values:""auto"",sparse:true,threshold:0.0,bootstrap:false,weight:null,criterion:""entropy"",depth:null,features:5716881328130625,nodes:null,decrease:0.0,split:null,leaf:7,split:7,leaf:0.0,estimators:300,jobs:1,score:false,state:88249,verbose:0,start:false,memory:null,axis:0,features:[],copy:true,empty:0,values:""NaN"",strategy:""mean"",nominal:""most_frequent"",verbose:0"
"9184447","sklearn.pipeline.Pipeline(imputation=hyperimp.utils.preprocessing.ConditionalImputer2,hotencoding=sklearn.preprocessing.data.OneHotEncoder,variencethreshold=sklearn.feature_selection.variance_threshold.VarianceThreshold,clf=sklearn.ensemble.forest.RandomForestClassifier)(1)","0.6701","features:[],dtype:float64""},unknown:""ignore"",values:""auto"",sparse:true,threshold:0.0,bootstrap:false,weight:null,criterion:""gini"",depth:null,features:6861269879960313,nodes:null,decrease:0.0,split:null,leaf:4,split:3,leaf:0.0,estimators:300,jobs:1,score:false,state:22003,verbose:0,start:false,memory:null,axis:0,features:[],copy:true,empty:0,values:""NaN"",strategy:""mean"",nominal:""most_frequent"",verbose:0"
"9170475","sklearn.pipeline.Pipeline(imputation=hyperimp.utils.preprocessing.ConditionalImputer2,hotencoding=sklearn.preprocessing.data.OneHotEncoder,variencethreshold=sklearn.feature_selection.variance_threshold.VarianceThreshold,clf=sklearn.ensemble.forest.RandomForestClassifier)(1)","0.6701","features:[],dtype:float64""},unknown:""ignore"",values:""auto"",sparse:true,threshold:0.0,bootstrap:false,weight:null,criterion:""gini"",depth:null,features:2371150933290791,nodes:null,decrease:0.0,split:null,leaf:3,split:16,leaf:0.0,estimators:300,jobs:1,score:false,state:31133,verbose:0,start:false,memory:null,axis:0,features:[],copy:true,empty:0,values:""NaN"",strategy:""mean"",nominal:""most_frequent"",verbose:0"
"9180694","sklearn.pipeline.Pipeline(imputation=hyperimp.utils.preprocessing.ConditionalImputer2,hotencoding=sklearn.preprocessing.data.OneHotEncoder,variencethreshold=sklearn.feature_selection.variance_threshold.VarianceThreshold,clf=sklearn.ensemble.forest.RandomForestClassifier)(1)","0.67","features:[],dtype:float64""},unknown:""ignore"",values:""auto"",sparse:true,threshold:0.0,bootstrap:false,weight:null,criterion:""gini"",depth:null,features:24463864659881684,nodes:null,decrease:0.0,split:null,leaf:1,split:18,leaf:0.0,estimators:300,jobs:1,score:false,state:85894,verbose:0,start:false,memory:null,axis:0,features:[],copy:true,empty:0,values:""NaN"",strategy:""mean"",nominal:""most_frequent"",verbose:0"
"9184145","sklearn.pipeline.Pipeline(imputation=hyperimp.utils.preprocessing.ConditionalImputer2,hotencoding=sklearn.preprocessing.data.OneHotEncoder,variencethreshold=sklearn.feature_selection.variance_threshold.VarianceThreshold,clf=sklearn.ensemble.forest.RandomForestClassifier)(1)","0.67","features:[],dtype:float64""},unknown:""ignore"",values:""auto"",sparse:true,threshold:0.0,bootstrap:false,weight:null,criterion:""gini"",depth:null,features:5993657607783927,nodes:null,decrease:0.0,split:null,leaf:3,split:12,leaf:0.0,estimators:300,jobs:1,score:false,state:60913,verbose:0,start:false,memory:null,axis:0,features:[],copy:true,empty:0,values:""NaN"",strategy:""mean"",nominal:""most_frequent"",verbose:0"
"9041016","sklearn.pipeline.Pipeline(imputation=hyperimp.utils.preprocessing.ConditionalImputer,hotencoding=sklearn.preprocessing.data.OneHotEncoder,variencethreshold=sklearn.feature_selection.variance_threshold.VarianceThreshold,clf=sklearn.ensemble.forest.RandomForestClassifier)(1)","0.67","features:[],dtype:float64""},unknown:""ignore"",values:""auto"",sparse:true,threshold:0.0,bootstrap:false,weight:null,criterion:""gini"",depth:null,features:7562755643021958,nodes:null,decrease:0.0,split:null,leaf:1,split:5,leaf:0.0,estimators:500,jobs:1,score:false,state:1,verbose:0,start:false,memory:null,axis:0,features:[],copy:true,empty:0,values:""NaN"",strategy:""mean"",nominal:""most_frequent"",verbose:0"
"9056929","sklearn.pipeline.Pipeline(imputation=hyperimp.utils.preprocessing.ConditionalImputer,hotencoding=sklearn.preprocessing.data.OneHotEncoder,variencethreshold=sklearn.feature_selection.variance_threshold.VarianceThreshold,clf=sklearn.ensemble.forest.RandomForestClassifier)(1)","0.67","features:[],dtype:float64""},unknown:""ignore"",values:""auto"",sparse:true,threshold:0.0,bootstrap:true,weight:null,criterion:""entropy"",depth:null,features:6884976458070907,nodes:null,decrease:0.0,split:null,leaf:4,split:8,leaf:0.0,estimators:500,jobs:1,score:false,state:1,verbose:0,start:false,memory:null,axis:0,features:[],copy:true,empty:0,values:""NaN"",strategy:""mean"",nominal:""most_frequent"",verbose:0"
"9057790","sklearn.pipeline.Pipeline(imputation=hyperimp.utils.preprocessing.ConditionalImputer,hotencoding=sklearn.preprocessing.data.OneHotEncoder,variencethreshold=sklearn.feature_selection.variance_threshold.VarianceThreshold,clf=sklearn.ensemble.forest.RandomForestClassifier)(1)","0.67","features:[],dtype:float64""},unknown:""ignore"",values:""auto"",sparse:true,threshold:0.0,bootstrap:false,weight:null,criterion:""gini"",depth:null,features:4480982084690325,nodes:null,decrease:0.0,split:null,leaf:6,split:10,leaf:0.0,estimators:500,jobs:1,score:false,state:1,verbose:0,start:false,memory:null,axis:0,features:[],copy:true,empty:0,values:""NaN"",strategy:""mean"",nominal:""most_frequent"",verbose:0"
"9044843","sklearn.pipeline.Pipeline(imputation=hyperimp.utils.preprocessing.ConditionalImputer,hotencoding=sklearn.preprocessing.data.OneHotEncoder,variencethreshold=sklearn.feature_selection.variance_threshold.VarianceThreshold,clf=sklearn.ensemble.forest.RandomForestClassifier)(1)","0.67","features:[],dtype:float64""},unknown:""ignore"",values:""auto"",sparse:true,threshold:0.0,bootstrap:false,weight:null,criterion:""gini"",depth:null,features:5321118630382823,nodes:null,decrease:0.0,split:null,leaf:6,split:9,leaf:0.0,estimators:500,jobs:1,score:false,state:1,verbose:0,start:false,memory:null,axis:0,features:[],copy:true,empty:0,values:""NaN"",strategy:""mean"",nominal:""most_frequent"",verbose:0"
"9057830","sklearn.pipeline.Pipeline(imputation=hyperimp.utils.preprocessing.ConditionalImputer,hotencoding=sklearn.preprocessing.data.OneHotEncoder,variencethreshold=sklearn.feature_selection.variance_threshold.VarianceThreshold,clf=sklearn.ensemble.forest.RandomForestClassifier)(1)","0.67","features:[],dtype:float64""},unknown:""ignore"",values:""auto"",sparse:true,threshold:0.0,bootstrap:false,weight:null,criterion:""entropy"",depth:null,features:5132412430034267,nodes:null,decrease:0.0,split:null,leaf:7,split:4,leaf:0.0,estimators:500,jobs:1,score:false,state:1,verbose:0,start:false,memory:null,axis:0,features:[],copy:true,empty:0,values:""NaN"",strategy:""mean"",nominal:""most_frequent"",verbose:0"
"5989690","sklearn.pipeline.Pipeline(imputation=openmlstudy14.preprocessing.ConditionalImputer,hotencoding=sklearn.preprocessing.data.OneHotEncoder,variencethreshold=sklearn.feature_selection.variance_threshold.VarianceThreshold,classifier=sklearn.ensemble.forest.RandomForestClassifier)(1)","0.6699","bootstrap:false,weight:null,criterion:""gini"",depth:null,features:6175091029435987,nodes:null,split:1e-07,leaf:3,split:12,leaf:0.0,estimators:100,jobs:1,score:false,state:23792,verbose:0,start:false,axis:0,features:[],copy:true,empty:0,values:""NaN"",strategy:""most_frequent"",nominal:""most_frequent"",verbose:0,features:[],dtype:float64""},unknown:""ignore"",values:""auto"",sparse:false,threshold:0.0"
"10037064","sklearn.pipeline.Pipeline(columntransformer=sklearn.compose._column_transformer.ColumnTransformer(numeric=sklearn.pipeline.Pipeline(imputer=sklearn.preprocessing.imputation.Imputer,standardscaler=sklearn.preprocessing.data.StandardScaler),nominal=sklearn.pipeline.Pipeline(simpleimputer=sklearn.impute.SimpleImputer,onehotencoder=sklearn.preprocessing._encoders.OneHotEncoder)),variancethreshold=sklearn.feature_selection.variance_threshold.VarianceThreshold,randomforestclassifier=sklearn.ensemble.forest.RandomForestClassifier)(2)","0.6699","jobs:null,remainder:""passthrough"",threshold:0.3,weights:null,memory:null,axis:0,copy:true,values:""NaN"",strategy:""median"",verbose:0,copy:true,mean:true,std:true,memory:null,copy:true,value:-1,values:NaN,strategy:""constant"",verbose:0,features:null,categories:null,dtype:float64""},unknown:""ignore"",values:null,sparse:true,threshold:0.0,memory:null,bootstrap:true,weight:null,criterion:""entropy"",depth:null,features:5664332546532377,nodes:null,decrease:0.0,split:null,leaf:3,split:4,leaf:0.0,estimators:100,jobs:null,score:false,state:50900,verbose:0,start:false"
"9058011","sklearn.pipeline.Pipeline(imputation=hyperimp.utils.preprocessing.ConditionalImputer,hotencoding=sklearn.preprocessing.data.OneHotEncoder,variencethreshold=sklearn.feature_selection.variance_threshold.VarianceThreshold,clf=sklearn.ensemble.forest.RandomForestClassifier)(1)","0.6698","features:[],dtype:float64""},unknown:""ignore"",values:""auto"",sparse:true,threshold:0.0,bootstrap:false,weight:null,criterion:""entropy"",depth:null,features:7336098189389733,nodes:null,decrease:0.0,split:null,leaf:5,split:6,leaf:0.0,estimators:500,jobs:1,score:false,state:1,verbose:0,start:false,memory:null,axis:0,features:[],copy:true,empty:0,values:""NaN"",strategy:""mean"",nominal:""most_frequent"",verbose:0"
"9177953","sklearn.pipeline.Pipeline(imputation=hyperimp.utils.preprocessing.ConditionalImputer2,hotencoding=sklearn.preprocessing.data.OneHotEncoder,variencethreshold=sklearn.feature_selection.variance_threshold.VarianceThreshold,clf=sklearn.ensemble.forest.RandomForestClassifier)(1)","0.6697","features:[],dtype:float64""},unknown:""ignore"",values:""auto"",sparse:true,threshold:0.0,bootstrap:false,weight:null,criterion:""entropy"",depth:null,features:5870252479088607,nodes:null,decrease:0.0,split:null,leaf:2,split:19,leaf:0.0,estimators:300,jobs:1,score:false,state:91468,verbose:0,start:false,memory:null,axis:0,features:[],copy:true,empty:0,values:""NaN"",strategy:""mean"",nominal:""most_frequent"",verbose:0"
"6011150","sklearn.pipeline.Pipeline(imputation=openmlstudy14.preprocessing.ConditionalImputer,hotencoding=sklearn.preprocessing.data.OneHotEncoder,variencethreshold=sklearn.feature_selection.variance_threshold.VarianceThreshold,classifier=sklearn.ensemble.forest.RandomForestClassifier)(1)","0.6697","bootstrap:false,weight:null,criterion:""entropy"",depth:null,features:7816283334070059,nodes:null,split:1e-07,leaf:1,split:5,leaf:0.0,estimators:100,jobs:1,score:false,state:22306,verbose:0,start:false,axis:0,features:[],copy:true,empty:0,values:""NaN"",strategy:""most_frequent"",nominal:""most_frequent"",verbose:0,features:[],dtype:float64""},unknown:""ignore"",values:""auto"",sparse:false,threshold:0.0"
"5982101","sklearn.pipeline.Pipeline(imputation=openmlstudy14.preprocessing.ConditionalImputer,hotencoding=sklearn.preprocessing.data.OneHotEncoder,variencethreshold=sklearn.feature_selection.variance_threshold.VarianceThreshold,classifier=sklearn.ensemble.forest.RandomForestClassifier)(1)","0.6697","bootstrap:false,weight:null,criterion:""gini"",depth:null,features:6741262817430027,nodes:null,split:1e-07,leaf:1,split:11,leaf:0.0,estimators:100,jobs:1,score:false,state:64046,verbose:0,start:false,axis:0,features:[],copy:true,empty:0,values:""NaN"",strategy:""mean"",nominal:""most_frequent"",verbose:0,features:[],dtype:float64""},unknown:""ignore"",values:""auto"",sparse:false,threshold:0.0"
"9166535","sklearn.pipeline.Pipeline(imputation=hyperimp.utils.preprocessing.ConditionalImputer2,hotencoding=sklearn.preprocessing.data.OneHotEncoder,variencethreshold=sklearn.feature_selection.variance_threshold.VarianceThreshold,clf=sklearn.ensemble.forest.RandomForestClassifier)(1)","0.6694","features:[],dtype:float64""},unknown:""ignore"",values:""auto"",sparse:true,threshold:0.0,bootstrap:false,weight:null,criterion:""entropy"",depth:null,features:689647401297374,nodes:null,decrease:0.0,split:null,leaf:4,split:13,leaf:0.0,estimators:300,jobs:1,score:false,state:35562,verbose:0,start:false,memory:null,axis:0,features:[],copy:true,empty:0,values:""NaN"",strategy:""mean"",nominal:""most_frequent"",verbose:0"
"5989218","sklearn.pipeline.Pipeline(imputation=openmlstudy14.preprocessing.ConditionalImputer,hotencoding=sklearn.preprocessing.data.OneHotEncoder,variencethreshold=sklearn.feature_selection.variance_threshold.VarianceThreshold,classifier=sklearn.ensemble.forest.RandomForestClassifier)(1)","0.6694","bootstrap:false,weight:null,criterion:""gini"",depth:null,features:7520802936912182,nodes:null,split:1e-07,leaf:1,split:7,leaf:0.0,estimators:100,jobs:1,score:false,state:20557,verbose:0,start:false,axis:0,features:[],copy:true,empty:0,values:""NaN"",strategy:""most_frequent"",nominal:""most_frequent"",verbose:0,features:[],dtype:float64""},unknown:""ignore"",values:""auto"",sparse:false,threshold:0.0"
"9059779","sklearn.pipeline.Pipeline(imputation=hyperimp.utils.preprocessing.ConditionalImputer,hotencoding=sklearn.preprocessing.data.OneHotEncoder,variencethreshold=sklearn.feature_selection.variance_threshold.VarianceThreshold,clf=sklearn.ensemble.forest.RandomForestClassifier)(1)","0.6694","features:[],dtype:float64""},unknown:""ignore"",values:""auto"",sparse:true,threshold:0.0,bootstrap:false,weight:null,criterion:""gini"",depth:null,features:37077923978380933,nodes:null,decrease:0.0,split:null,leaf:3,split:16,leaf:0.0,estimators:500,jobs:1,score:false,state:1,verbose:0,start:false,memory:null,axis:0,features:[],copy:true,empty:0,values:""NaN"",strategy:""mean"",nominal:""most_frequent"",verbose:0"
"9184191","sklearn.pipeline.Pipeline(imputation=hyperimp.utils.preprocessing.ConditionalImputer2,hotencoding=sklearn.preprocessing.data.OneHotEncoder,variencethreshold=sklearn.feature_selection.variance_threshold.VarianceThreshold,clf=sklearn.ensemble.forest.RandomForestClassifier)(1)","0.6693","features:[],dtype:float64""},unknown:""ignore"",values:""auto"",sparse:true,threshold:0.0,bootstrap:false,weight:null,criterion:""gini"",depth:null,features:26521555005779185,nodes:null,decrease:0.0,split:null,leaf:1,split:19,leaf:0.0,estimators:300,jobs:1,score:false,state:53249,verbose:0,start:false,memory:null,axis:0,features:[],copy:true,empty:0,values:""NaN"",strategy:""mean"",nominal:""most_frequent"",verbose:0"
"10025880","sklearn.pipeline.Pipeline(columntransformer=sklearn.compose._column_transformer.ColumnTransformer(numeric=sklearn.pipeline.Pipeline(imputer=sklearn.preprocessing.imputation.Imputer,standardscaler=sklearn.preprocessing.data.StandardScaler),nominal=sklearn.pipeline.Pipeline(simpleimputer=sklearn.impute.SimpleImputer,onehotencoder=sklearn.preprocessing._encoders.OneHotEncoder)),variancethreshold=sklearn.feature_selection.variance_threshold.VarianceThreshold,randomforestclassifier=sklearn.ensemble.forest.RandomForestClassifier)(2)","0.6692","jobs:null,remainder:""passthrough"",threshold:0.3,weights:null,memory:null,axis:0,copy:true,values:""NaN"",strategy:""most_frequent"",verbose:0,copy:true,mean:true,std:true,memory:null,copy:true,value:-1,values:NaN,strategy:""constant"",verbose:0,features:null,categories:null,dtype:float64""},unknown:""ignore"",values:null,sparse:true,threshold:0.0,memory:null,bootstrap:false,weight:null,criterion:""entropy"",depth:null,features:46199755805713916,nodes:null,decrease:0.0,split:null,leaf:7,split:3,leaf:0.0,estimators:100,jobs:null,score:false,state:55628,verbose:0,start:false"
"9182083","sklearn.pipeline.Pipeline(imputation=hyperimp.utils.preprocessing.ConditionalImputer2,hotencoding=sklearn.preprocessing.data.OneHotEncoder,variencethreshold=sklearn.feature_selection.variance_threshold.VarianceThreshold,clf=sklearn.ensemble.forest.RandomForestClassifier)(1)","0.6691","features:[],dtype:float64""},unknown:""ignore"",values:""auto"",sparse:true,threshold:0.0,bootstrap:false,weight:null,criterion:""gini"",depth:null,features:40085206528111195,nodes:null,decrease:0.0,split:null,leaf:5,split:15,leaf:0.0,estimators:300,jobs:1,score:false,state:54027,verbose:0,start:false,memory:null,axis:0,features:[],copy:true,empty:0,values:""NaN"",strategy:""mean"",nominal:""most_frequent"",verbose:0"
"9163800","sklearn.pipeline.Pipeline(imputation=hyperimp.utils.preprocessing.ConditionalImputer2,hotencoding=sklearn.preprocessing.data.OneHotEncoder,variencethreshold=sklearn.feature_selection.variance_threshold.VarianceThreshold,clf=sklearn.ensemble.forest.RandomForestClassifier)(1)","0.6691","features:[],dtype:float64""},unknown:""ignore"",values:""auto"",sparse:true,threshold:0.0,bootstrap:true,weight:null,criterion:""entropy"",depth:null,features:8056094862943819,nodes:null,decrease:0.0,split:null,leaf:4,split:10,leaf:0.0,estimators:300,jobs:1,score:false,state:19158,verbose:0,start:false,memory:null,axis:0,features:[],copy:true,empty:0,values:""NaN"",strategy:""mean"",nominal:""most_frequent"",verbose:0"
"9160779","sklearn.pipeline.Pipeline(imputation=hyperimp.utils.preprocessing.ConditionalImputer2,hotencoding=sklearn.preprocessing.data.OneHotEncoder,variencethreshold=sklearn.feature_selection.variance_threshold.VarianceThreshold,clf=sklearn.ensemble.forest.RandomForestClassifier)(1)","0.6691","features:[],dtype:float64""},unknown:""ignore"",values:""auto"",sparse:true,threshold:0.0,bootstrap:false,weight:null,criterion:""entropy"",depth:null,features:17196330388457282,nodes:null,decrease:0.0,split:null,leaf:4,split:16,leaf:0.0,estimators:300,jobs:1,score:false,state:97178,verbose:0,start:false,memory:null,axis:0,features:[],copy:true,empty:0,values:""NaN"",strategy:""mean"",nominal:""most_frequent"",verbose:0"
"9058516","sklearn.pipeline.Pipeline(imputation=hyperimp.utils.preprocessing.ConditionalImputer,hotencoding=sklearn.preprocessing.data.OneHotEncoder,variencethreshold=sklearn.feature_selection.variance_threshold.VarianceThreshold,clf=sklearn.ensemble.forest.RandomForestClassifier)(1)","0.669","features:[],dtype:float64""},unknown:""ignore"",values:""auto"",sparse:true,threshold:0.0,bootstrap:false,weight:null,criterion:""gini"",depth:null,features:19588943004062198,nodes:null,decrease:0.0,split:null,leaf:1,split:19,leaf:0.0,estimators:500,jobs:1,score:false,state:1,verbose:0,start:false,memory:null,axis:0,features:[],copy:true,empty:0,values:""NaN"",strategy:""mean"",nominal:""most_frequent"",verbose:0"
"9059535","sklearn.pipeline.Pipeline(imputation=hyperimp.utils.preprocessing.ConditionalImputer,hotencoding=sklearn.preprocessing.data.OneHotEncoder,variencethreshold=sklearn.feature_selection.variance_threshold.VarianceThreshold,clf=sklearn.ensemble.forest.RandomForestClassifier)(1)","0.669","features:[],dtype:float64""},unknown:""ignore"",values:""auto"",sparse:true,threshold:0.0,bootstrap:true,weight:null,criterion:""entropy"",depth:null,features:6297567743872704,nodes:null,decrease:0.0,split:null,leaf:4,split:3,leaf:0.0,estimators:500,jobs:1,score:false,state:1,verbose:0,start:false,memory:null,axis:0,features:[],copy:true,empty:0,values:""NaN"",strategy:""mean"",nominal:""most_frequent"",verbose:0"
"9059856","sklearn.pipeline.Pipeline(imputation=hyperimp.utils.preprocessing.ConditionalImputer,hotencoding=sklearn.preprocessing.data.OneHotEncoder,variencethreshold=sklearn.feature_selection.variance_threshold.VarianceThreshold,clf=sklearn.ensemble.forest.RandomForestClassifier)(1)","0.669","features:[],dtype:float64""},unknown:""ignore"",values:""auto"",sparse:true,threshold:0.0,bootstrap:true,weight:null,criterion:""entropy"",depth:null,features:17468893149493114,nodes:null,decrease:0.0,split:null,leaf:1,split:8,leaf:0.0,estimators:500,jobs:1,score:false,state:1,verbose:0,start:false,memory:null,axis:0,features:[],copy:true,empty:0,values:""NaN"",strategy:""mean"",nominal:""most_frequent"",verbose:0"
"5967876","sklearn.pipeline.Pipeline(imputation=openmlstudy14.preprocessing.ConditionalImputer,hotencoding=sklearn.preprocessing.data.OneHotEncoder,variencethreshold=sklearn.feature_selection.variance_threshold.VarianceThreshold,classifier=sklearn.ensemble.weight_boosting.AdaBoostClassifier(base_estimator=sklearn.tree.tree.DecisionTreeClassifier))(1)","0.6689","weight:null,criterion:""gini"",depth:10,features:null,nodes:null,split:1e-07,leaf:1,split:2,leaf:0.0,presort:false,state:4091,splitter:""best"",axis:0,features:[],copy:true,empty:0,values:""NaN"",strategy:""most_frequent"",nominal:""most_frequent"",verbose:0,features:[],dtype:float64""},unknown:""ignore"",values:""auto"",sparse:false,threshold:0.0,algorithm:""SAMME"",rate:011412939452941593,estimators:461,state:6257"
"9042753","sklearn.pipeline.Pipeline(imputation=hyperimp.utils.preprocessing.ConditionalImputer,hotencoding=sklearn.preprocessing.data.OneHotEncoder,variencethreshold=sklearn.feature_selection.variance_threshold.VarianceThreshold,clf=sklearn.ensemble.forest.RandomForestClassifier)(1)","0.6688","features:[],dtype:float64""},unknown:""ignore"",values:""auto"",sparse:true,threshold:0.0,bootstrap:true,weight:null,criterion:""entropy"",depth:null,features:25110446869190894,nodes:null,decrease:0.0,split:null,leaf:4,split:2,leaf:0.0,estimators:500,jobs:1,score:false,state:1,verbose:0,start:false,memory:null,axis:0,features:[],copy:true,empty:0,values:""NaN"",strategy:""mean"",nominal:""most_frequent"",verbose:0"
"9060205","sklearn.pipeline.Pipeline(imputation=hyperimp.utils.preprocessing.ConditionalImputer,hotencoding=sklearn.preprocessing.data.OneHotEncoder,variencethreshold=sklearn.feature_selection.variance_threshold.VarianceThreshold,clf=sklearn.ensemble.forest.RandomForestClassifier)(1)","0.6688","features:[],dtype:float64""},unknown:""ignore"",values:""auto"",sparse:true,threshold:0.0,bootstrap:false,weight:null,criterion:""entropy"",depth:null,features:5915809572856257,nodes:null,decrease:0.0,split:null,leaf:2,split:18,leaf:0.0,estimators:500,jobs:1,score:false,state:1,verbose:0,start:false,memory:null,axis:0,features:[],copy:true,empty:0,values:""NaN"",strategy:""mean"",nominal:""most_frequent"",verbose:0"
"9185781","sklearn.pipeline.Pipeline(imputation=hyperimp.utils.preprocessing.ConditionalImputer2,hotencoding=sklearn.preprocessing.data.OneHotEncoder,variencethreshold=sklearn.feature_selection.variance_threshold.VarianceThreshold,clf=sklearn.ensemble.forest.RandomForestClassifier)(1)","0.6687","features:[],dtype:float64""},unknown:""ignore"",values:""auto"",sparse:true,threshold:0.0,bootstrap:false,weight:null,criterion:""gini"",depth:null,features:4383332874647321,nodes:null,decrease:0.0,split:null,leaf:6,split:9,leaf:0.0,estimators:300,jobs:1,score:false,state:51756,verbose:0,start:false,memory:null,axis:0,features:[],copy:true,empty:0,values:""NaN"",strategy:""mean"",nominal:""most_frequent"",verbose:0"
"9169841","sklearn.pipeline.Pipeline(imputation=hyperimp.utils.preprocessing.ConditionalImputer2,hotencoding=sklearn.preprocessing.data.OneHotEncoder,variencethreshold=sklearn.feature_selection.variance_threshold.VarianceThreshold,clf=sklearn.ensemble.forest.RandomForestClassifier)(1)","0.6686","features:[],dtype:float64""},unknown:""ignore"",values:""auto"",sparse:true,threshold:0.0,bootstrap:false,weight:null,criterion:""gini"",depth:null,features:27491416316210404,nodes:null,decrease:0.0,split:null,leaf:3,split:16,leaf:0.0,estimators:300,jobs:1,score:false,state:40607,verbose:0,start:false,memory:null,axis:0,features:[],copy:true,empty:0,values:""NaN"",strategy:""mean"",nominal:""most_frequent"",verbose:0"
"9056333","sklearn.pipeline.Pipeline(imputation=hyperimp.utils.preprocessing.ConditionalImputer,hotencoding=sklearn.preprocessing.data.OneHotEncoder,variencethreshold=sklearn.feature_selection.variance_threshold.VarianceThreshold,clf=sklearn.ensemble.forest.RandomForestClassifier)(1)","0.6686","features:[],dtype:float64""},unknown:""ignore"",values:""auto"",sparse:true,threshold:0.0,bootstrap:true,weight:null,criterion:""entropy"",depth:null,features:5368292455262956,nodes:null,decrease:0.0,split:null,leaf:1,split:12,leaf:0.0,estimators:500,jobs:1,score:false,state:1,verbose:0,start:false,memory:null,axis:0,features:[],copy:true,empty:0,values:""NaN"",strategy:""mean"",nominal:""most_frequent"",verbose:0"
"10008608","sklearn.pipeline.Pipeline(columntransformer=sklearn.compose._column_transformer.ColumnTransformer(numeric=sklearn.pipeline.Pipeline(imputer=sklearn.preprocessing.imputation.Imputer,standardscaler=sklearn.preprocessing.data.StandardScaler),nominal=sklearn.pipeline.Pipeline(simpleimputer=sklearn.impute.SimpleImputer,onehotencoder=sklearn.preprocessing._encoders.OneHotEncoder)),variancethreshold=sklearn.feature_selection.variance_threshold.VarianceThreshold,randomforestclassifier=sklearn.ensemble.forest.RandomForestClassifier)(2)","0.6686","jobs:null,remainder:""passthrough"",threshold:0.3,weights:null,memory:null,axis:0,copy:true,values:""NaN"",strategy:""most_frequent"",verbose:0,copy:true,mean:true,std:true,memory:null,copy:true,value:-1,values:NaN,strategy:""constant"",verbose:0,features:null,categories:null,dtype:float64""},unknown:""ignore"",values:null,sparse:true,threshold:0.0,memory:null,bootstrap:false,weight:null,criterion:""entropy"",depth:null,features:30290564832645805,nodes:null,decrease:0.0,split:null,leaf:7,split:9,leaf:0.0,estimators:100,jobs:null,score:false,state:7164,verbose:0,start:false"
"9173292","sklearn.pipeline.Pipeline(imputation=hyperimp.utils.preprocessing.ConditionalImputer2,hotencoding=sklearn.preprocessing.data.OneHotEncoder,variencethreshold=sklearn.feature_selection.variance_threshold.VarianceThreshold,clf=sklearn.ensemble.forest.RandomForestClassifier)(1)","0.6685","features:[],dtype:float64""},unknown:""ignore"",values:""auto"",sparse:true,threshold:0.0,bootstrap:false,weight:null,criterion:""entropy"",depth:null,features:5247854341753863,nodes:null,decrease:0.0,split:null,leaf:6,split:16,leaf:0.0,estimators:300,jobs:1,score:false,state:88437,verbose:0,start:false,memory:null,axis:0,features:[],copy:true,empty:0,values:""NaN"",strategy:""mean"",nominal:""most_frequent"",verbose:0"
"6027452","sklearn.pipeline.Pipeline(imputation=openmlstudy14.preprocessing.ConditionalImputer,hotencoding=sklearn.preprocessing.data.OneHotEncoder,variencethreshold=sklearn.feature_selection.variance_threshold.VarianceThreshold,classifier=sklearn.ensemble.forest.RandomForestClassifier)(1)","0.6685","bootstrap:false,weight:null,criterion:""gini"",depth:null,features:529949275469613,nodes:null,split:1e-07,leaf:5,split:4,leaf:0.0,estimators:100,jobs:1,score:false,state:21385,verbose:0,start:false,axis:0,features:[],copy:true,empty:0,values:""NaN"",strategy:""most_frequent"",nominal:""most_frequent"",verbose:0,features:[],dtype:float64""},unknown:""ignore"",values:""auto"",sparse:true,threshold:0.0"
"9058875","sklearn.pipeline.Pipeline(imputation=hyperimp.utils.preprocessing.ConditionalImputer,hotencoding=sklearn.preprocessing.data.OneHotEncoder,variencethreshold=sklearn.feature_selection.variance_threshold.VarianceThreshold,clf=sklearn.ensemble.forest.RandomForestClassifier)(1)","0.6685","features:[],dtype:float64""},unknown:""ignore"",values:""auto"",sparse:true,threshold:0.0,bootstrap:false,weight:null,criterion:""gini"",depth:null,features:5716520799033121,nodes:null,decrease:0.0,split:null,leaf:1,split:18,leaf:0.0,estimators:500,jobs:1,score:false,state:1,verbose:0,start:false,memory:null,axis:0,features:[],copy:true,empty:0,values:""NaN"",strategy:""mean"",nominal:""most_frequent"",verbose:0"
"9055500","sklearn.pipeline.Pipeline(imputation=hyperimp.utils.preprocessing.ConditionalImputer,hotencoding=sklearn.preprocessing.data.OneHotEncoder,variencethreshold=sklearn.feature_selection.variance_threshold.VarianceThreshold,clf=sklearn.ensemble.forest.RandomForestClassifier)(1)","0.6685","features:[],dtype:float64""},unknown:""ignore"",values:""auto"",sparse:true,threshold:0.0,bootstrap:true,weight:null,criterion:""entropy"",depth:null,features:841959057554076,nodes:null,decrease:0.0,split:null,leaf:4,split:6,leaf:0.0,estimators:500,jobs:1,score:false,state:1,verbose:0,start:false,memory:null,axis:0,features:[],copy:true,empty:0,values:""NaN"",strategy:""mean"",nominal:""most_frequent"",verbose:0"
"9057362","sklearn.pipeline.Pipeline(imputation=hyperimp.utils.preprocessing.ConditionalImputer,hotencoding=sklearn.preprocessing.data.OneHotEncoder,variencethreshold=sklearn.feature_selection.variance_threshold.VarianceThreshold,clf=sklearn.ensemble.forest.RandomForestClassifier)(1)","0.6684","features:[],dtype:float64""},unknown:""ignore"",values:""auto"",sparse:true,threshold:0.0,bootstrap:true,weight:null,criterion:""gini"",depth:null,features:4407013011071357,nodes:null,decrease:0.0,split:null,leaf:2,split:8,leaf:0.0,estimators:500,jobs:1,score:false,state:1,verbose:0,start:false,memory:null,axis:0,features:[],copy:true,empty:0,values:""NaN"",strategy:""mean"",nominal:""most_frequent"",verbose:0"
"10024002","sklearn.pipeline.Pipeline(columntransformer=sklearn.compose._column_transformer.ColumnTransformer(numeric=sklearn.pipeline.Pipeline(imputer=sklearn.preprocessing.imputation.Imputer,standardscaler=sklearn.preprocessing.data.StandardScaler),nominal=sklearn.pipeline.Pipeline(simpleimputer=sklearn.impute.SimpleImputer,onehotencoder=sklearn.preprocessing._encoders.OneHotEncoder)),variancethreshold=sklearn.feature_selection.variance_threshold.VarianceThreshold,randomforestclassifier=sklearn.ensemble.forest.RandomForestClassifier)(2)","0.6684","jobs:null,remainder:""passthrough"",threshold:0.3,weights:null,memory:null,axis:0,copy:true,values:""NaN"",strategy:""mean"",verbose:0,copy:true,mean:true,std:true,memory:null,copy:true,value:-1,values:NaN,strategy:""constant"",verbose:0,features:null,categories:null,dtype:float64""},unknown:""ignore"",values:null,sparse:true,threshold:0.0,memory:null,bootstrap:false,weight:null,criterion:""gini"",depth:null,features:7300775747802314,nodes:null,decrease:0.0,split:null,leaf:2,split:5,leaf:0.0,estimators:100,jobs:null,score:false,state:23288,verbose:0,start:false"
"6033834","sklearn.pipeline.Pipeline(imputation=openmlstudy14.preprocessing.ConditionalImputer,hotencoding=sklearn.preprocessing.data.OneHotEncoder,variencethreshold=sklearn.feature_selection.variance_threshold.VarianceThreshold,classifier=sklearn.ensemble.forest.RandomForestClassifier)(1)","0.6683","bootstrap:true,weight:null,criterion:""gini"",depth:null,features:6253950594247731,nodes:null,split:1e-07,leaf:1,split:5,leaf:0.0,estimators:100,jobs:1,score:false,state:40970,verbose:0,start:false,axis:0,features:[],copy:true,empty:0,values:""NaN"",strategy:""most_frequent"",nominal:""most_frequent"",verbose:0,features:[],dtype:float64""},unknown:""ignore"",values:""auto"",sparse:true,threshold:0.0"
"9058710","sklearn.pipeline.Pipeline(imputation=hyperimp.utils.preprocessing.ConditionalImputer,hotencoding=sklearn.preprocessing.data.OneHotEncoder,variencethreshold=sklearn.feature_selection.variance_threshold.VarianceThreshold,clf=sklearn.ensemble.forest.RandomForestClassifier)(1)","0.6683","features:[],dtype:float64""},unknown:""ignore"",values:""auto"",sparse:true,threshold:0.0,bootstrap:false,weight:null,criterion:""gini"",depth:null,features:4061262629274227,nodes:null,decrease:0.0,split:null,leaf:6,split:6,leaf:0.0,estimators:500,jobs:1,score:false,state:1,verbose:0,start:false,memory:null,axis:0,features:[],copy:true,empty:0,values:""NaN"",strategy:""mean"",nominal:""most_frequent"",verbose:0"
"10038797","sklearn.pipeline.Pipeline(columntransformer=sklearn.compose._column_transformer.ColumnTransformer(numeric=sklearn.pipeline.Pipeline(imputer=sklearn.preprocessing.imputation.Imputer,standardscaler=sklearn.preprocessing.data.StandardScaler),nominal=sklearn.pipeline.Pipeline(simpleimputer=sklearn.impute.SimpleImputer,onehotencoder=sklearn.preprocessing._encoders.OneHotEncoder)),variancethreshold=sklearn.feature_selection.variance_threshold.VarianceThreshold,randomforestclassifier=sklearn.ensemble.forest.RandomForestClassifier)(2)","0.6683","jobs:null,remainder:""passthrough"",threshold:0.3,weights:null,memory:null,axis:0,copy:true,values:""NaN"",strategy:""mean"",verbose:0,copy:true,mean:true,std:true,memory:null,copy:true,value:-1,values:NaN,strategy:""constant"",verbose:0,features:null,categories:null,dtype:float64""},unknown:""ignore"",values:null,sparse:true,threshold:0.0,memory:null,bootstrap:false,weight:null,criterion:""entropy"",depth:null,features:3090820948292412,nodes:null,decrease:0.0,split:null,leaf:4,split:16,leaf:0.0,estimators:100,jobs:null,score:false,state:50861,verbose:0,start:false"
"5979295","sklearn.pipeline.Pipeline(imputation=openmlstudy14.preprocessing.ConditionalImputer,hotencoding=sklearn.preprocessing.data.OneHotEncoder,variencethreshold=sklearn.feature_selection.variance_threshold.VarianceThreshold,classifier=sklearn.ensemble.forest.RandomForestClassifier)(1)","0.6682","bootstrap:false,weight:null,criterion:""gini"",depth:null,features:23702748306141325,nodes:null,split:1e-07,leaf:1,split:17,leaf:0.0,estimators:100,jobs:1,score:false,state:26762,verbose:0,start:false,axis:0,features:[],copy:true,empty:0,values:""NaN"",strategy:""most_frequent"",nominal:""most_frequent"",verbose:0,features:[],dtype:float64""},unknown:""ignore"",values:""auto"",sparse:false,threshold:0.0"
"9025320","sklearn.pipeline.Pipeline(imputation=hyperimp.utils.preprocessing.ConditionalImputer,hotencoding=sklearn.preprocessing.data.OneHotEncoder,variencethreshold=sklearn.feature_selection.variance_threshold.VarianceThreshold,clf=sklearn.ensemble.forest.RandomForestClassifier)(1)","0.6682","features:[],dtype:float64""},unknown:""ignore"",values:""auto"",sparse:true,threshold:0.0,bootstrap:false,weight:null,criterion:""gini"",depth:null,features:6039179667755294,nodes:null,decrease:0.0,split:null,leaf:2,split:16,leaf:0.0,estimators:500,jobs:1,score:false,state:1,verbose:0,start:false,memory:null,axis:0,features:[],copy:true,empty:0,values:""NaN"",strategy:""mean"",nominal:""most_frequent"",verbose:0"
"9185709","sklearn.pipeline.Pipeline(imputation=hyperimp.utils.preprocessing.ConditionalImputer2,hotencoding=sklearn.preprocessing.data.OneHotEncoder,variencethreshold=sklearn.feature_selection.variance_threshold.VarianceThreshold,clf=sklearn.ensemble.forest.RandomForestClassifier)(1)","0.6681","features:[],dtype:float64""},unknown:""ignore"",values:""auto"",sparse:true,threshold:0.0,bootstrap:false,weight:null,criterion:""entropy"",depth:null,features:28044617082617396,nodes:null,decrease:0.0,split:null,leaf:7,split:15,leaf:0.0,estimators:300,jobs:1,score:false,state:12874,verbose:0,start:false,memory:null,axis:0,features:[],copy:true,empty:0,values:""NaN"",strategy:""mean"",nominal:""most_frequent"",verbose:0"
"10040567","sklearn.pipeline.Pipeline(columntransformer=sklearn.compose._column_transformer.ColumnTransformer(numeric=sklearn.pipeline.Pipeline(imputer=sklearn.preprocessing.imputation.Imputer,standardscaler=sklearn.preprocessing.data.StandardScaler),nominal=sklearn.pipeline.Pipeline(simpleimputer=sklearn.impute.SimpleImputer,onehotencoder=sklearn.preprocessing._encoders.OneHotEncoder)),variancethreshold=sklearn.feature_selection.variance_threshold.VarianceThreshold,randomforestclassifier=sklearn.ensemble.forest.RandomForestClassifier)(2)","0.6681","jobs:null,remainder:""passthrough"",threshold:0.3,weights:null,memory:null,axis:0,copy:true,values:""NaN"",strategy:""most_frequent"",verbose:0,copy:true,mean:true,std:true,memory:null,copy:true,value:-1,values:NaN,strategy:""constant"",verbose:0,features:null,categories:null,dtype:float64""},unknown:""ignore"",values:null,sparse:true,threshold:0.0,memory:null,bootstrap:false,weight:null,criterion:""entropy"",depth:null,features:8176685496717753,nodes:null,decrease:0.0,split:null,leaf:1,split:5,leaf:0.0,estimators:100,jobs:null,score:false,state:36565,verbose:0,start:false"
"6031300","sklearn.pipeline.Pipeline(imputation=openmlstudy14.preprocessing.ConditionalImputer,hotencoding=sklearn.preprocessing.data.OneHotEncoder,variencethreshold=sklearn.feature_selection.variance_threshold.VarianceThreshold,classifier=sklearn.ensemble.forest.RandomForestClassifier)(1)","0.668","bootstrap:false,weight:null,criterion:""entropy"",depth:null,features:2964733341526471,nodes:null,split:1e-07,leaf:6,split:15,leaf:0.0,estimators:100,jobs:1,score:false,state:55427,verbose:0,start:false,axis:0,features:[],copy:true,empty:0,values:""NaN"",strategy:""mean"",nominal:""most_frequent"",verbose:0,features:[],dtype:float64""},unknown:""ignore"",values:""auto"",sparse:true,threshold:0.0"
"9045890","sklearn.pipeline.Pipeline(imputation=hyperimp.utils.preprocessing.ConditionalImputer,hotencoding=sklearn.preprocessing.data.OneHotEncoder,variencethreshold=sklearn.feature_selection.variance_threshold.VarianceThreshold,clf=sklearn.ensemble.forest.RandomForestClassifier)(1)","0.668","features:[],dtype:float64""},unknown:""ignore"",values:""auto"",sparse:true,threshold:0.0,bootstrap:false,weight:null,criterion:""entropy"",depth:null,features:20491958895793194,nodes:null,decrease:0.0,split:null,leaf:6,split:16,leaf:0.0,estimators:500,jobs:1,score:false,state:1,verbose:0,start:false,memory:null,axis:0,features:[],copy:true,empty:0,values:""NaN"",strategy:""mean"",nominal:""most_frequent"",verbose:0"
"9044449","sklearn.pipeline.Pipeline(imputation=hyperimp.utils.preprocessing.ConditionalImputer,hotencoding=sklearn.preprocessing.data.OneHotEncoder,variencethreshold=sklearn.feature_selection.variance_threshold.VarianceThreshold,clf=sklearn.ensemble.forest.RandomForestClassifier)(1)","0.6679","features:[],dtype:float64""},unknown:""ignore"",values:""auto"",sparse:true,threshold:0.0,bootstrap:false,weight:null,criterion:""gini"",depth:null,features:6913895957475134,nodes:null,decrease:0.0,split:null,leaf:4,split:3,leaf:0.0,estimators:500,jobs:1,score:false,state:1,verbose:0,start:false,memory:null,axis:0,features:[],copy:true,empty:0,values:""NaN"",strategy:""mean"",nominal:""most_frequent"",verbose:0"
"9046477","sklearn.pipeline.Pipeline(imputation=hyperimp.utils.preprocessing.ConditionalImputer,hotencoding=sklearn.preprocessing.data.OneHotEncoder,variencethreshold=sklearn.feature_selection.variance_threshold.VarianceThreshold,clf=sklearn.ensemble.forest.RandomForestClassifier)(1)","0.6679","features:[],dtype:float64""},unknown:""ignore"",values:""auto"",sparse:true,threshold:0.0,bootstrap:false,weight:null,criterion:""gini"",depth:null,features:3377936302258907,nodes:null,decrease:0.0,split:null,leaf:2,split:20,leaf:0.0,estimators:500,jobs:1,score:false,state:1,verbose:0,start:false,memory:null,axis:0,features:[],copy:true,empty:0,values:""NaN"",strategy:""mean"",nominal:""most_frequent"",verbose:0"
"9159521","sklearn.pipeline.Pipeline(imputation=hyperimp.utils.preprocessing.ConditionalImputer2,hotencoding=sklearn.preprocessing.data.OneHotEncoder,variencethreshold=sklearn.feature_selection.variance_threshold.VarianceThreshold,clf=sklearn.ensemble.forest.RandomForestClassifier)(1)","0.6677","features:[],dtype:float64""},unknown:""ignore"",values:""auto"",sparse:true,threshold:0.0,bootstrap:false,weight:null,criterion:""gini"",depth:null,features:4003365757727162,nodes:null,decrease:0.0,split:null,leaf:6,split:14,leaf:0.0,estimators:300,jobs:1,score:false,state:32371,verbose:0,start:false,memory:null,axis:0,features:[],copy:true,empty:0,values:""NaN"",strategy:""mean"",nominal:""most_frequent"",verbose:0"
"9171590","sklearn.pipeline.Pipeline(imputation=hyperimp.utils.preprocessing.ConditionalImputer2,hotencoding=sklearn.preprocessing.data.OneHotEncoder,variencethreshold=sklearn.feature_selection.variance_threshold.VarianceThreshold,clf=sklearn.ensemble.forest.RandomForestClassifier)(1)","0.6676","features:[],dtype:float64""},unknown:""ignore"",values:""auto"",sparse:true,threshold:0.0,bootstrap:false,weight:null,criterion:""gini"",depth:null,features:09869885242768184,nodes:null,decrease:0.0,split:null,leaf:4,split:11,leaf:0.0,estimators:300,jobs:1,score:false,state:6474,verbose:0,start:false,memory:null,axis:0,features:[],copy:true,empty:0,values:""NaN"",strategy:""mean"",nominal:""most_frequent"",verbose:0"
"5969420","sklearn.pipeline.Pipeline(imputation=openmlstudy14.preprocessing.ConditionalImputer,hotencoding=sklearn.preprocessing.data.OneHotEncoder,variencethreshold=sklearn.feature_selection.variance_threshold.VarianceThreshold,classifier=sklearn.ensemble.forest.RandomForestClassifier)(1)","0.6676","bootstrap:false,weight:null,criterion:""entropy"",depth:null,features:2340000771392716,nodes:null,split:1e-07,leaf:5,split:16,leaf:0.0,estimators:100,jobs:1,score:false,state:33239,verbose:0,start:false,axis:0,features:[],copy:true,empty:0,values:""NaN"",strategy:""mean"",nominal:""most_frequent"",verbose:0,features:[],dtype:float64""},unknown:""ignore"",values:""auto"",sparse:false,threshold:0.0"
"9058462","sklearn.pipeline.Pipeline(imputation=hyperimp.utils.preprocessing.ConditionalImputer,hotencoding=sklearn.preprocessing.data.OneHotEncoder,variencethreshold=sklearn.feature_selection.variance_threshold.VarianceThreshold,clf=sklearn.ensemble.forest.RandomForestClassifier)(1)","0.6676","features:[],dtype:float64""},unknown:""ignore"",values:""auto"",sparse:true,threshold:0.0,bootstrap:false,weight:null,criterion:""entropy"",depth:null,features:20647204625067772,nodes:null,decrease:0.0,split:null,leaf:7,split:14,leaf:0.0,estimators:500,jobs:1,score:false,state:1,verbose:0,start:false,memory:null,axis:0,features:[],copy:true,empty:0,values:""NaN"",strategy:""mean"",nominal:""most_frequent"",verbose:0"
"9060198","sklearn.pipeline.Pipeline(imputation=hyperimp.utils.preprocessing.ConditionalImputer,hotencoding=sklearn.preprocessing.data.OneHotEncoder,variencethreshold=sklearn.feature_selection.variance_threshold.VarianceThreshold,clf=sklearn.ensemble.forest.RandomForestClassifier)(1)","0.6676","features:[],dtype:float64""},unknown:""ignore"",values:""auto"",sparse:true,threshold:0.0,bootstrap:true,weight:null,criterion:""entropy"",depth:null,features:6069079668376829,nodes:null,decrease:0.0,split:null,leaf:4,split:6,leaf:0.0,estimators:500,jobs:1,score:false,state:1,verbose:0,start:false,memory:null,axis:0,features:[],copy:true,empty:0,values:""NaN"",strategy:""mean"",nominal:""most_frequent"",verbose:0"
"9175162","sklearn.pipeline.Pipeline(imputation=hyperimp.utils.preprocessing.ConditionalImputer2,hotencoding=sklearn.preprocessing.data.OneHotEncoder,variencethreshold=sklearn.feature_selection.variance_threshold.VarianceThreshold,clf=sklearn.ensemble.forest.RandomForestClassifier)(1)","0.6675","features:[],dtype:float64""},unknown:""ignore"",values:""auto"",sparse:true,threshold:0.0,bootstrap:false,weight:null,criterion:""entropy"",depth:null,features:5577095950738563,nodes:null,decrease:0.0,split:null,leaf:3,split:19,leaf:0.0,estimators:300,jobs:1,score:false,state:65667,verbose:0,start:false,memory:null,axis:0,features:[],copy:true,empty:0,values:""NaN"",strategy:""mean"",nominal:""most_frequent"",verbose:0"
"5996810","sklearn.pipeline.Pipeline(imputation=openmlstudy14.preprocessing.ConditionalImputer,hotencoding=sklearn.preprocessing.data.OneHotEncoder,variencethreshold=sklearn.feature_selection.variance_threshold.VarianceThreshold,classifier=sklearn.ensemble.forest.RandomForestClassifier)(1)","0.6675","bootstrap:false,weight:null,criterion:""entropy"",depth:null,features:24511895679988208,nodes:null,split:1e-07,leaf:4,split:18,leaf:0.0,estimators:100,jobs:1,score:false,state:62354,verbose:0,start:false,axis:0,features:[],copy:true,empty:0,values:""NaN"",strategy:""most_frequent"",nominal:""most_frequent"",verbose:0,features:[],dtype:float64""},unknown:""ignore"",values:""auto"",sparse:false,threshold:0.0"
"9058441","sklearn.pipeline.Pipeline(imputation=hyperimp.utils.preprocessing.ConditionalImputer,hotencoding=sklearn.preprocessing.data.OneHotEncoder,variencethreshold=sklearn.feature_selection.variance_threshold.VarianceThreshold,clf=sklearn.ensemble.forest.RandomForestClassifier)(1)","0.6675","features:[],dtype:float64""},unknown:""ignore"",values:""auto"",sparse:true,threshold:0.0,bootstrap:false,weight:null,criterion:""gini"",depth:null,features:4530189814927057,nodes:null,decrease:0.0,split:null,leaf:6,split:14,leaf:0.0,estimators:500,jobs:1,score:false,state:1,verbose:0,start:false,memory:null,axis:0,features:[],copy:true,empty:0,values:""NaN"",strategy:""mean"",nominal:""most_frequent"",verbose:0"
"9173107","sklearn.pipeline.Pipeline(imputation=hyperimp.utils.preprocessing.ConditionalImputer2,hotencoding=sklearn.preprocessing.data.OneHotEncoder,variencethreshold=sklearn.feature_selection.variance_threshold.VarianceThreshold,clf=sklearn.ensemble.forest.RandomForestClassifier)(1)","0.6674","features:[],dtype:float64""},unknown:""ignore"",values:""auto"",sparse:true,threshold:0.0,bootstrap:true,weight:null,criterion:""entropy"",depth:null,features:7362384275070977,nodes:null,decrease:0.0,split:null,leaf:4,split:8,leaf:0.0,estimators:300,jobs:1,score:false,state:45245,verbose:0,start:false,memory:null,axis:0,features:[],copy:true,empty:0,values:""NaN"",strategy:""mean"",nominal:""most_frequent"",verbose:0"
"5984051","sklearn.pipeline.Pipeline(imputation=openmlstudy14.preprocessing.ConditionalImputer,hotencoding=sklearn.preprocessing.data.OneHotEncoder,variencethreshold=sklearn.feature_selection.variance_threshold.VarianceThreshold,classifier=sklearn.ensemble.forest.RandomForestClassifier)(1)","0.6674","bootstrap:true,weight:null,criterion:""gini"",depth:null,features:37570112492707697,nodes:null,split:1e-07,leaf:1,split:7,leaf:0.0,estimators:100,jobs:1,score:false,state:30867,verbose:0,start:false,axis:0,features:[],copy:true,empty:0,values:""NaN"",strategy:""most_frequent"",nominal:""most_frequent"",verbose:0,features:[],dtype:float64""},unknown:""ignore"",values:""auto"",sparse:false,threshold:0.0"
"6014926","sklearn.pipeline.Pipeline(imputation=openmlstudy14.preprocessing.ConditionalImputer,hotencoding=sklearn.preprocessing.data.OneHotEncoder,variencethreshold=sklearn.feature_selection.variance_threshold.VarianceThreshold,classifier=sklearn.ensemble.forest.RandomForestClassifier)(1)","0.6674","bootstrap:false,weight:null,criterion:""entropy"",depth:null,features:7315410322858424,nodes:null,split:1e-07,leaf:2,split:14,leaf:0.0,estimators:100,jobs:1,score:false,state:10806,verbose:0,start:false,axis:0,features:[],copy:true,empty:0,values:""NaN"",strategy:""mean"",nominal:""most_frequent"",verbose:0,features:[],dtype:float64""},unknown:""ignore"",values:""auto"",sparse:false,threshold:0.0"
"9057730","sklearn.pipeline.Pipeline(imputation=hyperimp.utils.preprocessing.ConditionalImputer,hotencoding=sklearn.preprocessing.data.OneHotEncoder,variencethreshold=sklearn.feature_selection.variance_threshold.VarianceThreshold,clf=sklearn.ensemble.forest.RandomForestClassifier)(1)","0.6674","features:[],dtype:float64""},unknown:""ignore"",values:""auto"",sparse:true,threshold:0.0,bootstrap:true,weight:null,criterion:""entropy"",depth:null,features:584027911631774,nodes:null,decrease:0.0,split:null,leaf:2,split:12,leaf:0.0,estimators:500,jobs:1,score:false,state:1,verbose:0,start:false,memory:null,axis:0,features:[],copy:true,empty:0,values:""NaN"",strategy:""mean"",nominal:""most_frequent"",verbose:0"
"9182766","sklearn.pipeline.Pipeline(imputation=hyperimp.utils.preprocessing.ConditionalImputer2,hotencoding=sklearn.preprocessing.data.OneHotEncoder,variencethreshold=sklearn.feature_selection.variance_threshold.VarianceThreshold,clf=sklearn.ensemble.forest.RandomForestClassifier)(1)","0.6673","features:[],dtype:float64""},unknown:""ignore"",values:""auto"",sparse:true,threshold:0.0,bootstrap:true,weight:null,criterion:""entropy"",depth:null,features:738569082858282,nodes:null,decrease:0.0,split:null,leaf:4,split:2,leaf:0.0,estimators:300,jobs:1,score:false,state:48842,verbose:0,start:false,memory:null,axis:0,features:[],copy:true,empty:0,values:""NaN"",strategy:""mean"",nominal:""most_frequent"",verbose:0"
"9056052","sklearn.pipeline.Pipeline(imputation=hyperimp.utils.preprocessing.ConditionalImputer,hotencoding=sklearn.preprocessing.data.OneHotEncoder,variencethreshold=sklearn.feature_selection.variance_threshold.VarianceThreshold,clf=sklearn.ensemble.forest.RandomForestClassifier)(1)","0.6673","features:[],dtype:float64""},unknown:""ignore"",values:""auto"",sparse:true,threshold:0.0,bootstrap:false,weight:null,criterion:""entropy"",depth:null,features:5763565461330947,nodes:null,decrease:0.0,split:null,leaf:5,split:18,leaf:0.0,estimators:500,jobs:1,score:false,state:1,verbose:0,start:false,memory:null,axis:0,features:[],copy:true,empty:0,values:""NaN"",strategy:""mean"",nominal:""most_frequent"",verbose:0"
"10017260","sklearn.pipeline.Pipeline(columntransformer=sklearn.compose._column_transformer.ColumnTransformer(numeric=sklearn.pipeline.Pipeline(imputer=sklearn.preprocessing.imputation.Imputer,standardscaler=sklearn.preprocessing.data.StandardScaler),nominal=sklearn.pipeline.Pipeline(simpleimputer=sklearn.impute.SimpleImputer,onehotencoder=sklearn.preprocessing._encoders.OneHotEncoder)),variancethreshold=sklearn.feature_selection.variance_threshold.VarianceThreshold,randomforestclassifier=sklearn.ensemble.forest.RandomForestClassifier)(2)","0.6673","jobs:null,remainder:""passthrough"",threshold:0.3,weights:null,memory:null,axis:0,copy:true,values:""NaN"",strategy:""most_frequent"",verbose:0,copy:true,mean:true,std:true,memory:null,copy:true,value:-1,values:NaN,strategy:""constant"",verbose:0,features:null,categories:null,dtype:float64""},unknown:""ignore"",values:null,sparse:true,threshold:0.0,memory:null,bootstrap:false,weight:null,criterion:""entropy"",depth:null,features:5484761833100907,nodes:null,decrease:0.0,split:null,leaf:1,split:18,leaf:0.0,estimators:100,jobs:null,score:false,state:17820,verbose:0,start:false"
"9183876","sklearn.pipeline.Pipeline(imputation=hyperimp.utils.preprocessing.ConditionalImputer2,hotencoding=sklearn.preprocessing.data.OneHotEncoder,variencethreshold=sklearn.feature_selection.variance_threshold.VarianceThreshold,clf=sklearn.ensemble.forest.RandomForestClassifier)(1)","0.6672","features:[],dtype:float64""},unknown:""ignore"",values:""auto"",sparse:true,threshold:0.0,bootstrap:true,weight:null,criterion:""entropy"",depth:null,features:9147355395520407,nodes:null,decrease:0.0,split:null,leaf:3,split:9,leaf:0.0,estimators:300,jobs:1,score:false,state:40612,verbose:0,start:false,memory:null,axis:0,features:[],copy:true,empty:0,values:""NaN"",strategy:""mean"",nominal:""most_frequent"",verbose:0"
"6013572","sklearn.pipeline.Pipeline(imputation=openmlstudy14.preprocessing.ConditionalImputer,hotencoding=sklearn.preprocessing.data.OneHotEncoder,variencethreshold=sklearn.feature_selection.variance_threshold.VarianceThreshold,classifier=sklearn.ensemble.forest.RandomForestClassifier)(1)","0.6672","bootstrap:false,weight:null,criterion:""gini"",depth:null,features:5826032051020523,nodes:null,split:1e-07,leaf:1,split:17,leaf:0.0,estimators:100,jobs:1,score:false,state:62889,verbose:0,start:false,axis:0,features:[],copy:true,empty:0,values:""NaN"",strategy:""median"",nominal:""most_frequent"",verbose:0,features:[],dtype:float64""},unknown:""ignore"",values:""auto"",sparse:false,threshold:0.0"
"9184239","sklearn.pipeline.Pipeline(imputation=hyperimp.utils.preprocessing.ConditionalImputer2,hotencoding=sklearn.preprocessing.data.OneHotEncoder,variencethreshold=sklearn.feature_selection.variance_threshold.VarianceThreshold,clf=sklearn.ensemble.forest.RandomForestClassifier)(1)","0.6671","features:[],dtype:float64""},unknown:""ignore"",values:""auto"",sparse:true,threshold:0.0,bootstrap:true,weight:null,criterion:""entropy"",depth:null,features:3248686115042342,nodes:null,decrease:0.0,split:null,leaf:1,split:11,leaf:0.0,estimators:300,jobs:1,score:false,state:66977,verbose:0,start:false,memory:null,axis:0,features:[],copy:true,empty:0,values:""NaN"",strategy:""mean"",nominal:""most_frequent"",verbose:0"
"10012202","sklearn.pipeline.Pipeline(columntransformer=sklearn.compose._column_transformer.ColumnTransformer(numeric=sklearn.pipeline.Pipeline(imputer=sklearn.preprocessing.imputation.Imputer,standardscaler=sklearn.preprocessing.data.StandardScaler),nominal=sklearn.pipeline.Pipeline(simpleimputer=sklearn.impute.SimpleImputer,onehotencoder=sklearn.preprocessing._encoders.OneHotEncoder)),variancethreshold=sklearn.feature_selection.variance_threshold.VarianceThreshold,randomforestclassifier=sklearn.ensemble.forest.RandomForestClassifier)(2)","0.6671","jobs:null,remainder:""passthrough"",threshold:0.3,weights:null,memory:null,axis:0,copy:true,values:""NaN"",strategy:""median"",verbose:0,copy:true,mean:true,std:true,memory:null,copy:true,value:-1,values:NaN,strategy:""constant"",verbose:0,features:null,categories:null,dtype:float64""},unknown:""ignore"",values:null,sparse:true,threshold:0.0,memory:null,bootstrap:true,weight:null,criterion:""gini"",depth:null,features:7748816836779753,nodes:null,decrease:0.0,split:null,leaf:2,split:3,leaf:0.0,estimators:100,jobs:null,score:false,state:63093,verbose:0,start:false"
"5990145","sklearn.pipeline.Pipeline(imputation=openmlstudy14.preprocessing.ConditionalImputer,hotencoding=sklearn.preprocessing.data.OneHotEncoder,variencethreshold=sklearn.feature_selection.variance_threshold.VarianceThreshold,classifier=sklearn.ensemble.forest.RandomForestClassifier)(1)","0.667","bootstrap:false,weight:null,criterion:""entropy"",depth:null,features:16149535552492422,nodes:null,split:1e-07,leaf:5,split:13,leaf:0.0,estimators:100,jobs:1,score:false,state:38077,verbose:0,start:false,axis:0,features:[],copy:true,empty:0,values:""NaN"",strategy:""mean"",nominal:""most_frequent"",verbose:0,features:[],dtype:float64""},unknown:""ignore"",values:""auto"",sparse:false,threshold:0.0"
"9055685","sklearn.pipeline.Pipeline(imputation=hyperimp.utils.preprocessing.ConditionalImputer,hotencoding=sklearn.preprocessing.data.OneHotEncoder,variencethreshold=sklearn.feature_selection.variance_threshold.VarianceThreshold,clf=sklearn.ensemble.forest.RandomForestClassifier)(1)","0.667","features:[],dtype:float64""},unknown:""ignore"",values:""auto"",sparse:true,threshold:0.0,bootstrap:false,weight:null,criterion:""entropy"",depth:null,features:4894868235656724,nodes:null,decrease:0.0,split:null,leaf:4,split:19,leaf:0.0,estimators:500,jobs:1,score:false,state:1,verbose:0,start:false,memory:null,axis:0,features:[],copy:true,empty:0,values:""NaN"",strategy:""mean"",nominal:""most_frequent"",verbose:0"
"9057154","sklearn.pipeline.Pipeline(imputation=hyperimp.utils.preprocessing.ConditionalImputer,hotencoding=sklearn.preprocessing.data.OneHotEncoder,variencethreshold=sklearn.feature_selection.variance_threshold.VarianceThreshold,clf=sklearn.ensemble.forest.RandomForestClassifier)(1)","0.6667","features:[],dtype:float64""},unknown:""ignore"",values:""auto"",sparse:true,threshold:0.0,bootstrap:false,weight:null,criterion:""entropy"",depth:null,features:6531412722783655,nodes:null,decrease:0.0,split:null,leaf:7,split:2,leaf:0.0,estimators:500,jobs:1,score:false,state:1,verbose:0,start:false,memory:null,axis:0,features:[],copy:true,empty:0,values:""NaN"",strategy:""mean"",nominal:""most_frequent"",verbose:0"
"5969984","sklearn.pipeline.Pipeline(imputation=openmlstudy14.preprocessing.ConditionalImputer,hotencoding=sklearn.preprocessing.data.OneHotEncoder,variencethreshold=sklearn.feature_selection.variance_threshold.VarianceThreshold,classifier=sklearn.ensemble.forest.RandomForestClassifier)(1)","0.6666","bootstrap:true,weight:null,criterion:""gini"",depth:null,features:552388883767592,nodes:null,split:1e-07,leaf:2,split:5,leaf:0.0,estimators:100,jobs:1,score:false,state:56655,verbose:0,start:false,axis:0,features:[],copy:true,empty:0,values:""NaN"",strategy:""most_frequent"",nominal:""most_frequent"",verbose:0,features:[],dtype:float64""},unknown:""ignore"",values:""auto"",sparse:false,threshold:0.0"
"6007376","sklearn.pipeline.Pipeline(imputation=openmlstudy14.preprocessing.ConditionalImputer,hotencoding=sklearn.preprocessing.data.OneHotEncoder,variencethreshold=sklearn.feature_selection.variance_threshold.VarianceThreshold,classifier=sklearn.ensemble.forest.RandomForestClassifier)(1)","0.6664","bootstrap:false,weight:null,criterion:""gini"",depth:null,features:30480663993251944,nodes:null,split:1e-07,leaf:6,split:12,leaf:0.0,estimators:100,jobs:1,score:false,state:7664,verbose:0,start:false,axis:0,features:[],copy:true,empty:0,values:""NaN"",strategy:""mean"",nominal:""most_frequent"",verbose:0,features:[],dtype:float64""},unknown:""ignore"",values:""auto"",sparse:false,threshold:0.0"
"9040836","sklearn.pipeline.Pipeline(imputation=hyperimp.utils.preprocessing.ConditionalImputer,hotencoding=sklearn.preprocessing.data.OneHotEncoder,variencethreshold=sklearn.feature_selection.variance_threshold.VarianceThreshold,clf=sklearn.ensemble.forest.RandomForestClassifier)(1)","0.6664","features:[],dtype:float64""},unknown:""ignore"",values:""auto"",sparse:true,threshold:0.0,bootstrap:true,weight:null,criterion:""gini"",depth:null,features:9031241441695981,nodes:null,decrease:0.0,split:null,leaf:2,split:5,leaf:0.0,estimators:500,jobs:1,score:false,state:1,verbose:0,start:false,memory:null,axis:0,features:[],copy:true,empty:0,values:""NaN"",strategy:""mean"",nominal:""most_frequent"",verbose:0"
"5986751","sklearn.pipeline.Pipeline(imputation=openmlstudy14.preprocessing.ConditionalImputer,hotencoding=sklearn.preprocessing.data.OneHotEncoder,variencethreshold=sklearn.feature_selection.variance_threshold.VarianceThreshold,classifier=sklearn.ensemble.forest.RandomForestClassifier)(1)","0.6663","bootstrap:false,weight:null,criterion:""gini"",depth:null,features:4834691530199945,nodes:null,split:1e-07,leaf:4,split:15,leaf:0.0,estimators:100,jobs:1,score:false,state:50352,verbose:0,start:false,axis:0,features:[],copy:true,empty:0,values:""NaN"",strategy:""median"",nominal:""most_frequent"",verbose:0,features:[],dtype:float64""},unknown:""ignore"",values:""auto"",sparse:false,threshold:0.0"
"9059011","sklearn.pipeline.Pipeline(imputation=hyperimp.utils.preprocessing.ConditionalImputer,hotencoding=sklearn.preprocessing.data.OneHotEncoder,variencethreshold=sklearn.feature_selection.variance_threshold.VarianceThreshold,clf=sklearn.ensemble.forest.RandomForestClassifier)(1)","0.6663","features:[],dtype:float64""},unknown:""ignore"",values:""auto"",sparse:true,threshold:0.0,bootstrap:true,weight:null,criterion:""gini"",depth:null,features:7641758004123435,nodes:null,decrease:0.0,split:null,leaf:3,split:6,leaf:0.0,estimators:500,jobs:1,score:false,state:1,verbose:0,start:false,memory:null,axis:0,features:[],copy:true,empty:0,values:""NaN"",strategy:""mean"",nominal:""most_frequent"",verbose:0"
"10010711","sklearn.pipeline.Pipeline(columntransformer=sklearn.compose._column_transformer.ColumnTransformer(numeric=sklearn.pipeline.Pipeline(imputer=sklearn.preprocessing.imputation.Imputer,standardscaler=sklearn.preprocessing.data.StandardScaler),nominal=sklearn.pipeline.Pipeline(simpleimputer=sklearn.impute.SimpleImputer,onehotencoder=sklearn.preprocessing._encoders.OneHotEncoder)),variancethreshold=sklearn.feature_selection.variance_threshold.VarianceThreshold,randomforestclassifier=sklearn.ensemble.forest.RandomForestClassifier)(2)","0.6662","jobs:null,remainder:""passthrough"",threshold:0.3,weights:null,memory:null,axis:0,copy:true,values:""NaN"",strategy:""median"",verbose:0,copy:true,mean:true,std:true,memory:null,copy:true,value:-1,values:NaN,strategy:""constant"",verbose:0,features:null,categories:null,dtype:float64""},unknown:""ignore"",values:null,sparse:true,threshold:0.0,memory:null,bootstrap:false,weight:null,criterion:""entropy"",depth:null,features:5229482681073019,nodes:null,decrease:0.0,split:null,leaf:7,split:5,leaf:0.0,estimators:100,jobs:null,score:false,state:32209,verbose:0,start:false"
"9058381","sklearn.pipeline.Pipeline(imputation=hyperimp.utils.preprocessing.ConditionalImputer,hotencoding=sklearn.preprocessing.data.OneHotEncoder,variencethreshold=sklearn.feature_selection.variance_threshold.VarianceThreshold,clf=sklearn.ensemble.forest.RandomForestClassifier)(1)","0.6661","features:[],dtype:float64""},unknown:""ignore"",values:""auto"",sparse:true,threshold:0.0,bootstrap:true,weight:null,criterion:""gini"",depth:null,features:5313262230993739,nodes:null,decrease:0.0,split:null,leaf:3,split:7,leaf:0.0,estimators:500,jobs:1,score:false,state:1,verbose:0,start:false,memory:null,axis:0,features:[],copy:true,empty:0,values:""NaN"",strategy:""mean"",nominal:""most_frequent"",verbose:0"
"9058150","sklearn.pipeline.Pipeline(imputation=hyperimp.utils.preprocessing.ConditionalImputer,hotencoding=sklearn.preprocessing.data.OneHotEncoder,variencethreshold=sklearn.feature_selection.variance_threshold.VarianceThreshold,clf=sklearn.ensemble.forest.RandomForestClassifier)(1)","0.6661","features:[],dtype:float64""},unknown:""ignore"",values:""auto"",sparse:true,threshold:0.0,bootstrap:false,weight:null,criterion:""gini"",depth:null,features:23810443168964834,nodes:null,decrease:0.0,split:null,leaf:6,split:5,leaf:0.0,estimators:500,jobs:1,score:false,state:1,verbose:0,start:false,memory:null,axis:0,features:[],copy:true,empty:0,values:""NaN"",strategy:""mean"",nominal:""most_frequent"",verbose:0"
"10030215","sklearn.pipeline.Pipeline(columntransformer=sklearn.compose._column_transformer.ColumnTransformer(numeric=sklearn.pipeline.Pipeline(imputer=sklearn.preprocessing.imputation.Imputer,standardscaler=sklearn.preprocessing.data.StandardScaler),nominal=sklearn.pipeline.Pipeline(simpleimputer=sklearn.impute.SimpleImputer,onehotencoder=sklearn.preprocessing._encoders.OneHotEncoder)),variancethreshold=sklearn.feature_selection.variance_threshold.VarianceThreshold,randomforestclassifier=sklearn.ensemble.forest.RandomForestClassifier)(2)","0.6661","jobs:null,remainder:""passthrough"",threshold:0.3,weights:null,memory:null,axis:0,copy:true,values:""NaN"",strategy:""mean"",verbose:0,copy:true,mean:true,std:true,memory:null,copy:true,value:-1,values:NaN,strategy:""constant"",verbose:0,features:null,categories:null,dtype:float64""},unknown:""ignore"",values:null,sparse:true,threshold:0.0,memory:null,bootstrap:true,weight:null,criterion:""gini"",depth:null,features:3294655118128539,nodes:null,decrease:0.0,split:null,leaf:2,split:4,leaf:0.0,estimators:100,jobs:null,score:false,state:21316,verbose:0,start:false"
"10018291","sklearn.pipeline.Pipeline(columntransformer=sklearn.compose._column_transformer.ColumnTransformer(numeric=sklearn.pipeline.Pipeline(imputer=sklearn.preprocessing.imputation.Imputer,standardscaler=sklearn.preprocessing.data.StandardScaler),nominal=sklearn.pipeline.Pipeline(simpleimputer=sklearn.impute.SimpleImputer,onehotencoder=sklearn.preprocessing._encoders.OneHotEncoder)),variancethreshold=sklearn.feature_selection.variance_threshold.VarianceThreshold,randomforestclassifier=sklearn.ensemble.forest.RandomForestClassifier)(2)","0.6661","jobs:null,remainder:""passthrough"",threshold:0.3,weights:null,memory:null,axis:0,copy:true,values:""NaN"",strategy:""median"",verbose:0,copy:true,mean:true,std:true,memory:null,copy:true,value:-1,values:NaN,strategy:""constant"",verbose:0,features:null,categories:null,dtype:float64""},unknown:""ignore"",values:null,sparse:true,threshold:0.0,memory:null,bootstrap:false,weight:null,criterion:""gini"",depth:null,features:129502421375284,nodes:null,decrease:0.0,split:null,leaf:5,split:10,leaf:0.0,estimators:100,jobs:null,score:false,state:8000,verbose:0,start:false"
"5978005","sklearn.pipeline.Pipeline(imputation=openmlstudy14.preprocessing.ConditionalImputer,hotencoding=sklearn.preprocessing.data.OneHotEncoder,variencethreshold=sklearn.feature_selection.variance_threshold.VarianceThreshold,classifier=sklearn.ensemble.weight_boosting.AdaBoostClassifier(base_estimator=sklearn.tree.tree.DecisionTreeClassifier))(1)","0.666","weight:null,criterion:""gini"",depth:7,features:null,nodes:null,split:1e-07,leaf:1,split:2,leaf:0.0,presort:false,state:46725,splitter:""best"",axis:0,features:[],copy:true,empty:0,values:""NaN"",strategy:""mean"",nominal:""most_frequent"",verbose:0,features:[],dtype:float64""},unknown:""ignore"",values:""auto"",sparse:false,threshold:0.0,algorithm:""SAMME"",rate:13719992566016367,estimators:431,state:10066"
"6013570","sklearn.pipeline.Pipeline(imputation=openmlstudy14.preprocessing.ConditionalImputer,hotencoding=sklearn.preprocessing.data.OneHotEncoder,variencethreshold=sklearn.feature_selection.variance_threshold.VarianceThreshold,classifier=sklearn.ensemble.forest.RandomForestClassifier)(1)","0.666","bootstrap:false,weight:null,criterion:""entropy"",depth:null,features:4548120966931405,nodes:null,split:1e-07,leaf:7,split:17,leaf:0.0,estimators:100,jobs:1,score:false,state:57381,verbose:0,start:false,axis:0,features:[],copy:true,empty:0,values:""NaN"",strategy:""most_frequent"",nominal:""most_frequent"",verbose:0,features:[],dtype:float64""},unknown:""ignore"",values:""auto"",sparse:false,threshold:0.0"
"5987446","sklearn.pipeline.Pipeline(imputation=openmlstudy14.preprocessing.ConditionalImputer,hotencoding=sklearn.preprocessing.data.OneHotEncoder,variencethreshold=sklearn.feature_selection.variance_threshold.VarianceThreshold,classifier=sklearn.ensemble.forest.RandomForestClassifier)(1)","0.666","bootstrap:false,weight:null,criterion:""entropy"",depth:null,features:29258626432008167,nodes:null,split:1e-07,leaf:7,split:5,leaf:0.0,estimators:100,jobs:1,score:false,state:4638,verbose:0,start:false,axis:0,features:[],copy:true,empty:0,values:""NaN"",strategy:""median"",nominal:""most_frequent"",verbose:0,features:[],dtype:float64""},unknown:""ignore"",values:""auto"",sparse:false,threshold:0.0"
"1781828","weka.RandomForest(9)","0.666","I:32,K:0,S:1,num-slots:1"
"5974399","sklearn.pipeline.Pipeline(imputation=openmlstudy14.preprocessing.ConditionalImputer,hotencoding=sklearn.preprocessing.data.OneHotEncoder,variencethreshold=sklearn.feature_selection.variance_threshold.VarianceThreshold,classifier=sklearn.ensemble.forest.RandomForestClassifier)(1)","0.6658","bootstrap:true,weight:null,criterion:""entropy"",depth:null,features:48936868642766773,nodes:null,split:1e-07,leaf:3,split:9,leaf:0.0,estimators:100,jobs:1,score:false,state:64276,verbose:0,start:false,axis:0,features:[],copy:true,empty:0,values:""NaN"",strategy:""mean"",nominal:""most_frequent"",verbose:0,features:[],dtype:float64""},unknown:""ignore"",values:""auto"",sparse:false,threshold:0.0"
"10041026","sklearn.pipeline.Pipeline(columntransformer=sklearn.compose._column_transformer.ColumnTransformer(numeric=sklearn.pipeline.Pipeline(imputer=sklearn.preprocessing.imputation.Imputer,standardscaler=sklearn.preprocessing.data.StandardScaler),nominal=sklearn.pipeline.Pipeline(simpleimputer=sklearn.impute.SimpleImputer,onehotencoder=sklearn.preprocessing._encoders.OneHotEncoder)),variancethreshold=sklearn.feature_selection.variance_threshold.VarianceThreshold,randomforestclassifier=sklearn.ensemble.forest.RandomForestClassifier)(2)","0.6657","jobs:null,remainder:""passthrough"",threshold:0.3,weights:null,memory:null,axis:0,copy:true,values:""NaN"",strategy:""mean"",verbose:0,copy:true,mean:true,std:true,memory:null,copy:true,value:-1,values:NaN,strategy:""constant"",verbose:0,features:null,categories:null,dtype:float64""},unknown:""ignore"",values:null,sparse:true,threshold:0.0,memory:null,bootstrap:false,weight:null,criterion:""entropy"",depth:null,features:4733959213763548,nodes:null,decrease:0.0,split:null,leaf:6,split:16,leaf:0.0,estimators:100,jobs:null,score:false,state:1603,verbose:0,start:false"
"5984545","sklearn.pipeline.Pipeline(imputation=openmlstudy14.preprocessing.ConditionalImputer,hotencoding=sklearn.preprocessing.data.OneHotEncoder,variencethreshold=sklearn.feature_selection.variance_threshold.VarianceThreshold,classifier=sklearn.ensemble.forest.RandomForestClassifier)(1)","0.6653","bootstrap:false,weight:null,criterion:""gini"",depth:null,features:6386343228535281,nodes:null,split:1e-07,leaf:5,split:9,leaf:0.0,estimators:100,jobs:1,score:false,state:31826,verbose:0,start:false,axis:0,features:[],copy:true,empty:0,values:""NaN"",strategy:""mean"",nominal:""most_frequent"",verbose:0,features:[],dtype:float64""},unknown:""ignore"",values:""auto"",sparse:false,threshold:0.0"
"5978930","sklearn.pipeline.Pipeline(imputation=openmlstudy14.preprocessing.ConditionalImputer,hotencoding=sklearn.preprocessing.data.OneHotEncoder,variencethreshold=sklearn.feature_selection.variance_threshold.VarianceThreshold,classifier=sklearn.ensemble.forest.RandomForestClassifier)(1)","0.6652","bootstrap:true,weight:null,criterion:""entropy"",depth:null,features:7328997153641869,nodes:null,split:1e-07,leaf:1,split:11,leaf:0.0,estimators:100,jobs:1,score:false,state:4001,verbose:0,start:false,axis:0,features:[],copy:true,empty:0,values:""NaN"",strategy:""median"",nominal:""most_frequent"",verbose:0,features:[],dtype:float64""},unknown:""ignore"",values:""auto"",sparse:false,threshold:0.0"
"6002167","sklearn.pipeline.Pipeline(imputation=openmlstudy14.preprocessing.ConditionalImputer,hotencoding=sklearn.preprocessing.data.OneHotEncoder,variencethreshold=sklearn.feature_selection.variance_threshold.VarianceThreshold,classifier=sklearn.ensemble.forest.RandomForestClassifier)(1)","0.6651","bootstrap:false,weight:null,criterion:""entropy"",depth:null,features:10230612984110127,nodes:null,split:1e-07,leaf:5,split:5,leaf:0.0,estimators:100,jobs:1,score:false,state:31432,verbose:0,start:false,axis:0,features:[],copy:true,empty:0,values:""NaN"",strategy:""mean"",nominal:""most_frequent"",verbose:0,features:[],dtype:float64""},unknown:""ignore"",values:""auto"",sparse:false,threshold:0.0"
"5973855","sklearn.pipeline.Pipeline(imputation=openmlstudy14.preprocessing.ConditionalImputer,hotencoding=sklearn.preprocessing.data.OneHotEncoder,variencethreshold=sklearn.feature_selection.variance_threshold.VarianceThreshold,classifier=sklearn.ensemble.weight_boosting.AdaBoostClassifier(base_estimator=sklearn.tree.tree.DecisionTreeClassifier))(1)","0.665","weight:null,criterion:""gini"",depth:9,features:null,nodes:null,split:1e-07,leaf:1,split:2,leaf:0.0,presort:false,state:23662,splitter:""best"",axis:0,features:[],copy:true,empty:0,values:""NaN"",strategy:""median"",nominal:""most_frequent"",verbose:0,features:[],dtype:float64""},unknown:""ignore"",values:""auto"",sparse:false,threshold:0.0,algorithm:""SAMME"",rate:023946303073180523,estimators:388,state:49440"
"6024910","sklearn.pipeline.Pipeline(imputation=openmlstudy14.preprocessing.ConditionalImputer,hotencoding=sklearn.preprocessing.data.OneHotEncoder,variencethreshold=sklearn.feature_selection.variance_threshold.VarianceThreshold,classifier=sklearn.ensemble.forest.RandomForestClassifier)(1)","0.665","bootstrap:false,weight:null,criterion:""gini"",depth:null,features:4773209920986917,nodes:null,split:1e-07,leaf:1,split:18,leaf:0.0,estimators:100,jobs:1,score:false,state:61360,verbose:0,start:false,axis:0,features:[],copy:true,empty:0,values:""NaN"",strategy:""most_frequent"",nominal:""most_frequent"",verbose:0,features:[],dtype:float64""},unknown:""ignore"",values:""auto"",sparse:true,threshold:0.0"
"6068364","sklearn.pipeline.Pipeline(imputation=openmlstudy14.preprocessing.ConditionalImputer,hotencoding=sklearn.preprocessing.data.OneHotEncoder,variencethreshold=sklearn.feature_selection.variance_threshold.VarianceThreshold,classifier=sklearn.ensemble.forest.RandomForestClassifier)(1)","0.6648","bootstrap:false,weight:null,criterion:""gini"",depth:null,features:5589158986650395,nodes:null,split:1e-07,leaf:6,split:6,leaf:0.0,estimators:100,jobs:1,score:false,state:43628,verbose:0,start:false,axis:0,features:[],copy:true,empty:0,values:""NaN"",strategy:""most_frequent"",nominal:""most_frequent"",verbose:0,features:[],dtype:float64""},unknown:""ignore"",values:""auto"",sparse:true,threshold:0.0"
"10009562","sklearn.pipeline.Pipeline(columntransformer=sklearn.compose._column_transformer.ColumnTransformer(numeric=sklearn.pipeline.Pipeline(imputer=sklearn.preprocessing.imputation.Imputer,standardscaler=sklearn.preprocessing.data.StandardScaler),nominal=sklearn.pipeline.Pipeline(simpleimputer=sklearn.impute.SimpleImputer,onehotencoder=sklearn.preprocessing._encoders.OneHotEncoder)),variancethreshold=sklearn.feature_selection.variance_threshold.VarianceThreshold,randomforestclassifier=sklearn.ensemble.forest.RandomForestClassifier)(2)","0.6646","jobs:null,remainder:""passthrough"",threshold:0.3,weights:null,memory:null,axis:0,copy:true,values:""NaN"",strategy:""median"",verbose:0,copy:true,mean:true,std:true,memory:null,copy:true,value:-1,values:NaN,strategy:""constant"",verbose:0,features:null,categories:null,dtype:float64""},unknown:""ignore"",values:null,sparse:true,threshold:0.0,memory:null,bootstrap:false,weight:null,criterion:""entropy"",depth:null,features:2590646158697506,nodes:null,decrease:0.0,split:null,leaf:4,split:20,leaf:0.0,estimators:100,jobs:null,score:false,state:23120,verbose:0,start:false"
"6001820","sklearn.pipeline.Pipeline(imputation=openmlstudy14.preprocessing.ConditionalImputer,hotencoding=sklearn.preprocessing.data.OneHotEncoder,variencethreshold=sklearn.feature_selection.variance_threshold.VarianceThreshold,classifier=sklearn.ensemble.weight_boosting.AdaBoostClassifier(base_estimator=sklearn.tree.tree.DecisionTreeClassifier))(1)","0.6645","weight:null,criterion:""gini"",depth:7,features:null,nodes:null,split:1e-07,leaf:1,split:2,leaf:0.0,presort:false,state:46623,splitter:""best"",axis:0,features:[],copy:true,empty:0,values:""NaN"",strategy:""median"",nominal:""most_frequent"",verbose:0,features:[],dtype:float64""},unknown:""ignore"",values:""auto"",sparse:false,threshold:0.0,algorithm:""SAMME"",rate:2400679936748263,estimators:297,state:635"
"1673235","weka.RandomForest(9)","0.6645","I:100,K:2,S:1,num-slots:1"
"6014981","sklearn.pipeline.Pipeline(imputation=openmlstudy14.preprocessing.ConditionalImputer,hotencoding=sklearn.preprocessing.data.OneHotEncoder,variencethreshold=sklearn.feature_selection.variance_threshold.VarianceThreshold,classifier=sklearn.ensemble.forest.RandomForestClassifier)(1)","0.6644","bootstrap:false,weight:null,criterion:""entropy"",depth:null,features:2866883214772543,nodes:null,split:1e-07,leaf:7,split:16,leaf:0.0,estimators:100,jobs:1,score:false,state:57584,verbose:0,start:false,axis:0,features:[],copy:true,empty:0,values:""NaN"",strategy:""mean"",nominal:""most_frequent"",verbose:0,features:[],dtype:float64""},unknown:""ignore"",values:""auto"",sparse:false,threshold:0.0"
"6015203","sklearn.pipeline.Pipeline(imputation=openmlstudy14.preprocessing.ConditionalImputer,hotencoding=sklearn.preprocessing.data.OneHotEncoder,variencethreshold=sklearn.feature_selection.variance_threshold.VarianceThreshold,classifier=sklearn.ensemble.forest.RandomForestClassifier)(1)","0.6642","bootstrap:false,weight:null,criterion:""gini"",depth:null,features:5657906783490662,nodes:null,split:1e-07,leaf:6,split:10,leaf:0.0,estimators:100,jobs:1,score:false,state:56144,verbose:0,start:false,axis:0,features:[],copy:true,empty:0,values:""NaN"",strategy:""mean"",nominal:""most_frequent"",verbose:0,features:[],dtype:float64""},unknown:""ignore"",values:""auto"",sparse:false,threshold:0.0"
"6020858","sklearn.pipeline.Pipeline(imputation=openmlstudy14.preprocessing.ConditionalImputer,hotencoding=sklearn.preprocessing.data.OneHotEncoder,variencethreshold=sklearn.feature_selection.variance_threshold.VarianceThreshold,classifier=sklearn.ensemble.weight_boosting.AdaBoostClassifier(base_estimator=sklearn.tree.tree.DecisionTreeClassifier))(1)","0.664","weight:null,criterion:""gini"",depth:9,features:null,nodes:null,split:1e-07,leaf:1,split:2,leaf:0.0,presort:false,state:24088,splitter:""best"",axis:0,features:[],copy:true,empty:0,values:""NaN"",strategy:""median"",nominal:""most_frequent"",verbose:0,features:[],dtype:float64""},unknown:""ignore"",values:""auto"",sparse:false,threshold:0.0,algorithm:""SAMME"",rate:04574922111492402,estimators:195,state:59786"
"5975541","sklearn.pipeline.Pipeline(imputation=openmlstudy14.preprocessing.ConditionalImputer,hotencoding=sklearn.preprocessing.data.OneHotEncoder,variencethreshold=sklearn.feature_selection.variance_threshold.VarianceThreshold,classifier=sklearn.ensemble.forest.RandomForestClassifier)(1)","0.664","bootstrap:true,weight:null,criterion:""gini"",depth:null,features:4613884987192225,nodes:null,split:1e-07,leaf:2,split:6,leaf:0.0,estimators:100,jobs:1,score:false,state:61354,verbose:0,start:false,axis:0,features:[],copy:true,empty:0,values:""NaN"",strategy:""median"",nominal:""most_frequent"",verbose:0,features:[],dtype:float64""},unknown:""ignore"",values:""auto"",sparse:false,threshold:0.0"
"5996726","sklearn.pipeline.Pipeline(imputation=openmlstudy14.preprocessing.ConditionalImputer,hotencoding=sklearn.preprocessing.data.OneHotEncoder,variencethreshold=sklearn.feature_selection.variance_threshold.VarianceThreshold,classifier=sklearn.ensemble.forest.RandomForestClassifier)(1)","0.664","bootstrap:false,weight:null,criterion:""entropy"",depth:null,features:3132977700850919,nodes:null,split:1e-07,leaf:8,split:16,leaf:0.0,estimators:100,jobs:1,score:false,state:18123,verbose:0,start:false,axis:0,features:[],copy:true,empty:0,values:""NaN"",strategy:""median"",nominal:""most_frequent"",verbose:0,features:[],dtype:float64""},unknown:""ignore"",values:""auto"",sparse:false,threshold:0.0"
"10044531","sklearn.pipeline.Pipeline(columntransformer=sklearn.compose._column_transformer.ColumnTransformer(numeric=sklearn.pipeline.Pipeline(imputer=sklearn.preprocessing.imputation.Imputer,standardscaler=sklearn.preprocessing.data.StandardScaler),nominal=sklearn.pipeline.Pipeline(simpleimputer=sklearn.impute.SimpleImputer,onehotencoder=sklearn.preprocessing._encoders.OneHotEncoder)),variancethreshold=sklearn.feature_selection.variance_threshold.VarianceThreshold,randomforestclassifier=sklearn.ensemble.forest.RandomForestClassifier)(2)","0.664","jobs:null,remainder:""passthrough"",threshold:0.3,weights:null,memory:null,axis:0,copy:true,values:""NaN"",strategy:""most_frequent"",verbose:0,copy:true,mean:true,std:true,memory:null,copy:true,value:-1,values:NaN,strategy:""constant"",verbose:0,features:null,categories:null,dtype:float64""},unknown:""ignore"",values:null,sparse:true,threshold:0.0,memory:null,bootstrap:false,weight:null,criterion:""gini"",depth:null,features:6701697653023552,nodes:null,decrease:0.0,split:null,leaf:5,split:9,leaf:0.0,estimators:100,jobs:null,score:false,state:60492,verbose:0,start:false"
"6028007","sklearn.pipeline.Pipeline(imputation=openmlstudy14.preprocessing.ConditionalImputer,hotencoding=sklearn.preprocessing.data.OneHotEncoder,variencethreshold=sklearn.feature_selection.variance_threshold.VarianceThreshold,classifier=sklearn.ensemble.forest.RandomForestClassifier)(1)","0.6637","bootstrap:false,weight:null,criterion:""entropy"",depth:null,features:40195027913593273,nodes:null,split:1e-07,leaf:8,split:16,leaf:0.0,estimators:100,jobs:1,score:false,state:26066,verbose:0,start:false,axis:0,features:[],copy:true,empty:0,values:""NaN"",strategy:""most_frequent"",nominal:""most_frequent"",verbose:0,features:[],dtype:float64""},unknown:""ignore"",values:""auto"",sparse:true,threshold:0.0"
"5988942","sklearn.pipeline.Pipeline(imputation=openmlstudy14.preprocessing.ConditionalImputer,hotencoding=sklearn.preprocessing.data.OneHotEncoder,variencethreshold=sklearn.feature_selection.variance_threshold.VarianceThreshold,classifier=sklearn.ensemble.forest.RandomForestClassifier)(1)","0.6637","bootstrap:false,weight:null,criterion:""entropy"",depth:null,features:46242589244573384,nodes:null,split:1e-07,leaf:8,split:5,leaf:0.0,estimators:100,jobs:1,score:false,state:29117,verbose:0,start:false,axis:0,features:[],copy:true,empty:0,values:""NaN"",strategy:""most_frequent"",nominal:""most_frequent"",verbose:0,features:[],dtype:float64""},unknown:""ignore"",values:""auto"",sparse:false,threshold:0.0"
"5996835","sklearn.pipeline.Pipeline(imputation=openmlstudy14.preprocessing.ConditionalImputer,hotencoding=sklearn.preprocessing.data.OneHotEncoder,variencethreshold=sklearn.feature_selection.variance_threshold.VarianceThreshold,classifier=sklearn.ensemble.forest.RandomForestClassifier)(1)","0.6637","bootstrap:false,weight:null,criterion:""gini"",depth:null,features:356631214445445,nodes:null,split:1e-07,leaf:3,split:17,leaf:0.0,estimators:100,jobs:1,score:false,state:15673,verbose:0,start:false,axis:0,features:[],copy:true,empty:0,values:""NaN"",strategy:""most_frequent"",nominal:""most_frequent"",verbose:0,features:[],dtype:float64""},unknown:""ignore"",values:""auto"",sparse:false,threshold:0.0"
"5976043","sklearn.pipeline.Pipeline(imputation=openmlstudy14.preprocessing.ConditionalImputer,hotencoding=sklearn.preprocessing.data.OneHotEncoder,variencethreshold=sklearn.feature_selection.variance_threshold.VarianceThreshold,classifier=sklearn.ensemble.forest.RandomForestClassifier)(1)","0.6634","bootstrap:true,weight:null,criterion:""gini"",depth:null,features:6632072279753558,nodes:null,split:1e-07,leaf:2,split:7,leaf:0.0,estimators:100,jobs:1,score:false,state:26345,verbose:0,start:false,axis:0,features:[],copy:true,empty:0,values:""NaN"",strategy:""most_frequent"",nominal:""most_frequent"",verbose:0,features:[],dtype:float64""},unknown:""ignore"",values:""auto"",sparse:false,threshold:0.0"
"6019223","sklearn.pipeline.Pipeline(imputation=openmlstudy14.preprocessing.ConditionalImputer,hotencoding=sklearn.preprocessing.data.OneHotEncoder,variencethreshold=sklearn.feature_selection.variance_threshold.VarianceThreshold,classifier=sklearn.ensemble.forest.RandomForestClassifier)(1)","0.6633","bootstrap:false,weight:null,criterion:""gini"",depth:null,features:27215127038258924,nodes:null,split:1e-07,leaf:3,split:18,leaf:0.0,estimators:100,jobs:1,score:false,state:30804,verbose:0,start:false,axis:0,features:[],copy:true,empty:0,values:""NaN"",strategy:""most_frequent"",nominal:""most_frequent"",verbose:0,features:[],dtype:float64""},unknown:""ignore"",values:""auto"",sparse:false,threshold:0.0"
"6001508","sklearn.pipeline.Pipeline(imputation=openmlstudy14.preprocessing.ConditionalImputer,hotencoding=sklearn.preprocessing.data.OneHotEncoder,variencethreshold=sklearn.feature_selection.variance_threshold.VarianceThreshold,classifier=sklearn.ensemble.forest.RandomForestClassifier)(1)","0.6633","bootstrap:false,weight:null,criterion:""gini"",depth:null,features:5039931268462289,nodes:null,split:1e-07,leaf:6,split:5,leaf:0.0,estimators:100,jobs:1,score:false,state:58202,verbose:0,start:false,axis:0,features:[],copy:true,empty:0,values:""NaN"",strategy:""most_frequent"",nominal:""most_frequent"",verbose:0,features:[],dtype:float64""},unknown:""ignore"",values:""auto"",sparse:false,threshold:0.0"
"10032825","sklearn.pipeline.Pipeline(columntransformer=sklearn.compose._column_transformer.ColumnTransformer(numeric=sklearn.pipeline.Pipeline(imputer=sklearn.preprocessing.imputation.Imputer,standardscaler=sklearn.preprocessing.data.StandardScaler),nominal=sklearn.pipeline.Pipeline(simpleimputer=sklearn.impute.SimpleImputer,onehotencoder=sklearn.preprocessing._encoders.OneHotEncoder)),variancethreshold=sklearn.feature_selection.variance_threshold.VarianceThreshold,randomforestclassifier=sklearn.ensemble.forest.RandomForestClassifier)(2)","0.6631","jobs:null,remainder:""passthrough"",threshold:0.3,weights:null,memory:null,axis:0,copy:true,values:""NaN"",strategy:""mean"",verbose:0,copy:true,mean:true,std:true,memory:null,copy:true,value:-1,values:NaN,strategy:""constant"",verbose:0,features:null,categories:null,dtype:float64""},unknown:""ignore"",values:null,sparse:true,threshold:0.0,memory:null,bootstrap:false,weight:null,criterion:""entropy"",depth:null,features:3508582136230113,nodes:null,decrease:0.0,split:null,leaf:8,split:10,leaf:0.0,estimators:100,jobs:null,score:false,state:960,verbose:0,start:false"
"6029843","sklearn.pipeline.Pipeline(imputation=openmlstudy14.preprocessing.ConditionalImputer,hotencoding=sklearn.preprocessing.data.OneHotEncoder,variencethreshold=sklearn.feature_selection.variance_threshold.VarianceThreshold,classifier=sklearn.ensemble.forest.RandomForestClassifier)(1)","0.663","bootstrap:false,weight:null,criterion:""entropy"",depth:null,features:5689744669784202,nodes:null,split:1e-07,leaf:8,split:10,leaf:0.0,estimators:100,jobs:1,score:false,state:51516,verbose:0,start:false,axis:0,features:[],copy:true,empty:0,values:""NaN"",strategy:""mean"",nominal:""most_frequent"",verbose:0,features:[],dtype:float64""},unknown:""ignore"",values:""auto"",sparse:true,threshold:0.0"
"5997069","sklearn.pipeline.Pipeline(imputation=openmlstudy14.preprocessing.ConditionalImputer,hotencoding=sklearn.preprocessing.data.OneHotEncoder,variencethreshold=sklearn.feature_selection.variance_threshold.VarianceThreshold,classifier=sklearn.ensemble.forest.RandomForestClassifier)(1)","0.663","bootstrap:true,weight:null,criterion:""entropy"",depth:null,features:4954011702565444,nodes:null,split:1e-07,leaf:4,split:3,leaf:0.0,estimators:100,jobs:1,score:false,state:17989,verbose:0,start:false,axis:0,features:[],copy:true,empty:0,values:""NaN"",strategy:""most_frequent"",nominal:""most_frequent"",verbose:0,features:[],dtype:float64""},unknown:""ignore"",values:""auto"",sparse:false,threshold:0.0"
"6012079","sklearn.pipeline.Pipeline(imputation=openmlstudy14.preprocessing.ConditionalImputer,hotencoding=sklearn.preprocessing.data.OneHotEncoder,variencethreshold=sklearn.feature_selection.variance_threshold.VarianceThreshold,classifier=sklearn.ensemble.forest.RandomForestClassifier)(1)","0.6627","bootstrap:true,weight:null,criterion:""gini"",depth:null,features:36047268442255265,nodes:null,split:1e-07,leaf:1,split:9,leaf:0.0,estimators:100,jobs:1,score:false,state:27258,verbose:0,start:false,axis:0,features:[],copy:true,empty:0,values:""NaN"",strategy:""mean"",nominal:""most_frequent"",verbose:0,features:[],dtype:float64""},unknown:""ignore"",values:""auto"",sparse:false,threshold:0.0"
"6029973","sklearn.pipeline.Pipeline(imputation=openmlstudy14.preprocessing.ConditionalImputer,hotencoding=sklearn.preprocessing.data.OneHotEncoder,variencethreshold=sklearn.feature_selection.variance_threshold.VarianceThreshold,classifier=sklearn.ensemble.forest.RandomForestClassifier)(1)","0.6623","bootstrap:false,weight:null,criterion:""entropy"",depth:null,features:23653739545932437,nodes:null,split:1e-07,leaf:7,split:17,leaf:0.0,estimators:100,jobs:1,score:false,state:37565,verbose:0,start:false,axis:0,features:[],copy:true,empty:0,values:""NaN"",strategy:""most_frequent"",nominal:""most_frequent"",verbose:0,features:[],dtype:float64""},unknown:""ignore"",values:""auto"",sparse:true,threshold:0.0"
"6032574","sklearn.pipeline.Pipeline(imputation=openmlstudy14.preprocessing.ConditionalImputer,hotencoding=sklearn.preprocessing.data.OneHotEncoder,variencethreshold=sklearn.feature_selection.variance_threshold.VarianceThreshold,classifier=sklearn.ensemble.forest.RandomForestClassifier)(1)","0.6622","bootstrap:false,weight:null,criterion:""gini"",depth:null,features:5152928663080986,nodes:null,split:1e-07,leaf:2,split:20,leaf:0.0,estimators:100,jobs:1,score:false,state:48834,verbose:0,start:false,axis:0,features:[],copy:true,empty:0,values:""NaN"",strategy:""median"",nominal:""most_frequent"",verbose:0,features:[],dtype:float64""},unknown:""ignore"",values:""auto"",sparse:true,threshold:0.0"
"5997194","sklearn.pipeline.Pipeline(imputation=openmlstudy14.preprocessing.ConditionalImputer,hotencoding=sklearn.preprocessing.data.OneHotEncoder,variencethreshold=sklearn.feature_selection.variance_threshold.VarianceThreshold,classifier=sklearn.ensemble.forest.RandomForestClassifier)(1)","0.662","bootstrap:true,weight:null,criterion:""gini"",depth:null,features:693124493456368,nodes:null,split:1e-07,leaf:2,split:5,leaf:0.0,estimators:100,jobs:1,score:false,state:24557,verbose:0,start:false,axis:0,features:[],copy:true,empty:0,values:""NaN"",strategy:""median"",nominal:""most_frequent"",verbose:0,features:[],dtype:float64""},unknown:""ignore"",values:""auto"",sparse:false,threshold:0.0"
"10014325","sklearn.pipeline.Pipeline(columntransformer=sklearn.compose._column_transformer.ColumnTransformer(numeric=sklearn.pipeline.Pipeline(imputer=sklearn.preprocessing.imputation.Imputer,standardscaler=sklearn.preprocessing.data.StandardScaler),nominal=sklearn.pipeline.Pipeline(simpleimputer=sklearn.impute.SimpleImputer,onehotencoder=sklearn.preprocessing._encoders.OneHotEncoder)),variancethreshold=sklearn.feature_selection.variance_threshold.VarianceThreshold,randomforestclassifier=sklearn.ensemble.forest.RandomForestClassifier)(2)","0.662","jobs:null,remainder:""passthrough"",threshold:0.3,weights:null,memory:null,axis:0,copy:true,values:""NaN"",strategy:""median"",verbose:0,copy:true,mean:true,std:true,memory:null,copy:true,value:-1,values:NaN,strategy:""constant"",verbose:0,features:null,categories:null,dtype:float64""},unknown:""ignore"",values:null,sparse:true,threshold:0.0,memory:null,bootstrap:false,weight:null,criterion:""entropy"",depth:null,features:6135792019264452,nodes:null,decrease:0.0,split:null,leaf:8,split:10,leaf:0.0,estimators:100,jobs:null,score:false,state:55460,verbose:0,start:false"
"6009139","sklearn.pipeline.Pipeline(imputation=openmlstudy14.preprocessing.ConditionalImputer,hotencoding=sklearn.preprocessing.data.OneHotEncoder,variencethreshold=sklearn.feature_selection.variance_threshold.VarianceThreshold,classifier=sklearn.ensemble.forest.RandomForestClassifier)(1)","0.6619","bootstrap:true,weight:null,criterion:""entropy"",depth:null,features:364465830076522,nodes:null,split:1e-07,leaf:4,split:9,leaf:0.0,estimators:100,jobs:1,score:false,state:18813,verbose:0,start:false,axis:0,features:[],copy:true,empty:0,values:""NaN"",strategy:""median"",nominal:""most_frequent"",verbose:0,features:[],dtype:float64""},unknown:""ignore"",values:""auto"",sparse:false,threshold:0.0"
"5988614","sklearn.pipeline.Pipeline(imputation=openmlstudy14.preprocessing.ConditionalImputer,hotencoding=sklearn.preprocessing.data.OneHotEncoder,variencethreshold=sklearn.feature_selection.variance_threshold.VarianceThreshold,classifier=sklearn.ensemble.forest.RandomForestClassifier)(1)","0.6618","bootstrap:true,weight:null,criterion:""gini"",depth:null,features:6384473889640889,nodes:null,split:1e-07,leaf:3,split:3,leaf:0.0,estimators:100,jobs:1,score:false,state:37671,verbose:0,start:false,axis:0,features:[],copy:true,empty:0,values:""NaN"",strategy:""mean"",nominal:""most_frequent"",verbose:0,features:[],dtype:float64""},unknown:""ignore"",values:""auto"",sparse:false,threshold:0.0"
"5972832","sklearn.pipeline.Pipeline(imputation=openmlstudy14.preprocessing.ConditionalImputer,hotencoding=sklearn.preprocessing.data.OneHotEncoder,variencethreshold=sklearn.feature_selection.variance_threshold.VarianceThreshold,classifier=sklearn.ensemble.forest.RandomForestClassifier)(1)","0.6618","bootstrap:false,weight:null,criterion:""gini"",depth:null,features:4746275485075272,nodes:null,split:1e-07,leaf:7,split:12,leaf:0.0,estimators:100,jobs:1,score:false,state:58111,verbose:0,start:false,axis:0,features:[],copy:true,empty:0,values:""NaN"",strategy:""most_frequent"",nominal:""most_frequent"",verbose:0,features:[],dtype:float64""},unknown:""ignore"",values:""auto"",sparse:false,threshold:0.0"
"10025103","sklearn.pipeline.Pipeline(columntransformer=sklearn.compose._column_transformer.ColumnTransformer(numeric=sklearn.pipeline.Pipeline(imputer=sklearn.preprocessing.imputation.Imputer,standardscaler=sklearn.preprocessing.data.StandardScaler),nominal=sklearn.pipeline.Pipeline(simpleimputer=sklearn.impute.SimpleImputer,onehotencoder=sklearn.preprocessing._encoders.OneHotEncoder)),variancethreshold=sklearn.feature_selection.variance_threshold.VarianceThreshold,randomforestclassifier=sklearn.ensemble.forest.RandomForestClassifier)(2)","0.6618","jobs:null,remainder:""passthrough"",threshold:0.3,weights:null,memory:null,axis:0,copy:true,values:""NaN"",strategy:""mean"",verbose:0,copy:true,mean:true,std:true,memory:null,copy:true,value:-1,values:NaN,strategy:""constant"",verbose:0,features:null,categories:null,dtype:float64""},unknown:""ignore"",values:null,sparse:true,threshold:0.0,memory:null,bootstrap:true,weight:null,criterion:""gini"",depth:null,features:18476243744113308,nodes:null,decrease:0.0,split:null,leaf:2,split:6,leaf:0.0,estimators:100,jobs:null,score:false,state:38566,verbose:0,start:false"
"10023552","sklearn.pipeline.Pipeline(columntransformer=sklearn.compose._column_transformer.ColumnTransformer(numeric=sklearn.pipeline.Pipeline(imputer=sklearn.preprocessing.imputation.Imputer,standardscaler=sklearn.preprocessing.data.StandardScaler),nominal=sklearn.pipeline.Pipeline(simpleimputer=sklearn.impute.SimpleImputer,onehotencoder=sklearn.preprocessing._encoders.OneHotEncoder)),variancethreshold=sklearn.feature_selection.variance_threshold.VarianceThreshold,randomforestclassifier=sklearn.ensemble.forest.RandomForestClassifier)(2)","0.6618","jobs:null,remainder:""passthrough"",threshold:0.3,weights:null,memory:null,axis:0,copy:true,values:""NaN"",strategy:""mean"",verbose:0,copy:true,mean:true,std:true,memory:null,copy:true,value:-1,values:NaN,strategy:""constant"",verbose:0,features:null,categories:null,dtype:float64""},unknown:""ignore"",values:null,sparse:true,threshold:0.0,memory:null,bootstrap:true,weight:null,criterion:""gini"",depth:null,features:5338783480963281,nodes:null,decrease:0.0,split:null,leaf:2,split:8,leaf:0.0,estimators:100,jobs:null,score:false,state:33032,verbose:0,start:false"
"6068448","sklearn.pipeline.Pipeline(imputation=openmlstudy14.preprocessing.ConditionalImputer,hotencoding=sklearn.preprocessing.data.OneHotEncoder,variencethreshold=sklearn.feature_selection.variance_threshold.VarianceThreshold,classifier=sklearn.ensemble.forest.RandomForestClassifier)(1)","0.6617","bootstrap:false,weight:null,criterion:""gini"",depth:null,features:7379161215871447,nodes:null,split:1e-07,leaf:4,split:7,leaf:0.0,estimators:100,jobs:1,score:false,state:17243,verbose:0,start:false,axis:0,features:[],copy:true,empty:0,values:""NaN"",strategy:""median"",nominal:""most_frequent"",verbose:0,features:[],dtype:float64""},unknown:""ignore"",values:""auto"",sparse:true,threshold:0.0"
"5983157","sklearn.pipeline.Pipeline(imputation=openmlstudy14.preprocessing.ConditionalImputer,hotencoding=sklearn.preprocessing.data.OneHotEncoder,variencethreshold=sklearn.feature_selection.variance_threshold.VarianceThreshold,classifier=sklearn.ensemble.weight_boosting.AdaBoostClassifier(base_estimator=sklearn.tree.tree.DecisionTreeClassifier))(1)","0.6616","weight:null,criterion:""gini"",depth:8,features:null,nodes:null,split:1e-07,leaf:1,split:2,leaf:0.0,presort:false,state:29810,splitter:""best"",axis:0,features:[],copy:true,empty:0,values:""NaN"",strategy:""most_frequent"",nominal:""most_frequent"",verbose:0,features:[],dtype:float64""},unknown:""ignore"",values:""auto"",sparse:false,threshold:0.0,algorithm:""SAMME"",rate:059489088333792815,estimators:250,state:8193"
"10023040","sklearn.pipeline.Pipeline(columntransformer=sklearn.compose._column_transformer.ColumnTransformer(numeric=sklearn.pipeline.Pipeline(imputer=sklearn.preprocessing.imputation.Imputer,standardscaler=sklearn.preprocessing.data.StandardScaler),nominal=sklearn.pipeline.Pipeline(simpleimputer=sklearn.impute.SimpleImputer,onehotencoder=sklearn.preprocessing._encoders.OneHotEncoder)),variancethreshold=sklearn.feature_selection.variance_threshold.VarianceThreshold,randomforestclassifier=sklearn.ensemble.forest.RandomForestClassifier)(2)","0.6616","jobs:null,remainder:""passthrough"",threshold:0.3,weights:null,memory:null,axis:0,copy:true,values:""NaN"",strategy:""most_frequent"",verbose:0,copy:true,mean:true,std:true,memory:null,copy:true,value:-1,values:NaN,strategy:""constant"",verbose:0,features:null,categories:null,dtype:float64""},unknown:""ignore"",values:null,sparse:true,threshold:0.0,memory:null,bootstrap:false,weight:null,criterion:""entropy"",depth:null,features:7935261514313638,nodes:null,decrease:0.0,split:null,leaf:3,split:11,leaf:0.0,estimators:100,jobs:null,score:false,state:35206,verbose:0,start:false"
"6032601","sklearn.pipeline.Pipeline(imputation=openmlstudy14.preprocessing.ConditionalImputer,hotencoding=sklearn.preprocessing.data.OneHotEncoder,variencethreshold=sklearn.feature_selection.variance_threshold.VarianceThreshold,classifier=sklearn.ensemble.forest.RandomForestClassifier)(1)","0.6615","bootstrap:true,weight:null,criterion:""entropy"",depth:null,features:8601368558286011,nodes:null,split:1e-07,leaf:4,split:6,leaf:0.0,estimators:100,jobs:1,score:false,state:59238,verbose:0,start:false,axis:0,features:[],copy:true,empty:0,values:""NaN"",strategy:""mean"",nominal:""most_frequent"",verbose:0,features:[],dtype:float64""},unknown:""ignore"",values:""auto"",sparse:true,threshold:0.0"
"5984190","sklearn.pipeline.Pipeline(imputation=openmlstudy14.preprocessing.ConditionalImputer,hotencoding=sklearn.preprocessing.data.OneHotEncoder,variencethreshold=sklearn.feature_selection.variance_threshold.VarianceThreshold,classifier=sklearn.ensemble.forest.RandomForestClassifier)(1)","0.6615","bootstrap:true,weight:null,criterion:""entropy"",depth:null,features:43389819944204067,nodes:null,split:1e-07,leaf:4,split:2,leaf:0.0,estimators:100,jobs:1,score:false,state:44647,verbose:0,start:false,axis:0,features:[],copy:true,empty:0,values:""NaN"",strategy:""most_frequent"",nominal:""most_frequent"",verbose:0,features:[],dtype:float64""},unknown:""ignore"",values:""auto"",sparse:false,threshold:0.0"
"6003694","sklearn.pipeline.Pipeline(imputation=openmlstudy14.preprocessing.ConditionalImputer,hotencoding=sklearn.preprocessing.data.OneHotEncoder,variencethreshold=sklearn.feature_selection.variance_threshold.VarianceThreshold,classifier=sklearn.ensemble.forest.RandomForestClassifier)(1)","0.6614","bootstrap:false,weight:null,criterion:""gini"",depth:null,features:2829854883996352,nodes:null,split:1e-07,leaf:6,split:16,leaf:0.0,estimators:100,jobs:1,score:false,state:14018,verbose:0,start:false,axis:0,features:[],copy:true,empty:0,values:""NaN"",strategy:""most_frequent"",nominal:""most_frequent"",verbose:0,features:[],dtype:float64""},unknown:""ignore"",values:""auto"",sparse:false,threshold:0.0"
"6018545","sklearn.pipeline.Pipeline(imputation=openmlstudy14.preprocessing.ConditionalImputer,hotencoding=sklearn.preprocessing.data.OneHotEncoder,variencethreshold=sklearn.feature_selection.variance_threshold.VarianceThreshold,classifier=sklearn.ensemble.forest.RandomForestClassifier)(1)","0.6611","bootstrap:false,weight:null,criterion:""entropy"",depth:null,features:5764409770975705,nodes:null,split:1e-07,leaf:9,split:6,leaf:0.0,estimators:100,jobs:1,score:false,state:54658,verbose:0,start:false,axis:0,features:[],copy:true,empty:0,values:""NaN"",strategy:""most_frequent"",nominal:""most_frequent"",verbose:0,features:[],dtype:float64""},unknown:""ignore"",values:""auto"",sparse:false,threshold:0.0"
"5971697","sklearn.pipeline.Pipeline(imputation=openmlstudy14.preprocessing.ConditionalImputer,hotencoding=sklearn.preprocessing.data.OneHotEncoder,variencethreshold=sklearn.feature_selection.variance_threshold.VarianceThreshold,classifier=sklearn.ensemble.weight_boosting.AdaBoostClassifier(base_estimator=sklearn.tree.tree.DecisionTreeClassifier))(1)","0.661","weight:null,criterion:""gini"",depth:7,features:null,nodes:null,split:1e-07,leaf:1,split:2,leaf:0.0,presort:false,state:926,splitter:""best"",axis:0,features:[],copy:true,empty:0,values:""NaN"",strategy:""median"",nominal:""most_frequent"",verbose:0,features:[],dtype:float64""},unknown:""ignore"",values:""auto"",sparse:false,threshold:0.0,algorithm:""SAMME"",rate:352387343203637,estimators:382,state:17937"
"5992596","sklearn.pipeline.Pipeline(imputation=openmlstudy14.preprocessing.ConditionalImputer,hotencoding=sklearn.preprocessing.data.OneHotEncoder,variencethreshold=sklearn.feature_selection.variance_threshold.VarianceThreshold,classifier=sklearn.ensemble.forest.RandomForestClassifier)(1)","0.6607","bootstrap:true,weight:null,criterion:""entropy"",depth:null,features:5624999302562552,nodes:null,split:1e-07,leaf:3,split:10,leaf:0.0,estimators:100,jobs:1,score:false,state:34520,verbose:0,start:false,axis:0,features:[],copy:true,empty:0,values:""NaN"",strategy:""most_frequent"",nominal:""most_frequent"",verbose:0,features:[],dtype:float64""},unknown:""ignore"",values:""auto"",sparse:false,threshold:0.0"
"5983028","sklearn.pipeline.Pipeline(imputation=openmlstudy14.preprocessing.ConditionalImputer,hotencoding=sklearn.preprocessing.data.OneHotEncoder,variencethreshold=sklearn.feature_selection.variance_threshold.VarianceThreshold,classifier=sklearn.ensemble.forest.RandomForestClassifier)(1)","0.6607","bootstrap:false,weight:null,criterion:""gini"",depth:null,features:12167196591955226,nodes:null,split:1e-07,leaf:1,split:16,leaf:0.0,estimators:100,jobs:1,score:false,state:63282,verbose:0,start:false,axis:0,features:[],copy:true,empty:0,values:""NaN"",strategy:""most_frequent"",nominal:""most_frequent"",verbose:0,features:[],dtype:float64""},unknown:""ignore"",values:""auto"",sparse:false,threshold:0.0"
"10025578","sklearn.pipeline.Pipeline(columntransformer=sklearn.compose._column_transformer.ColumnTransformer(numeric=sklearn.pipeline.Pipeline(imputer=sklearn.preprocessing.imputation.Imputer,standardscaler=sklearn.preprocessing.data.StandardScaler),nominal=sklearn.pipeline.Pipeline(simpleimputer=sklearn.impute.SimpleImputer,onehotencoder=sklearn.preprocessing._encoders.OneHotEncoder)),variancethreshold=sklearn.feature_selection.variance_threshold.VarianceThreshold,randomforestclassifier=sklearn.ensemble.forest.RandomForestClassifier)(2)","0.6606","jobs:null,remainder:""passthrough"",threshold:0.3,weights:null,memory:null,axis:0,copy:true,values:""NaN"",strategy:""mean"",verbose:0,copy:true,mean:true,std:true,memory:null,copy:true,value:-1,values:NaN,strategy:""constant"",verbose:0,features:null,categories:null,dtype:float64""},unknown:""ignore"",values:null,sparse:true,threshold:0.0,memory:null,bootstrap:true,weight:null,criterion:""gini"",depth:null,features:6972417191052935,nodes:null,decrease:0.0,split:null,leaf:2,split:7,leaf:0.0,estimators:100,jobs:null,score:false,state:5887,verbose:0,start:false"
"6011853","sklearn.pipeline.Pipeline(imputation=openmlstudy14.preprocessing.ConditionalImputer,hotencoding=sklearn.preprocessing.data.OneHotEncoder,variencethreshold=sklearn.feature_selection.variance_threshold.VarianceThreshold,classifier=sklearn.ensemble.forest.RandomForestClassifier)(1)","0.6605","bootstrap:false,weight:null,criterion:""entropy"",depth:null,features:8075168420864967,nodes:null,split:1e-07,leaf:1,split:11,leaf:0.0,estimators:100,jobs:1,score:false,state:9786,verbose:0,start:false,axis:0,features:[],copy:true,empty:0,values:""NaN"",strategy:""most_frequent"",nominal:""most_frequent"",verbose:0,features:[],dtype:float64""},unknown:""ignore"",values:""auto"",sparse:false,threshold:0.0"
"10008228","sklearn.pipeline.Pipeline(columntransformer=sklearn.compose._column_transformer.ColumnTransformer(numeric=sklearn.pipeline.Pipeline(imputer=sklearn.preprocessing.imputation.Imputer,standardscaler=sklearn.preprocessing.data.StandardScaler),nominal=sklearn.pipeline.Pipeline(simpleimputer=sklearn.impute.SimpleImputer,onehotencoder=sklearn.preprocessing._encoders.OneHotEncoder)),variancethreshold=sklearn.feature_selection.variance_threshold.VarianceThreshold,randomforestclassifier=sklearn.ensemble.forest.RandomForestClassifier)(2)","0.6604","jobs:null,remainder:""passthrough"",threshold:0.3,weights:null,memory:null,axis:0,copy:true,values:""NaN"",strategy:""most_frequent"",verbose:0,copy:true,mean:true,std:true,memory:null,copy:true,value:-1,values:NaN,strategy:""constant"",verbose:0,features:null,categories:null,dtype:float64""},unknown:""ignore"",values:null,sparse:true,threshold:0.0,memory:null,bootstrap:false,weight:null,criterion:""gini"",depth:null,features:5788965746799752,nodes:null,decrease:0.0,split:null,leaf:6,split:9,leaf:0.0,estimators:100,jobs:null,score:false,state:2976,verbose:0,start:false"
"6027779","sklearn.pipeline.Pipeline(imputation=openmlstudy14.preprocessing.ConditionalImputer,hotencoding=sklearn.preprocessing.data.OneHotEncoder,variencethreshold=sklearn.feature_selection.variance_threshold.VarianceThreshold,classifier=sklearn.ensemble.forest.RandomForestClassifier)(1)","0.66","bootstrap:false,weight:null,criterion:""gini"",depth:null,features:5788864375651501,nodes:null,split:1e-07,leaf:4,split:17,leaf:0.0,estimators:100,jobs:1,score:false,state:55794,verbose:0,start:false,axis:0,features:[],copy:true,empty:0,values:""NaN"",strategy:""mean"",nominal:""most_frequent"",verbose:0,features:[],dtype:float64""},unknown:""ignore"",values:""auto"",sparse:true,threshold:0.0"
"5984269","sklearn.pipeline.Pipeline(imputation=openmlstudy14.preprocessing.ConditionalImputer,hotencoding=sklearn.preprocessing.data.OneHotEncoder,variencethreshold=sklearn.feature_selection.variance_threshold.VarianceThreshold,classifier=sklearn.ensemble.forest.RandomForestClassifier)(1)","0.6599","bootstrap:true,weight:null,criterion:""entropy"",depth:null,features:24751196558872357,nodes:null,split:1e-07,leaf:4,split:3,leaf:0.0,estimators:100,jobs:1,score:false,state:5296,verbose:0,start:false,axis:0,features:[],copy:true,empty:0,values:""NaN"",strategy:""mean"",nominal:""most_frequent"",verbose:0,features:[],dtype:float64""},unknown:""ignore"",values:""auto"",sparse:false,threshold:0.0"
"5981731","sklearn.pipeline.Pipeline(imputation=openmlstudy14.preprocessing.ConditionalImputer,hotencoding=sklearn.preprocessing.data.OneHotEncoder,variencethreshold=sklearn.feature_selection.variance_threshold.VarianceThreshold,classifier=sklearn.ensemble.weight_boosting.AdaBoostClassifier(base_estimator=sklearn.tree.tree.DecisionTreeClassifier))(1)","0.6598","weight:null,criterion:""gini"",depth:7,features:null,nodes:null,split:1e-07,leaf:1,split:2,leaf:0.0,presort:false,state:7817,splitter:""best"",axis:0,features:[],copy:true,empty:0,values:""NaN"",strategy:""median"",nominal:""most_frequent"",verbose:0,features:[],dtype:float64""},unknown:""ignore"",values:""auto"",sparse:false,threshold:0.0,algorithm:""SAMME"",rate:09454207976848436,estimators:489,state:8176"
"6031660","sklearn.pipeline.Pipeline(imputation=openmlstudy14.preprocessing.ConditionalImputer,hotencoding=sklearn.preprocessing.data.OneHotEncoder,variencethreshold=sklearn.feature_selection.variance_threshold.VarianceThreshold,classifier=sklearn.ensemble.forest.RandomForestClassifier)(1)","0.6597","bootstrap:false,weight:null,criterion:""gini"",depth:null,features:17249946146424405,nodes:null,split:1e-07,leaf:2,split:19,leaf:0.0,estimators:100,jobs:1,score:false,state:55333,verbose:0,start:false,axis:0,features:[],copy:true,empty:0,values:""NaN"",strategy:""most_frequent"",nominal:""most_frequent"",verbose:0,features:[],dtype:float64""},unknown:""ignore"",values:""auto"",sparse:true,threshold:0.0"
"10020986","sklearn.pipeline.Pipeline(columntransformer=sklearn.compose._column_transformer.ColumnTransformer(numeric=sklearn.pipeline.Pipeline(imputer=sklearn.preprocessing.imputation.Imputer,standardscaler=sklearn.preprocessing.data.StandardScaler),nominal=sklearn.pipeline.Pipeline(simpleimputer=sklearn.impute.SimpleImputer,onehotencoder=sklearn.preprocessing._encoders.OneHotEncoder)),variancethreshold=sklearn.feature_selection.variance_threshold.VarianceThreshold,randomforestclassifier=sklearn.ensemble.forest.RandomForestClassifier)(2)","0.6595","jobs:null,remainder:""passthrough"",threshold:0.3,weights:null,memory:null,axis:0,copy:true,values:""NaN"",strategy:""most_frequent"",verbose:0,copy:true,mean:true,std:true,memory:null,copy:true,value:-1,values:NaN,strategy:""constant"",verbose:0,features:null,categories:null,dtype:float64""},unknown:""ignore"",values:null,sparse:true,threshold:0.0,memory:null,bootstrap:false,weight:null,criterion:""gini"",depth:null,features:01208083559697859,nodes:null,decrease:0.0,split:null,leaf:1,split:4,leaf:0.0,estimators:100,jobs:null,score:false,state:55911,verbose:0,start:false"
"5986329","sklearn.pipeline.Pipeline(imputation=openmlstudy14.preprocessing.ConditionalImputer,hotencoding=sklearn.preprocessing.data.OneHotEncoder,variencethreshold=sklearn.feature_selection.variance_threshold.VarianceThreshold,classifier=sklearn.ensemble.forest.RandomForestClassifier)(1)","0.6594","bootstrap:false,weight:null,criterion:""gini"",depth:null,features:7582472518951063,nodes:null,split:1e-07,leaf:1,split:11,leaf:0.0,estimators:100,jobs:1,score:false,state:17778,verbose:0,start:false,axis:0,features:[],copy:true,empty:0,values:""NaN"",strategy:""mean"",nominal:""most_frequent"",verbose:0,features:[],dtype:float64""},unknown:""ignore"",values:""auto"",sparse:false,threshold:0.0"
"5993930","sklearn.pipeline.Pipeline(imputation=openmlstudy14.preprocessing.ConditionalImputer,hotencoding=sklearn.preprocessing.data.OneHotEncoder,variencethreshold=sklearn.feature_selection.variance_threshold.VarianceThreshold,classifier=sklearn.ensemble.forest.RandomForestClassifier)(1)","0.6594","bootstrap:true,weight:null,criterion:""entropy"",depth:null,features:4274181480391336,nodes:null,split:1e-07,leaf:2,split:12,leaf:0.0,estimators:100,jobs:1,score:false,state:12885,verbose:0,start:false,axis:0,features:[],copy:true,empty:0,values:""NaN"",strategy:""mean"",nominal:""most_frequent"",verbose:0,features:[],dtype:float64""},unknown:""ignore"",values:""auto"",sparse:false,threshold:0.0"
"5996590","sklearn.pipeline.Pipeline(imputation=openmlstudy14.preprocessing.ConditionalImputer,hotencoding=sklearn.preprocessing.data.OneHotEncoder,variencethreshold=sklearn.feature_selection.variance_threshold.VarianceThreshold,classifier=sklearn.ensemble.weight_boosting.AdaBoostClassifier(base_estimator=sklearn.tree.tree.DecisionTreeClassifier))(1)","0.6592","weight:null,criterion:""gini"",depth:8,features:null,nodes:null,split:1e-07,leaf:1,split:2,leaf:0.0,presort:false,state:695,splitter:""best"",axis:0,features:[],copy:true,empty:0,values:""NaN"",strategy:""mean"",nominal:""most_frequent"",verbose:0,features:[],dtype:float64""},unknown:""ignore"",values:""auto"",sparse:false,threshold:0.0,algorithm:""SAMME"",rate:03219755178507916,estimators:489,state:59279"
"5971298","sklearn.pipeline.Pipeline(imputation=openmlstudy14.preprocessing.ConditionalImputer,hotencoding=sklearn.preprocessing.data.OneHotEncoder,variencethreshold=sklearn.feature_selection.variance_threshold.VarianceThreshold,classifier=sklearn.ensemble.forest.RandomForestClassifier)(1)","0.6591","bootstrap:true,weight:null,criterion:""entropy"",depth:null,features:3508223059660265,nodes:null,split:1e-07,leaf:4,split:6,leaf:0.0,estimators:100,jobs:1,score:false,state:51342,verbose:0,start:false,axis:0,features:[],copy:true,empty:0,values:""NaN"",strategy:""mean"",nominal:""most_frequent"",verbose:0,features:[],dtype:float64""},unknown:""ignore"",values:""auto"",sparse:false,threshold:0.0"
"5995954","sklearn.pipeline.Pipeline(imputation=openmlstudy14.preprocessing.ConditionalImputer,hotencoding=sklearn.preprocessing.data.OneHotEncoder,variencethreshold=sklearn.feature_selection.variance_threshold.VarianceThreshold,classifier=sklearn.ensemble.forest.RandomForestClassifier)(1)","0.6591","bootstrap:false,weight:null,criterion:""entropy"",depth:null,features:6583577162700877,nodes:null,split:1e-07,leaf:6,split:18,leaf:0.0,estimators:100,jobs:1,score:false,state:27511,verbose:0,start:false,axis:0,features:[],copy:true,empty:0,values:""NaN"",strategy:""median"",nominal:""most_frequent"",verbose:0,features:[],dtype:float64""},unknown:""ignore"",values:""auto"",sparse:false,threshold:0.0"
"5990865","sklearn.pipeline.Pipeline(imputation=openmlstudy14.preprocessing.ConditionalImputer,hotencoding=sklearn.preprocessing.data.OneHotEncoder,variencethreshold=sklearn.feature_selection.variance_threshold.VarianceThreshold,classifier=sklearn.ensemble.forest.RandomForestClassifier)(1)","0.6589","bootstrap:true,weight:null,criterion:""entropy"",depth:null,features:2188115484347935,nodes:null,split:1e-07,leaf:3,split:9,leaf:0.0,estimators:100,jobs:1,score:false,state:29043,verbose:0,start:false,axis:0,features:[],copy:true,empty:0,values:""NaN"",strategy:""mean"",nominal:""most_frequent"",verbose:0,features:[],dtype:float64""},unknown:""ignore"",values:""auto"",sparse:false,threshold:0.0"
"10028228","sklearn.pipeline.Pipeline(columntransformer=sklearn.compose._column_transformer.ColumnTransformer(numeric=sklearn.pipeline.Pipeline(imputer=sklearn.preprocessing.imputation.Imputer,standardscaler=sklearn.preprocessing.data.StandardScaler),nominal=sklearn.pipeline.Pipeline(simpleimputer=sklearn.impute.SimpleImputer,onehotencoder=sklearn.preprocessing._encoders.OneHotEncoder)),variancethreshold=sklearn.feature_selection.variance_threshold.VarianceThreshold,randomforestclassifier=sklearn.ensemble.forest.RandomForestClassifier)(2)","0.6589","jobs:null,remainder:""passthrough"",threshold:0.3,weights:null,memory:null,axis:0,copy:true,values:""NaN"",strategy:""most_frequent"",verbose:0,copy:true,mean:true,std:true,memory:null,copy:true,value:-1,values:NaN,strategy:""constant"",verbose:0,features:null,categories:null,dtype:float64""},unknown:""ignore"",values:null,sparse:true,threshold:0.0,memory:null,bootstrap:true,weight:null,criterion:""gini"",depth:null,features:813566731789289,nodes:null,decrease:0.0,split:null,leaf:3,split:8,leaf:0.0,estimators:100,jobs:null,score:false,state:15153,verbose:0,start:false"
"10042316","sklearn.pipeline.Pipeline(columntransformer=sklearn.compose._column_transformer.ColumnTransformer(numeric=sklearn.pipeline.Pipeline(imputer=sklearn.preprocessing.imputation.Imputer,standardscaler=sklearn.preprocessing.data.StandardScaler),nominal=sklearn.pipeline.Pipeline(simpleimputer=sklearn.impute.SimpleImputer,onehotencoder=sklearn.preprocessing._encoders.OneHotEncoder)),variancethreshold=sklearn.feature_selection.variance_threshold.VarianceThreshold,randomforestclassifier=sklearn.ensemble.forest.RandomForestClassifier)(2)","0.6589","jobs:null,remainder:""passthrough"",threshold:0.3,weights:null,memory:null,axis:0,copy:true,values:""NaN"",strategy:""median"",verbose:0,copy:true,mean:true,std:true,memory:null,copy:true,value:-1,values:NaN,strategy:""constant"",verbose:0,features:null,categories:null,dtype:float64""},unknown:""ignore"",values:null,sparse:true,threshold:0.0,memory:null,bootstrap:true,weight:null,criterion:""entropy"",depth:null,features:25889325646515315,nodes:null,decrease:0.0,split:null,leaf:1,split:12,leaf:0.0,estimators:100,jobs:null,score:false,state:61224,verbose:0,start:false"
"10010067","sklearn.pipeline.Pipeline(columntransformer=sklearn.compose._column_transformer.ColumnTransformer(numeric=sklearn.pipeline.Pipeline(imputer=sklearn.preprocessing.imputation.Imputer,standardscaler=sklearn.preprocessing.data.StandardScaler),nominal=sklearn.pipeline.Pipeline(simpleimputer=sklearn.impute.SimpleImputer,onehotencoder=sklearn.preprocessing._encoders.OneHotEncoder)),variancethreshold=sklearn.feature_selection.variance_threshold.VarianceThreshold,randomforestclassifier=sklearn.ensemble.forest.RandomForestClassifier)(2)","0.6586","jobs:null,remainder:""passthrough"",threshold:0.3,weights:null,memory:null,axis:0,copy:true,values:""NaN"",strategy:""most_frequent"",verbose:0,copy:true,mean:true,std:true,memory:null,copy:true,value:-1,values:NaN,strategy:""constant"",verbose:0,features:null,categories:null,dtype:float64""},unknown:""ignore"",values:null,sparse:true,threshold:0.0,memory:null,bootstrap:true,weight:null,criterion:""entropy"",depth:null,features:6863366224660381,nodes:null,decrease:0.0,split:null,leaf:5,split:7,leaf:0.0,estimators:100,jobs:null,score:false,state:46813,verbose:0,start:false"
"10007579","sklearn.pipeline.Pipeline(columntransformer=sklearn.compose._column_transformer.ColumnTransformer(numeric=sklearn.pipeline.Pipeline(imputer=sklearn.preprocessing.imputation.Imputer,standardscaler=sklearn.preprocessing.data.StandardScaler),nominal=sklearn.pipeline.Pipeline(simpleimputer=sklearn.impute.SimpleImputer,onehotencoder=sklearn.preprocessing._encoders.OneHotEncoder)),variancethreshold=sklearn.feature_selection.variance_threshold.VarianceThreshold,randomforestclassifier=sklearn.ensemble.forest.RandomForestClassifier)(2)","0.6586","jobs:null,remainder:""passthrough"",threshold:0.3,weights:null,memory:null,axis:0,copy:true,values:""NaN"",strategy:""median"",verbose:0,copy:true,mean:true,std:true,memory:null,copy:true,value:-1,values:NaN,strategy:""constant"",verbose:0,features:null,categories:null,dtype:float64""},unknown:""ignore"",values:null,sparse:true,threshold:0.0,memory:null,bootstrap:false,weight:null,criterion:""entropy"",depth:null,features:4819760728384681,nodes:null,decrease:0.0,split:null,leaf:9,split:14,leaf:0.0,estimators:100,jobs:null,score:false,state:41484,verbose:0,start:false"
"5983193","sklearn.pipeline.Pipeline(imputation=openmlstudy14.preprocessing.ConditionalImputer,hotencoding=sklearn.preprocessing.data.OneHotEncoder,variencethreshold=sklearn.feature_selection.variance_threshold.VarianceThreshold,classifier=sklearn.ensemble.weight_boosting.AdaBoostClassifier(base_estimator=sklearn.tree.tree.DecisionTreeClassifier))(1)","0.6578","weight:null,criterion:""gini"",depth:10,features:null,nodes:null,split:1e-07,leaf:1,split:2,leaf:0.0,presort:false,state:62609,splitter:""best"",axis:0,features:[],copy:true,empty:0,values:""NaN"",strategy:""mean"",nominal:""most_frequent"",verbose:0,features:[],dtype:float64""},unknown:""ignore"",values:""auto"",sparse:false,threshold:0.0,algorithm:""SAMME"",rate:015785850726585022,estimators:238,state:16978"
"10043233","sklearn.pipeline.Pipeline(columntransformer=sklearn.compose._column_transformer.ColumnTransformer(numeric=sklearn.pipeline.Pipeline(imputer=sklearn.preprocessing.imputation.Imputer,standardscaler=sklearn.preprocessing.data.StandardScaler),nominal=sklearn.pipeline.Pipeline(simpleimputer=sklearn.impute.SimpleImputer,onehotencoder=sklearn.preprocessing._encoders.OneHotEncoder)),variancethreshold=sklearn.feature_selection.variance_threshold.VarianceThreshold,randomforestclassifier=sklearn.ensemble.forest.RandomForestClassifier)(2)","0.6573","jobs:null,remainder:""passthrough"",threshold:0.3,weights:null,memory:null,axis:0,copy:true,values:""NaN"",strategy:""median"",verbose:0,copy:true,mean:true,std:true,memory:null,copy:true,value:-1,values:NaN,strategy:""constant"",verbose:0,features:null,categories:null,dtype:float64""},unknown:""ignore"",values:null,sparse:true,threshold:0.0,memory:null,bootstrap:true,weight:null,criterion:""gini"",depth:null,features:25158358871105924,nodes:null,decrease:0.0,split:null,leaf:3,split:7,leaf:0.0,estimators:100,jobs:null,score:false,state:53234,verbose:0,start:false"
"10013653","sklearn.pipeline.Pipeline(columntransformer=sklearn.compose._column_transformer.ColumnTransformer(numeric=sklearn.pipeline.Pipeline(imputer=sklearn.preprocessing.imputation.Imputer,standardscaler=sklearn.preprocessing.data.StandardScaler),nominal=sklearn.pipeline.Pipeline(simpleimputer=sklearn.impute.SimpleImputer,onehotencoder=sklearn.preprocessing._encoders.OneHotEncoder)),variancethreshold=sklearn.feature_selection.variance_threshold.VarianceThreshold,randomforestclassifier=sklearn.ensemble.forest.RandomForestClassifier)(2)","0.6571","jobs:null,remainder:""passthrough"",threshold:0.3,weights:null,memory:null,axis:0,copy:true,values:""NaN"",strategy:""median"",verbose:0,copy:true,mean:true,std:true,memory:null,copy:true,value:-1,values:NaN,strategy:""constant"",verbose:0,features:null,categories:null,dtype:float64""},unknown:""ignore"",values:null,sparse:true,threshold:0.0,memory:null,bootstrap:true,weight:null,criterion:""entropy"",depth:null,features:13879443630128263,nodes:null,decrease:0.0,split:null,leaf:1,split:10,leaf:0.0,estimators:100,jobs:null,score:false,state:25467,verbose:0,start:false"
"10037555","sklearn.pipeline.Pipeline(columntransformer=sklearn.compose._column_transformer.ColumnTransformer(numeric=sklearn.pipeline.Pipeline(imputer=sklearn.preprocessing.imputation.Imputer,standardscaler=sklearn.preprocessing.data.StandardScaler),nominal=sklearn.pipeline.Pipeline(simpleimputer=sklearn.impute.SimpleImputer,onehotencoder=sklearn.preprocessing._encoders.OneHotEncoder)),variancethreshold=sklearn.feature_selection.variance_threshold.VarianceThreshold,randomforestclassifier=sklearn.ensemble.forest.RandomForestClassifier)(2)","0.6565","jobs:null,remainder:""passthrough"",threshold:0.3,weights:null,memory:null,axis:0,copy:true,values:""NaN"",strategy:""median"",verbose:0,copy:true,mean:true,std:true,memory:null,copy:true,value:-1,values:NaN,strategy:""constant"",verbose:0,features:null,categories:null,dtype:float64""},unknown:""ignore"",values:null,sparse:true,threshold:0.0,memory:null,bootstrap:false,weight:null,criterion:""gini"",depth:null,features:6171887560178976,nodes:null,decrease:0.0,split:null,leaf:7,split:14,leaf:0.0,estimators:100,jobs:null,score:false,state:17878,verbose:0,start:false"
"10011666","sklearn.pipeline.Pipeline(columntransformer=sklearn.compose._column_transformer.ColumnTransformer(numeric=sklearn.pipeline.Pipeline(imputer=sklearn.preprocessing.imputation.Imputer,standardscaler=sklearn.preprocessing.data.StandardScaler),nominal=sklearn.pipeline.Pipeline(simpleimputer=sklearn.impute.SimpleImputer,onehotencoder=sklearn.preprocessing._encoders.OneHotEncoder)),variancethreshold=sklearn.feature_selection.variance_threshold.VarianceThreshold,randomforestclassifier=sklearn.ensemble.forest.RandomForestClassifier)(2)","0.6563","jobs:null,remainder:""passthrough"",threshold:0.3,weights:null,memory:null,axis:0,copy:true,values:""NaN"",strategy:""median"",verbose:0,copy:true,mean:true,std:true,memory:null,copy:true,value:-1,values:NaN,strategy:""constant"",verbose:0,features:null,categories:null,dtype:float64""},unknown:""ignore"",values:null,sparse:true,threshold:0.0,memory:null,bootstrap:false,weight:null,criterion:""entropy"",depth:null,features:44260545217688485,nodes:null,decrease:0.0,split:null,leaf:9,split:19,leaf:0.0,estimators:100,jobs:null,score:false,state:10638,verbose:0,start:false"
"10032664","sklearn.pipeline.Pipeline(columntransformer=sklearn.compose._column_transformer.ColumnTransformer(numeric=sklearn.pipeline.Pipeline(imputer=sklearn.preprocessing.imputation.Imputer,standardscaler=sklearn.preprocessing.data.StandardScaler),nominal=sklearn.pipeline.Pipeline(simpleimputer=sklearn.impute.SimpleImputer,onehotencoder=sklearn.preprocessing._encoders.OneHotEncoder)),variancethreshold=sklearn.feature_selection.variance_threshold.VarianceThreshold,randomforestclassifier=sklearn.ensemble.forest.RandomForestClassifier)(2)","0.6562","jobs:null,remainder:""passthrough"",threshold:0.3,weights:null,memory:null,axis:0,copy:true,values:""NaN"",strategy:""most_frequent"",verbose:0,copy:true,mean:true,std:true,memory:null,copy:true,value:-1,values:NaN,strategy:""constant"",verbose:0,features:null,categories:null,dtype:float64""},unknown:""ignore"",values:null,sparse:true,threshold:0.0,memory:null,bootstrap:false,weight:null,criterion:""gini"",depth:null,features:7171519884252845,nodes:null,decrease:0.0,split:null,leaf:2,split:15,leaf:0.0,estimators:100,jobs:null,score:false,state:13602,verbose:0,start:false"
"10034384","sklearn.pipeline.Pipeline(columntransformer=sklearn.compose._column_transformer.ColumnTransformer(numeric=sklearn.pipeline.Pipeline(imputer=sklearn.preprocessing.imputation.Imputer,standardscaler=sklearn.preprocessing.data.StandardScaler),nominal=sklearn.pipeline.Pipeline(simpleimputer=sklearn.impute.SimpleImputer,onehotencoder=sklearn.preprocessing._encoders.OneHotEncoder)),variancethreshold=sklearn.feature_selection.variance_threshold.VarianceThreshold,randomforestclassifier=sklearn.ensemble.forest.RandomForestClassifier)(2)","0.656","jobs:null,remainder:""passthrough"",threshold:0.3,weights:null,memory:null,axis:0,copy:true,values:""NaN"",strategy:""most_frequent"",verbose:0,copy:true,mean:true,std:true,memory:null,copy:true,value:-1,values:NaN,strategy:""constant"",verbose:0,features:null,categories:null,dtype:float64""},unknown:""ignore"",values:null,sparse:true,threshold:0.0,memory:null,bootstrap:true,weight:null,criterion:""gini"",depth:null,features:3710769773729573,nodes:null,decrease:0.0,split:null,leaf:3,split:9,leaf:0.0,estimators:100,jobs:null,score:false,state:19512,verbose:0,start:false"
"10040940","sklearn.pipeline.Pipeline(columntransformer=sklearn.compose._column_transformer.ColumnTransformer(numeric=sklearn.pipeline.Pipeline(imputer=sklearn.preprocessing.imputation.Imputer,standardscaler=sklearn.preprocessing.data.StandardScaler),nominal=sklearn.pipeline.Pipeline(simpleimputer=sklearn.impute.SimpleImputer,onehotencoder=sklearn.preprocessing._encoders.OneHotEncoder)),variancethreshold=sklearn.feature_selection.variance_threshold.VarianceThreshold,randomforestclassifier=sklearn.ensemble.forest.RandomForestClassifier)(2)","0.6559","jobs:null,remainder:""passthrough"",threshold:0.3,weights:null,memory:null,axis:0,copy:true,values:""NaN"",strategy:""mean"",verbose:0,copy:true,mean:true,std:true,memory:null,copy:true,value:-1,values:NaN,strategy:""constant"",verbose:0,features:null,categories:null,dtype:float64""},unknown:""ignore"",values:null,sparse:true,threshold:0.0,memory:null,bootstrap:false,weight:null,criterion:""gini"",depth:null,features:6884264664248363,nodes:null,decrease:0.0,split:null,leaf:5,split:12,leaf:0.0,estimators:100,jobs:null,score:false,state:38991,verbose:0,start:false"
"10037537","sklearn.pipeline.Pipeline(columntransformer=sklearn.compose._column_transformer.ColumnTransformer(numeric=sklearn.pipeline.Pipeline(imputer=sklearn.preprocessing.imputation.Imputer,standardscaler=sklearn.preprocessing.data.StandardScaler),nominal=sklearn.pipeline.Pipeline(simpleimputer=sklearn.impute.SimpleImputer,onehotencoder=sklearn.preprocessing._encoders.OneHotEncoder)),variancethreshold=sklearn.feature_selection.variance_threshold.VarianceThreshold,randomforestclassifier=sklearn.ensemble.forest.RandomForestClassifier)(2)","0.6551","jobs:null,remainder:""passthrough"",threshold:0.3,weights:null,memory:null,axis:0,copy:true,values:""NaN"",strategy:""median"",verbose:0,copy:true,mean:true,std:true,memory:null,copy:true,value:-1,values:NaN,strategy:""constant"",verbose:0,features:null,categories:null,dtype:float64""},unknown:""ignore"",values:null,sparse:true,threshold:0.0,memory:null,bootstrap:false,weight:null,criterion:""gini"",depth:null,features:4625327576754569,nodes:null,decrease:0.0,split:null,leaf:4,split:20,leaf:0.0,estimators:100,jobs:null,score:false,state:53647,verbose:0,start:false"
"10025221","sklearn.pipeline.Pipeline(columntransformer=sklearn.compose._column_transformer.ColumnTransformer(numeric=sklearn.pipeline.Pipeline(imputer=sklearn.preprocessing.imputation.Imputer,standardscaler=sklearn.preprocessing.data.StandardScaler),nominal=sklearn.pipeline.Pipeline(simpleimputer=sklearn.impute.SimpleImputer,onehotencoder=sklearn.preprocessing._encoders.OneHotEncoder)),variancethreshold=sklearn.feature_selection.variance_threshold.VarianceThreshold,randomforestclassifier=sklearn.ensemble.forest.RandomForestClassifier)(2)","0.655","jobs:null,remainder:""passthrough"",threshold:0.3,weights:null,memory:null,axis:0,copy:true,values:""NaN"",strategy:""mean"",verbose:0,copy:true,mean:true,std:true,memory:null,copy:true,value:-1,values:NaN,strategy:""constant"",verbose:0,features:null,categories:null,dtype:float64""},unknown:""ignore"",values:null,sparse:true,threshold:0.0,memory:null,bootstrap:true,weight:null,criterion:""entropy"",depth:null,features:6526376493280295,nodes:null,decrease:0.0,split:null,leaf:3,split:13,leaf:0.0,estimators:100,jobs:null,score:false,state:45494,verbose:0,start:false"
"5970299","sklearn.pipeline.Pipeline(imputation=openmlstudy14.preprocessing.ConditionalImputer,hotencoding=sklearn.preprocessing.data.OneHotEncoder,variencethreshold=sklearn.feature_selection.variance_threshold.VarianceThreshold,classifier=sklearn.ensemble.weight_boosting.AdaBoostClassifier(base_estimator=sklearn.tree.tree.DecisionTreeClassifier))(1)","0.6545","weight:null,criterion:""gini"",depth:9,features:null,nodes:null,split:1e-07,leaf:1,split:2,leaf:0.0,presort:false,state:13310,splitter:""best"",axis:0,features:[],copy:true,empty:0,values:""NaN"",strategy:""most_frequent"",nominal:""most_frequent"",verbose:0,features:[],dtype:float64""},unknown:""ignore"",values:""auto"",sparse:false,threshold:0.0,algorithm:""SAMME"",rate:8856194921910667,estimators:236,state:57049"
"10038328","sklearn.pipeline.Pipeline(columntransformer=sklearn.compose._column_transformer.ColumnTransformer(numeric=sklearn.pipeline.Pipeline(imputer=sklearn.preprocessing.imputation.Imputer,standardscaler=sklearn.preprocessing.data.StandardScaler),nominal=sklearn.pipeline.Pipeline(simpleimputer=sklearn.impute.SimpleImputer,onehotencoder=sklearn.preprocessing._encoders.OneHotEncoder)),variancethreshold=sklearn.feature_selection.variance_threshold.VarianceThreshold,randomforestclassifier=sklearn.ensemble.forest.RandomForestClassifier)(2)","0.6544","jobs:null,remainder:""passthrough"",threshold:0.3,weights:null,memory:null,axis:0,copy:true,values:""NaN"",strategy:""mean"",verbose:0,copy:true,mean:true,std:true,memory:null,copy:true,value:-1,values:NaN,strategy:""constant"",verbose:0,features:null,categories:null,dtype:float64""},unknown:""ignore"",values:null,sparse:true,threshold:0.0,memory:null,bootstrap:false,weight:null,criterion:""gini"",depth:null,features:45787945445344913,nodes:null,decrease:0.0,split:null,leaf:8,split:11,leaf:0.0,estimators:100,jobs:null,score:false,state:23697,verbose:0,start:false"
"10040823","sklearn.pipeline.Pipeline(columntransformer=sklearn.compose._column_transformer.ColumnTransformer(numeric=sklearn.pipeline.Pipeline(imputer=sklearn.preprocessing.imputation.Imputer,standardscaler=sklearn.preprocessing.data.StandardScaler),nominal=sklearn.pipeline.Pipeline(simpleimputer=sklearn.impute.SimpleImputer,onehotencoder=sklearn.preprocessing._encoders.OneHotEncoder)),variancethreshold=sklearn.feature_selection.variance_threshold.VarianceThreshold,randomforestclassifier=sklearn.ensemble.forest.RandomForestClassifier)(2)","0.6543","jobs:null,remainder:""passthrough"",threshold:0.3,weights:null,memory:null,axis:0,copy:true,values:""NaN"",strategy:""median"",verbose:0,copy:true,mean:true,std:true,memory:null,copy:true,value:-1,values:NaN,strategy:""constant"",verbose:0,features:null,categories:null,dtype:float64""},unknown:""ignore"",values:null,sparse:true,threshold:0.0,memory:null,bootstrap:true,weight:null,criterion:""gini"",depth:null,features:7605663781556398,nodes:null,decrease:0.0,split:null,leaf:4,split:5,leaf:0.0,estimators:100,jobs:null,score:false,state:9475,verbose:0,start:false"
"10013609","sklearn.pipeline.Pipeline(columntransformer=sklearn.compose._column_transformer.ColumnTransformer(numeric=sklearn.pipeline.Pipeline(imputer=sklearn.preprocessing.imputation.Imputer,standardscaler=sklearn.preprocessing.data.StandardScaler),nominal=sklearn.pipeline.Pipeline(simpleimputer=sklearn.impute.SimpleImputer,onehotencoder=sklearn.preprocessing._encoders.OneHotEncoder)),variancethreshold=sklearn.feature_selection.variance_threshold.VarianceThreshold,randomforestclassifier=sklearn.ensemble.forest.RandomForestClassifier)(2)","0.6541","jobs:null,remainder:""passthrough"",threshold:0.3,weights:null,memory:null,axis:0,copy:true,values:""NaN"",strategy:""median"",verbose:0,copy:true,mean:true,std:true,memory:null,copy:true,value:-1,values:NaN,strategy:""constant"",verbose:0,features:null,categories:null,dtype:float64""},unknown:""ignore"",values:null,sparse:true,threshold:0.0,memory:null,bootstrap:true,weight:null,criterion:""entropy"",depth:null,features:6759105334743116,nodes:null,decrease:0.0,split:null,leaf:5,split:4,leaf:0.0,estimators:100,jobs:null,score:false,state:58900,verbose:0,start:false"
"10015341","sklearn.pipeline.Pipeline(columntransformer=sklearn.compose._column_transformer.ColumnTransformer(numeric=sklearn.pipeline.Pipeline(imputer=sklearn.preprocessing.imputation.Imputer,standardscaler=sklearn.preprocessing.data.StandardScaler),nominal=sklearn.pipeline.Pipeline(simpleimputer=sklearn.impute.SimpleImputer,onehotencoder=sklearn.preprocessing._encoders.OneHotEncoder)),variancethreshold=sklearn.feature_selection.variance_threshold.VarianceThreshold,randomforestclassifier=sklearn.ensemble.forest.RandomForestClassifier)(2)","0.653","jobs:null,remainder:""passthrough"",threshold:0.3,weights:null,memory:null,axis:0,copy:true,values:""NaN"",strategy:""most_frequent"",verbose:0,copy:true,mean:true,std:true,memory:null,copy:true,value:-1,values:NaN,strategy:""constant"",verbose:0,features:null,categories:null,dtype:float64""},unknown:""ignore"",values:null,sparse:true,threshold:0.0,memory:null,bootstrap:true,weight:null,criterion:""entropy"",depth:null,features:8541810987203746,nodes:null,decrease:0.0,split:null,leaf:5,split:13,leaf:0.0,estimators:100,jobs:null,score:false,state:37011,verbose:0,start:false"
"5979169","sklearn.pipeline.Pipeline(imputation=openmlstudy14.preprocessing.ConditionalImputer,hotencoding=sklearn.preprocessing.data.OneHotEncoder,variencethreshold=sklearn.feature_selection.variance_threshold.VarianceThreshold,classifier=sklearn.ensemble.weight_boosting.AdaBoostClassifier(base_estimator=sklearn.tree.tree.DecisionTreeClassifier))(1)","0.6527","weight:null,criterion:""gini"",depth:9,features:null,nodes:null,split:1e-07,leaf:1,split:2,leaf:0.0,presort:false,state:46296,splitter:""best"",axis:0,features:[],copy:true,empty:0,values:""NaN"",strategy:""mean"",nominal:""most_frequent"",verbose:0,features:[],dtype:float64""},unknown:""ignore"",values:""auto"",sparse:false,threshold:0.0,algorithm:""SAMME.R"",rate:7674929426769236,estimators:489,state:63214"
"10039724","sklearn.pipeline.Pipeline(columntransformer=sklearn.compose._column_transformer.ColumnTransformer(numeric=sklearn.pipeline.Pipeline(imputer=sklearn.preprocessing.imputation.Imputer,standardscaler=sklearn.preprocessing.data.StandardScaler),nominal=sklearn.pipeline.Pipeline(simpleimputer=sklearn.impute.SimpleImputer,onehotencoder=sklearn.preprocessing._encoders.OneHotEncoder)),variancethreshold=sklearn.feature_selection.variance_threshold.VarianceThreshold,randomforestclassifier=sklearn.ensemble.forest.RandomForestClassifier)(2)","0.6524","jobs:null,remainder:""passthrough"",threshold:0.3,weights:null,memory:null,axis:0,copy:true,values:""NaN"",strategy:""most_frequent"",verbose:0,copy:true,mean:true,std:true,memory:null,copy:true,value:-1,values:NaN,strategy:""constant"",verbose:0,features:null,categories:null,dtype:float64""},unknown:""ignore"",values:null,sparse:true,threshold:0.0,memory:null,bootstrap:true,weight:null,criterion:""gini"",depth:null,features:2830579101880297,nodes:null,decrease:0.0,split:null,leaf:3,split:10,leaf:0.0,estimators:100,jobs:null,score:false,state:24012,verbose:0,start:false"
"10026029","sklearn.pipeline.Pipeline(columntransformer=sklearn.compose._column_transformer.ColumnTransformer(numeric=sklearn.pipeline.Pipeline(imputer=sklearn.preprocessing.imputation.Imputer,standardscaler=sklearn.preprocessing.data.StandardScaler),nominal=sklearn.pipeline.Pipeline(simpleimputer=sklearn.impute.SimpleImputer,onehotencoder=sklearn.preprocessing._encoders.OneHotEncoder)),variancethreshold=sklearn.feature_selection.variance_threshold.VarianceThreshold,randomforestclassifier=sklearn.ensemble.forest.RandomForestClassifier)(2)","0.6524","jobs:null,remainder:""passthrough"",threshold:0.3,weights:null,memory:null,axis:0,copy:true,values:""NaN"",strategy:""mean"",verbose:0,copy:true,mean:true,std:true,memory:null,copy:true,value:-1,values:NaN,strategy:""constant"",verbose:0,features:null,categories:null,dtype:float64""},unknown:""ignore"",values:null,sparse:true,threshold:0.0,memory:null,bootstrap:true,weight:null,criterion:""gini"",depth:null,features:3057006880584374,nodes:null,decrease:0.0,split:null,leaf:4,split:4,leaf:0.0,estimators:100,jobs:null,score:false,state:43281,verbose:0,start:false"
"568637","weka.IBk(7)","0.6519","K:1,W:0,A:true"
"1665184","weka.IB1(2)","0.6519",""
"10041770","sklearn.pipeline.Pipeline(columntransformer=sklearn.compose._column_transformer.ColumnTransformer(numeric=sklearn.pipeline.Pipeline(imputer=sklearn.preprocessing.imputation.Imputer,standardscaler=sklearn.preprocessing.data.StandardScaler),nominal=sklearn.pipeline.Pipeline(simpleimputer=sklearn.impute.SimpleImputer,onehotencoder=sklearn.preprocessing._encoders.OneHotEncoder)),variancethreshold=sklearn.feature_selection.variance_threshold.VarianceThreshold,randomforestclassifier=sklearn.ensemble.forest.RandomForestClassifier)(2)","0.6518","jobs:null,remainder:""passthrough"",threshold:0.3,weights:null,memory:null,axis:0,copy:true,values:""NaN"",strategy:""median"",verbose:0,copy:true,mean:true,std:true,memory:null,copy:true,value:-1,values:NaN,strategy:""constant"",verbose:0,features:null,categories:null,dtype:float64""},unknown:""ignore"",values:null,sparse:true,threshold:0.0,memory:null,bootstrap:false,weight:null,criterion:""entropy"",depth:null,features:6891371762086648,nodes:null,decrease:0.0,split:null,leaf:8,split:17,leaf:0.0,estimators:100,jobs:null,score:false,state:12736,verbose:0,start:false"
"10039470","sklearn.pipeline.Pipeline(columntransformer=sklearn.compose._column_transformer.ColumnTransformer(numeric=sklearn.pipeline.Pipeline(imputer=sklearn.preprocessing.imputation.Imputer,standardscaler=sklearn.preprocessing.data.StandardScaler),nominal=sklearn.pipeline.Pipeline(simpleimputer=sklearn.impute.SimpleImputer,onehotencoder=sklearn.preprocessing._encoders.OneHotEncoder)),variancethreshold=sklearn.feature_selection.variance_threshold.VarianceThreshold,randomforestclassifier=sklearn.ensemble.forest.RandomForestClassifier)(2)","0.6517","jobs:null,remainder:""passthrough"",threshold:0.3,weights:null,memory:null,axis:0,copy:true,values:""NaN"",strategy:""mean"",verbose:0,copy:true,mean:true,std:true,memory:null,copy:true,value:-1,values:NaN,strategy:""constant"",verbose:0,features:null,categories:null,dtype:float64""},unknown:""ignore"",values:null,sparse:true,threshold:0.0,memory:null,bootstrap:false,weight:null,criterion:""gini"",depth:null,features:6620076213718645,nodes:null,decrease:0.0,split:null,leaf:7,split:10,leaf:0.0,estimators:100,jobs:null,score:false,state:2106,verbose:0,start:false"
"10037465","sklearn.pipeline.Pipeline(columntransformer=sklearn.compose._column_transformer.ColumnTransformer(numeric=sklearn.pipeline.Pipeline(imputer=sklearn.preprocessing.imputation.Imputer,standardscaler=sklearn.preprocessing.data.StandardScaler),nominal=sklearn.pipeline.Pipeline(simpleimputer=sklearn.impute.SimpleImputer,onehotencoder=sklearn.preprocessing._encoders.OneHotEncoder)),variancethreshold=sklearn.feature_selection.variance_threshold.VarianceThreshold,randomforestclassifier=sklearn.ensemble.forest.RandomForestClassifier)(2)","0.6517","jobs:null,remainder:""passthrough"",threshold:0.3,weights:null,memory:null,axis:0,copy:true,values:""NaN"",strategy:""mean"",verbose:0,copy:true,mean:true,std:true,memory:null,copy:true,value:-1,values:NaN,strategy:""constant"",verbose:0,features:null,categories:null,dtype:float64""},unknown:""ignore"",values:null,sparse:true,threshold:0.0,memory:null,bootstrap:true,weight:null,criterion:""entropy"",depth:null,features:6237281207168507,nodes:null,decrease:0.0,split:null,leaf:4,split:12,leaf:0.0,estimators:100,jobs:null,score:false,state:11315,verbose:0,start:false"
"10036885","sklearn.pipeline.Pipeline(columntransformer=sklearn.compose._column_transformer.ColumnTransformer(numeric=sklearn.pipeline.Pipeline(imputer=sklearn.preprocessing.imputation.Imputer,standardscaler=sklearn.preprocessing.data.StandardScaler),nominal=sklearn.pipeline.Pipeline(simpleimputer=sklearn.impute.SimpleImputer,onehotencoder=sklearn.preprocessing._encoders.OneHotEncoder)),variancethreshold=sklearn.feature_selection.variance_threshold.VarianceThreshold,randomforestclassifier=sklearn.ensemble.forest.RandomForestClassifier)(2)","0.6511","jobs:null,remainder:""passthrough"",threshold:0.3,weights:null,memory:null,axis:0,copy:true,values:""NaN"",strategy:""median"",verbose:0,copy:true,mean:true,std:true,memory:null,copy:true,value:-1,values:NaN,strategy:""constant"",verbose:0,features:null,categories:null,dtype:float64""},unknown:""ignore"",values:null,sparse:true,threshold:0.0,memory:null,bootstrap:false,weight:null,criterion:""gini"",depth:null,features:3041038078365591,nodes:null,decrease:0.0,split:null,leaf:8,split:19,leaf:0.0,estimators:100,jobs:null,score:false,state:40824,verbose:0,start:false"
"10033484","sklearn.pipeline.Pipeline(columntransformer=sklearn.compose._column_transformer.ColumnTransformer(numeric=sklearn.pipeline.Pipeline(imputer=sklearn.preprocessing.imputation.Imputer,standardscaler=sklearn.preprocessing.data.StandardScaler),nominal=sklearn.pipeline.Pipeline(simpleimputer=sklearn.impute.SimpleImputer,onehotencoder=sklearn.preprocessing._encoders.OneHotEncoder)),variancethreshold=sklearn.feature_selection.variance_threshold.VarianceThreshold,randomforestclassifier=sklearn.ensemble.forest.RandomForestClassifier)(2)","0.651","jobs:null,remainder:""passthrough"",threshold:0.3,weights:null,memory:null,axis:0,copy:true,values:""NaN"",strategy:""mean"",verbose:0,copy:true,mean:true,std:true,memory:null,copy:true,value:-1,values:NaN,strategy:""constant"",verbose:0,features:null,categories:null,dtype:float64""},unknown:""ignore"",values:null,sparse:true,threshold:0.0,memory:null,bootstrap:true,weight:null,criterion:""gini"",depth:null,features:9588552277789596,nodes:null,decrease:0.0,split:null,leaf:1,split:14,leaf:0.0,estimators:100,jobs:null,score:false,state:31321,verbose:0,start:false"
"1874938","sklearn.pipeline.Pipeline(imputer=sklearn.preprocessing.imputation.Imputer,pca=sklearn.decomposition.pca.PCA,randomforestclassifier=sklearn.ensemble.forest.RandomForestClassifier)(1)","0.651","bootstrap:True,weight:None,criterion:gini,depth:None,features:auto,nodes:None,split:0.01,leaf:1,split:2,leaf:0.0,estimators:500,jobs:-1,score:False,state:None,verbose:0,start:False,axis:0,copy:True,values:NaN,strategy:median,verbose:0,copy:True,power:auto,components:None,state:None,solver:auto,tol:0.0,whiten:False,steps:0,
            n_estimators=500, n_jobs=-1, oob_score=False,
            random_state=None, verbose=0, warm_start=False))]"
"10024133","sklearn.pipeline.Pipeline(columntransformer=sklearn.compose._column_transformer.ColumnTransformer(numeric=sklearn.pipeline.Pipeline(imputer=sklearn.preprocessing.imputation.Imputer,standardscaler=sklearn.preprocessing.data.StandardScaler),nominal=sklearn.pipeline.Pipeline(simpleimputer=sklearn.impute.SimpleImputer,onehotencoder=sklearn.preprocessing._encoders.OneHotEncoder)),variancethreshold=sklearn.feature_selection.variance_threshold.VarianceThreshold,randomforestclassifier=sklearn.ensemble.forest.RandomForestClassifier)(2)","0.6509","jobs:null,remainder:""passthrough"",threshold:0.3,weights:null,memory:null,axis:0,copy:true,values:""NaN"",strategy:""mean"",verbose:0,copy:true,mean:true,std:true,memory:null,copy:true,value:-1,values:NaN,strategy:""constant"",verbose:0,features:null,categories:null,dtype:float64""},unknown:""ignore"",values:null,sparse:true,threshold:0.0,memory:null,bootstrap:false,weight:null,criterion:""gini"",depth:null,features:422879620638004,nodes:null,decrease:0.0,split:null,leaf:9,split:4,leaf:0.0,estimators:100,jobs:null,score:false,state:35238,verbose:0,start:false"
"6020356","sklearn.pipeline.Pipeline(imputation=openmlstudy14.preprocessing.ConditionalImputer,hotencoding=sklearn.preprocessing.data.OneHotEncoder,variencethreshold=sklearn.feature_selection.variance_threshold.VarianceThreshold,classifier=sklearn.ensemble.weight_boosting.AdaBoostClassifier(base_estimator=sklearn.tree.tree.DecisionTreeClassifier))(1)","0.6505","weight:null,criterion:""gini"",depth:10,features:null,nodes:null,split:1e-07,leaf:1,split:2,leaf:0.0,presort:false,state:29236,splitter:""best"",axis:0,features:[],copy:true,empty:0,values:""NaN"",strategy:""mean"",nominal:""most_frequent"",verbose:0,features:[],dtype:float64""},unknown:""ignore"",values:""auto"",sparse:false,threshold:0.0,algorithm:""SAMME.R"",rate:6684353135461963,estimators:321,state:33224"
"10018854","sklearn.pipeline.Pipeline(columntransformer=sklearn.compose._column_transformer.ColumnTransformer(numeric=sklearn.pipeline.Pipeline(imputer=sklearn.preprocessing.imputation.Imputer,standardscaler=sklearn.preprocessing.data.StandardScaler),nominal=sklearn.pipeline.Pipeline(simpleimputer=sklearn.impute.SimpleImputer,onehotencoder=sklearn.preprocessing._encoders.OneHotEncoder)),variancethreshold=sklearn.feature_selection.variance_threshold.VarianceThreshold,randomforestclassifier=sklearn.ensemble.forest.RandomForestClassifier)(2)","0.6505","jobs:null,remainder:""passthrough"",threshold:0.3,weights:null,memory:null,axis:0,copy:true,values:""NaN"",strategy:""median"",verbose:0,copy:true,mean:true,std:true,memory:null,copy:true,value:-1,values:NaN,strategy:""constant"",verbose:0,features:null,categories:null,dtype:float64""},unknown:""ignore"",values:null,sparse:true,threshold:0.0,memory:null,bootstrap:false,weight:null,criterion:""entropy"",depth:null,features:10298740867245837,nodes:null,decrease:0.0,split:null,leaf:1,split:20,leaf:0.0,estimators:100,jobs:null,score:false,state:56445,verbose:0,start:false"
"10031468","sklearn.pipeline.Pipeline(columntransformer=sklearn.compose._column_transformer.ColumnTransformer(numeric=sklearn.pipeline.Pipeline(imputer=sklearn.preprocessing.imputation.Imputer,standardscaler=sklearn.preprocessing.data.StandardScaler),nominal=sklearn.pipeline.Pipeline(simpleimputer=sklearn.impute.SimpleImputer,onehotencoder=sklearn.preprocessing._encoders.OneHotEncoder)),variancethreshold=sklearn.feature_selection.variance_threshold.VarianceThreshold,randomforestclassifier=sklearn.ensemble.forest.RandomForestClassifier)(2)","0.6504","jobs:null,remainder:""passthrough"",threshold:0.3,weights:null,memory:null,axis:0,copy:true,values:""NaN"",strategy:""median"",verbose:0,copy:true,mean:true,std:true,memory:null,copy:true,value:-1,values:NaN,strategy:""constant"",verbose:0,features:null,categories:null,dtype:float64""},unknown:""ignore"",values:null,sparse:true,threshold:0.0,memory:null,bootstrap:false,weight:null,criterion:""entropy"",depth:null,features:7523414243596285,nodes:null,decrease:0.0,split:null,leaf:7,split:11,leaf:0.0,estimators:100,jobs:null,score:false,state:23195,verbose:0,start:false"
"5980411","sklearn.pipeline.Pipeline(imputation=openmlstudy14.preprocessing.ConditionalImputer,hotencoding=sklearn.preprocessing.data.OneHotEncoder,variencethreshold=sklearn.feature_selection.variance_threshold.VarianceThreshold,classifier=sklearn.ensemble.weight_boosting.AdaBoostClassifier(base_estimator=sklearn.tree.tree.DecisionTreeClassifier))(1)","0.6503","weight:null,criterion:""gini"",depth:9,features:null,nodes:null,split:1e-07,leaf:1,split:2,leaf:0.0,presort:false,state:9181,splitter:""best"",axis:0,features:[],copy:true,empty:0,values:""NaN"",strategy:""median"",nominal:""most_frequent"",verbose:0,features:[],dtype:float64""},unknown:""ignore"",values:""auto"",sparse:false,threshold:0.0,algorithm:""SAMME"",rate:07315046316787673,estimators:68,state:19060"
"1761291","weka.RandomCommittee_RandomTree(4)","0.6501","K:0,M:1.0,V:0.001,S:1,S:1,num-slots:1,I:10,W:RandomTree"
"10044464","sklearn.pipeline.Pipeline(columntransformer=sklearn.compose._column_transformer.ColumnTransformer(numeric=sklearn.pipeline.Pipeline(imputer=sklearn.preprocessing.imputation.Imputer,standardscaler=sklearn.preprocessing.data.StandardScaler),nominal=sklearn.pipeline.Pipeline(simpleimputer=sklearn.impute.SimpleImputer,onehotencoder=sklearn.preprocessing._encoders.OneHotEncoder)),variancethreshold=sklearn.feature_selection.variance_threshold.VarianceThreshold,randomforestclassifier=sklearn.ensemble.forest.RandomForestClassifier)(2)","0.65","jobs:null,remainder:""passthrough"",threshold:0.3,weights:null,memory:null,axis:0,copy:true,values:""NaN"",strategy:""mean"",verbose:0,copy:true,mean:true,std:true,memory:null,copy:true,value:-1,values:NaN,strategy:""constant"",verbose:0,features:null,categories:null,dtype:float64""},unknown:""ignore"",values:null,sparse:true,threshold:0.0,memory:null,bootstrap:false,weight:null,criterion:""gini"",depth:null,features:4355218648702567,nodes:null,decrease:0.0,split:null,leaf:9,split:14,leaf:0.0,estimators:100,jobs:null,score:false,state:60670,verbose:0,start:false"
"6067770","openmlpimp.sklearn.beam_search.BeamSearchCV(estimator=sklearn.pipeline.Pipeline(imputation=openmlstudy14.preprocessing.ConditionalImputer,hotencoding=sklearn.preprocessing.data.OneHotEncoder,variencethreshold=sklearn.feature_selection.variance_threshold.VarianceThreshold,classifier=sklearn.ensemble.forest.RandomForestClassifier))(1)","0.65","bootstrap:true,weight:null,criterion:""gini"",depth:null,features:""auto"",nodes:null,split:1e-07,leaf:1,split:2,leaf:0.0,estimators:10,jobs:1,score:false,state:1,verbose:0,start:false,axis:0,features:[],copy:true,empty:0,values:""NaN"",strategy:""median"",nominal:""most_frequent"",verbose:0,features:[],dtype:float64""},unknown:""ignore"",values:""auto"",sparse:true,threshold:0.0,width:1,cv:null,score:""raise"",params:{},iid:true,jobs:1,distributions:9], ""classifier__min_samples_leaf"": [1, 2, 3, 4, 5, 6, 7, 8, 9, 10, 11, 12, 13, 14, 15, 16, 17, 18, 19, 20]},dispatch:""2*n_jobs"",refit:true,scoring:_passthrough_scorer""},verbose:0"
"6122482","sklearn.model_selection._search.RandomizedSearchCV(estimator=sklearn.pipeline.Pipeline(imputation=openmlstudy14.preprocessing.ConditionalImputer,hotencoding=sklearn.preprocessing.data.OneHotEncoder,variencethreshold=sklearn.feature_selection.variance_threshold.VarianceThreshold,classifier=sklearn.ensemble.forest.RandomForestClassifier))(1)","0.6497","bootstrap:true,weight:null,criterion:""gini"",depth:null,features:""auto"",nodes:null,split:1e-07,leaf:1,split:2,leaf:0.0,estimators:10,jobs:1,score:false,state:1,verbose:0,start:false,axis:0,features:[],copy:true,empty:0,values:""NaN"",strategy:""median"",nominal:""most_frequent"",verbose:0,features:[],dtype:float64""},unknown:""ignore"",values:""auto"",sparse:true,threshold:0.0,cv:null,score:""raise"",params:{},iid:true,iter:50,jobs:1,distributions:9], ""classifier__bootstrap"": [true, false], ""classifier__min_samples_split"": [2, 3, 4, 5, 6, 7, 8, 9, 10, 11, 12, 13, 14, 15, 16, 17, 18, 19, 20], ""classifier__criterion"": [""gini"", ""entropy""], ""imputation__strategy"": [""mean"", ""median"", ""most_frequent""]},dispatch:""2*n_jobs"",state:3059,refit:true,score:true,scoring:null,verbose:0"
"10034064","sklearn.pipeline.Pipeline(columntransformer=sklearn.compose._column_transformer.ColumnTransformer(numeric=sklearn.pipeline.Pipeline(imputer=sklearn.preprocessing.imputation.Imputer,standardscaler=sklearn.preprocessing.data.StandardScaler),nominal=sklearn.pipeline.Pipeline(simpleimputer=sklearn.impute.SimpleImputer,onehotencoder=sklearn.preprocessing._encoders.OneHotEncoder)),variancethreshold=sklearn.feature_selection.variance_threshold.VarianceThreshold,randomforestclassifier=sklearn.ensemble.forest.RandomForestClassifier)(2)","0.6493","jobs:null,remainder:""passthrough"",threshold:0.3,weights:null,memory:null,axis:0,copy:true,values:""NaN"",strategy:""mean"",verbose:0,copy:true,mean:true,std:true,memory:null,copy:true,value:-1,values:NaN,strategy:""constant"",verbose:0,features:null,categories:null,dtype:float64""},unknown:""ignore"",values:null,sparse:true,threshold:0.0,memory:null,bootstrap:false,weight:null,criterion:""entropy"",depth:null,features:8082130329826533,nodes:null,decrease:0.0,split:null,leaf:6,split:4,leaf:0.0,estimators:100,jobs:null,score:false,state:7082,verbose:0,start:false"
"1874935","sklearn.pipeline.Pipeline(imputer=sklearn.preprocessing.imputation.Imputer,pca=sklearn.decomposition.pca.PCA,randomforestclassifier=sklearn.ensemble.forest.RandomForestClassifier)(1)","0.6493","bootstrap:True,weight:None,criterion:gini,depth:None,features:auto,nodes:None,split:1e-05,leaf:1,split:2,leaf:0.0,estimators:500,jobs:-1,score:False,state:None,verbose:0,start:False,axis:0,copy:True,values:NaN,strategy:median,verbose:0,copy:True,power:auto,components:None,state:None,solver:auto,tol:0.0,whiten:False,steps:0,
            n_estimators=500, n_jobs=-1, oob_score=False,
            random_state=None, verbose=0, warm_start=False))]"
"10027980","sklearn.pipeline.Pipeline(columntransformer=sklearn.compose._column_transformer.ColumnTransformer(numeric=sklearn.pipeline.Pipeline(imputer=sklearn.preprocessing.imputation.Imputer,standardscaler=sklearn.preprocessing.data.StandardScaler),nominal=sklearn.pipeline.Pipeline(simpleimputer=sklearn.impute.SimpleImputer,onehotencoder=sklearn.preprocessing._encoders.OneHotEncoder)),variancethreshold=sklearn.feature_selection.variance_threshold.VarianceThreshold,randomforestclassifier=sklearn.ensemble.forest.RandomForestClassifier)(2)","0.6491","jobs:null,remainder:""passthrough"",threshold:0.3,weights:null,memory:null,axis:0,copy:true,values:""NaN"",strategy:""median"",verbose:0,copy:true,mean:true,std:true,memory:null,copy:true,value:-1,values:NaN,strategy:""constant"",verbose:0,features:null,categories:null,dtype:float64""},unknown:""ignore"",values:null,sparse:true,threshold:0.0,memory:null,bootstrap:false,weight:null,criterion:""gini"",depth:null,features:5648139478397888,nodes:null,decrease:0.0,split:null,leaf:9,split:4,leaf:0.0,estimators:100,jobs:null,score:false,state:63865,verbose:0,start:false"
"5997058","sklearn.pipeline.Pipeline(imputation=openmlstudy14.preprocessing.ConditionalImputer,hotencoding=sklearn.preprocessing.data.OneHotEncoder,variencethreshold=sklearn.feature_selection.variance_threshold.VarianceThreshold,classifier=sklearn.ensemble.weight_boosting.AdaBoostClassifier(base_estimator=sklearn.tree.tree.DecisionTreeClassifier))(1)","0.649","weight:null,criterion:""gini"",depth:10,features:null,nodes:null,split:1e-07,leaf:1,split:2,leaf:0.0,presort:false,state:2164,splitter:""best"",axis:0,features:[],copy:true,empty:0,values:""NaN"",strategy:""most_frequent"",nominal:""most_frequent"",verbose:0,features:[],dtype:float64""},unknown:""ignore"",values:""auto"",sparse:false,threshold:0.0,algorithm:""SAMME"",rate:04327742931434806,estimators:84,state:53496"
"5997971","sklearn.pipeline.Pipeline(imputation=openmlstudy14.preprocessing.ConditionalImputer,hotencoding=sklearn.preprocessing.data.OneHotEncoder,variencethreshold=sklearn.feature_selection.variance_threshold.VarianceThreshold,classifier=sklearn.ensemble.weight_boosting.AdaBoostClassifier(base_estimator=sklearn.tree.tree.DecisionTreeClassifier))(1)","0.649","weight:null,criterion:""gini"",depth:10,features:null,nodes:null,split:1e-07,leaf:1,split:2,leaf:0.0,presort:false,state:31086,splitter:""best"",axis:0,features:[],copy:true,empty:0,values:""NaN"",strategy:""mean"",nominal:""most_frequent"",verbose:0,features:[],dtype:float64""},unknown:""ignore"",values:""auto"",sparse:false,threshold:0.0,algorithm:""SAMME.R"",rate:517220532067966,estimators:417,state:45584"
"5975015","sklearn.pipeline.Pipeline(imputation=openmlstudy14.preprocessing.ConditionalImputer,hotencoding=sklearn.preprocessing.data.OneHotEncoder,variencethreshold=sklearn.feature_selection.variance_threshold.VarianceThreshold,classifier=sklearn.ensemble.weight_boosting.AdaBoostClassifier(base_estimator=sklearn.tree.tree.DecisionTreeClassifier))(1)","0.6488","weight:null,criterion:""gini"",depth:8,features:null,nodes:null,split:1e-07,leaf:1,split:2,leaf:0.0,presort:false,state:62657,splitter:""best"",axis:0,features:[],copy:true,empty:0,values:""NaN"",strategy:""mean"",nominal:""most_frequent"",verbose:0,features:[],dtype:float64""},unknown:""ignore"",values:""auto"",sparse:false,threshold:0.0,algorithm:""SAMME"",rate:05137284683383676,estimators:184,state:46001"
"1874934","sklearn.pipeline.Pipeline(imputer=sklearn.preprocessing.imputation.Imputer,pca=sklearn.decomposition.pca.PCA,randomforestclassifier=sklearn.ensemble.forest.RandomForestClassifier)(1)","0.6488","bootstrap:True,weight:None,criterion:gini,depth:None,features:auto,nodes:None,split:1e-06,leaf:1,split:2,leaf:0.0,estimators:500,jobs:-1,score:False,state:None,verbose:0,start:False,axis:0,copy:True,values:NaN,strategy:median,verbose:0,copy:True,power:auto,components:None,state:None,solver:auto,tol:0.0,whiten:False,steps:0,
            n_estimators=500, n_jobs=-1, oob_score=False,
            random_state=None, verbose=0, warm_start=False))]"
"5967234","sklearn.pipeline.Pipeline(imputation=openmlstudy14.preprocessing.ConditionalImputer,hotencoding=sklearn.preprocessing.data.OneHotEncoder,variencethreshold=sklearn.feature_selection.variance_threshold.VarianceThreshold,classifier=sklearn.ensemble.weight_boosting.AdaBoostClassifier(base_estimator=sklearn.tree.tree.DecisionTreeClassifier))(1)","0.6486","weight:null,criterion:""gini"",depth:7,features:null,nodes:null,split:1e-07,leaf:1,split:2,leaf:0.0,presort:false,state:59681,splitter:""best"",axis:0,features:[],copy:true,empty:0,values:""NaN"",strategy:""most_frequent"",nominal:""most_frequent"",verbose:0,features:[],dtype:float64""},unknown:""ignore"",values:""auto"",sparse:false,threshold:0.0,algorithm:""SAMME"",rate:11495809506652724,estimators:206,state:40305"
"1664627","weka.A2DE(5)","0.6483","F:1,M:1.0"
"1674498","weka.Bagging_IBk(3)","0.6483","K:1,W:0,A:true,P:100,S:1,num-slots:1,I:10,W:IBk"
"6130621","sklearn.model_selection._search.RandomizedSearchCV(estimator=sklearn.pipeline.Pipeline(imputation=openmlstudy14.preprocessing.ConditionalImputer,hotencoding=sklearn.preprocessing.data.OneHotEncoder,variencethreshold=sklearn.feature_selection.variance_threshold.VarianceThreshold,classifier=sklearn.ensemble.forest.RandomForestClassifier))(1)","0.6482","bootstrap:false,weight:null,criterion:""gini"",depth:null,features:""auto"",nodes:null,split:1e-07,leaf:2,split:2,leaf:0.0,estimators:10,jobs:1,score:false,state:1,verbose:0,start:false,axis:0,features:[],copy:true,empty:0,values:""NaN"",strategy:""median"",nominal:""most_frequent"",verbose:0,features:[],dtype:float64""},unknown:""ignore"",values:""auto"",sparse:true,threshold:0.0,cv:null,score:""raise"",params:{},iid:true,iter:50,jobs:1,distributions:9], ""classifier__bootstrap"": [true, false], ""classifier__min_samples_split"": [2, 3, 4, 5, 6, 7, 8, 9, 10, 11, 12, 13, 14, 15, 16, 17, 18, 19, 20], ""classifier__criterion"": [""gini"", ""entropy""], ""imputation__strategy"": [""mean"", ""median"", ""most_frequent""]},dispatch:""2*n_jobs"",state:1,refit:true,score:true,scoring:null,verbose:0"
"1874936","sklearn.pipeline.Pipeline(imputer=sklearn.preprocessing.imputation.Imputer,pca=sklearn.decomposition.pca.PCA,randomforestclassifier=sklearn.ensemble.forest.RandomForestClassifier)(1)","0.6481","bootstrap:True,weight:None,criterion:gini,depth:None,features:auto,nodes:None,split:0.0001,leaf:1,split:2,leaf:0.0,estimators:500,jobs:-1,score:False,state:None,verbose:0,start:False,axis:0,copy:True,values:NaN,strategy:median,verbose:0,copy:True,power:auto,components:None,state:None,solver:auto,tol:0.0,whiten:False,steps:0,
            n_estimators=500, n_jobs=-1, oob_score=False,
            random_state=None, verbose=0, warm_start=False))]"
"10018816","sklearn.pipeline.Pipeline(columntransformer=sklearn.compose._column_transformer.ColumnTransformer(numeric=sklearn.pipeline.Pipeline(imputer=sklearn.preprocessing.imputation.Imputer,standardscaler=sklearn.preprocessing.data.StandardScaler),nominal=sklearn.pipeline.Pipeline(simpleimputer=sklearn.impute.SimpleImputer,onehotencoder=sklearn.preprocessing._encoders.OneHotEncoder)),variancethreshold=sklearn.feature_selection.variance_threshold.VarianceThreshold,randomforestclassifier=sklearn.ensemble.forest.RandomForestClassifier)(2)","0.6479","jobs:null,remainder:""passthrough"",threshold:0.3,weights:null,memory:null,axis:0,copy:true,values:""NaN"",strategy:""mean"",verbose:0,copy:true,mean:true,std:true,memory:null,copy:true,value:-1,values:NaN,strategy:""constant"",verbose:0,features:null,categories:null,dtype:float64""},unknown:""ignore"",values:null,sparse:true,threshold:0.0,memory:null,bootstrap:true,weight:null,criterion:""entropy"",depth:null,features:5133003412452439,nodes:null,decrease:0.0,split:null,leaf:2,split:16,leaf:0.0,estimators:100,jobs:null,score:false,state:48733,verbose:0,start:false"
"10017967","sklearn.pipeline.Pipeline(columntransformer=sklearn.compose._column_transformer.ColumnTransformer(numeric=sklearn.pipeline.Pipeline(imputer=sklearn.preprocessing.imputation.Imputer,standardscaler=sklearn.preprocessing.data.StandardScaler),nominal=sklearn.pipeline.Pipeline(simpleimputer=sklearn.impute.SimpleImputer,onehotencoder=sklearn.preprocessing._encoders.OneHotEncoder)),variancethreshold=sklearn.feature_selection.variance_threshold.VarianceThreshold,randomforestclassifier=sklearn.ensemble.forest.RandomForestClassifier)(2)","0.6478","jobs:null,remainder:""passthrough"",threshold:0.3,weights:null,memory:null,axis:0,copy:true,values:""NaN"",strategy:""most_frequent"",verbose:0,copy:true,mean:true,std:true,memory:null,copy:true,value:-1,values:NaN,strategy:""constant"",verbose:0,features:null,categories:null,dtype:float64""},unknown:""ignore"",values:null,sparse:true,threshold:0.0,memory:null,bootstrap:false,weight:null,criterion:""entropy"",depth:null,features:4664569646513136,nodes:null,decrease:0.0,split:null,leaf:12,split:4,leaf:0.0,estimators:100,jobs:null,score:false,state:10199,verbose:0,start:false"
"1874932","sklearn.pipeline.Pipeline(imputer=sklearn.preprocessing.imputation.Imputer,pca=sklearn.decomposition.pca.PCA,randomforestclassifier=sklearn.ensemble.forest.RandomForestClassifier)(1)","0.6478","bootstrap:True,weight:None,criterion:gini,depth:None,features:auto,nodes:None,split:1e-09,leaf:1,split:2,leaf:0.0,estimators:500,jobs:-1,score:False,state:None,verbose:0,start:False,axis:0,copy:True,values:NaN,strategy:median,verbose:0,copy:True,power:auto,components:None,state:None,solver:auto,tol:0.0,whiten:False,steps:0,
            n_estimators=500, n_jobs=-1, oob_score=False,
            random_state=None, verbose=0, warm_start=False))]"
"5974161","sklearn.pipeline.Pipeline(imputation=openmlstudy14.preprocessing.ConditionalImputer,hotencoding=sklearn.preprocessing.data.OneHotEncoder,variencethreshold=sklearn.feature_selection.variance_threshold.VarianceThreshold,classifier=sklearn.ensemble.weight_boosting.AdaBoostClassifier(base_estimator=sklearn.tree.tree.DecisionTreeClassifier))(1)","0.6477","weight:null,criterion:""gini"",depth:10,features:null,nodes:null,split:1e-07,leaf:1,split:2,leaf:0.0,presort:false,state:33605,splitter:""best"",axis:0,features:[],copy:true,empty:0,values:""NaN"",strategy:""median"",nominal:""most_frequent"",verbose:0,features:[],dtype:float64""},unknown:""ignore"",values:""auto"",sparse:false,threshold:0.0,algorithm:""SAMME.R"",rate:39459624561257933,estimators:489,state:18933"
"6122702","sklearn.model_selection._search.RandomizedSearchCV(estimator=sklearn.pipeline.Pipeline(imputation=openmlstudy14.preprocessing.ConditionalImputer,hotencoding=sklearn.preprocessing.data.OneHotEncoder,variencethreshold=sklearn.feature_selection.variance_threshold.VarianceThreshold,classifier=sklearn.ensemble.forest.RandomForestClassifier))(1)","0.6477","bootstrap:true,weight:null,criterion:""gini"",depth:null,features:""auto"",nodes:null,split:1e-07,leaf:1,split:2,leaf:0.0,estimators:10,jobs:1,score:false,state:1,verbose:0,start:false,axis:0,features:[],copy:true,empty:0,values:""NaN"",strategy:""median"",nominal:""most_frequent"",verbose:0,features:[],dtype:float64""},unknown:""ignore"",values:""auto"",sparse:true,threshold:0.0,cv:null,score:""raise"",params:{},iid:true,iter:50,jobs:1,distributions:9], ""classifier__bootstrap"": [true, false], ""classifier__criterion"": [""gini"", ""entropy""], ""imputation__strategy"": [""mean"", ""median"", ""most_frequent""]},dispatch:""2*n_jobs"",state:35187,refit:true,score:true,scoring:null,verbose:0"
"6122086","sklearn.model_selection._search.RandomizedSearchCV(estimator=sklearn.pipeline.Pipeline(imputation=openmlstudy14.preprocessing.ConditionalImputer,hotencoding=sklearn.preprocessing.data.OneHotEncoder,variencethreshold=sklearn.feature_selection.variance_threshold.VarianceThreshold,classifier=sklearn.ensemble.forest.RandomForestClassifier))(1)","0.6477","bootstrap:true,weight:null,criterion:""gini"",depth:null,features:""auto"",nodes:null,split:1e-07,leaf:1,split:2,leaf:0.0,estimators:10,jobs:1,score:false,state:1,verbose:0,start:false,axis:0,features:[],copy:true,empty:0,values:""NaN"",strategy:""median"",nominal:""most_frequent"",verbose:0,features:[],dtype:float64""},unknown:""ignore"",values:""auto"",sparse:true,threshold:0.0,cv:null,score:""raise"",params:{},iid:true,iter:50,jobs:1,distributions:9], ""classifier__bootstrap"": [true, false], ""classifier__min_samples_split"": [2, 3, 4, 5, 6, 7, 8, 9, 10, 11, 12, 13, 14, 15, 16, 17, 18, 19, 20], ""classifier__criterion"": [""gini"", ""entropy""], ""imputation__strategy"": [""mean"", ""median"", ""most_frequent""]},dispatch:""2*n_jobs"",state:2755,refit:true,score:true,scoring:null,verbose:0"
"10030009","sklearn.pipeline.Pipeline(columntransformer=sklearn.compose._column_transformer.ColumnTransformer(numeric=sklearn.pipeline.Pipeline(imputer=sklearn.preprocessing.imputation.Imputer,standardscaler=sklearn.preprocessing.data.StandardScaler),nominal=sklearn.pipeline.Pipeline(simpleimputer=sklearn.impute.SimpleImputer,onehotencoder=sklearn.preprocessing._encoders.OneHotEncoder)),variancethreshold=sklearn.feature_selection.variance_threshold.VarianceThreshold,randomforestclassifier=sklearn.ensemble.forest.RandomForestClassifier)(2)","0.6476","jobs:null,remainder:""passthrough"",threshold:0.3,weights:null,memory:null,axis:0,copy:true,values:""NaN"",strategy:""most_frequent"",verbose:0,copy:true,mean:true,std:true,memory:null,copy:true,value:-1,values:NaN,strategy:""constant"",verbose:0,features:null,categories:null,dtype:float64""},unknown:""ignore"",values:null,sparse:true,threshold:0.0,memory:null,bootstrap:true,weight:null,criterion:""gini"",depth:null,features:7110200942936193,nodes:null,decrease:0.0,split:null,leaf:5,split:9,leaf:0.0,estimators:100,jobs:null,score:false,state:59190,verbose:0,start:false"
"5997064","sklearn.pipeline.Pipeline(imputation=openmlstudy14.preprocessing.ConditionalImputer,hotencoding=sklearn.preprocessing.data.OneHotEncoder,variencethreshold=sklearn.feature_selection.variance_threshold.VarianceThreshold,classifier=sklearn.ensemble.weight_boosting.AdaBoostClassifier(base_estimator=sklearn.tree.tree.DecisionTreeClassifier))(1)","0.6474","weight:null,criterion:""gini"",depth:10,features:null,nodes:null,split:1e-07,leaf:1,split:2,leaf:0.0,presort:false,state:26373,splitter:""best"",axis:0,features:[],copy:true,empty:0,values:""NaN"",strategy:""median"",nominal:""most_frequent"",verbose:0,features:[],dtype:float64""},unknown:""ignore"",values:""auto"",sparse:false,threshold:0.0,algorithm:""SAMME.R"",rate:7631865746589301,estimators:421,state:49805"
"1874939","sklearn.pipeline.Pipeline(imputer=sklearn.preprocessing.imputation.Imputer,pca=sklearn.decomposition.pca.PCA,randomforestclassifier=sklearn.ensemble.forest.RandomForestClassifier)(1)","0.6471","bootstrap:True,weight:None,criterion:gini,depth:None,features:auto,nodes:None,split:0.1,leaf:1,split:2,leaf:0.0,estimators:500,jobs:-1,score:False,state:None,verbose:0,start:False,axis:0,copy:True,values:NaN,strategy:median,verbose:0,copy:True,power:auto,components:None,state:None,solver:auto,tol:0.0,whiten:False,steps:0,
            n_estimators=500, n_jobs=-1, oob_score=False,
            random_state=None, verbose=0, warm_start=False))]"
"6006249","sklearn.pipeline.Pipeline(imputation=openmlstudy14.preprocessing.ConditionalImputer,hotencoding=sklearn.preprocessing.data.OneHotEncoder,variencethreshold=sklearn.feature_selection.variance_threshold.VarianceThreshold,classifier=sklearn.ensemble.weight_boosting.AdaBoostClassifier(base_estimator=sklearn.tree.tree.DecisionTreeClassifier))(1)","0.647","weight:null,criterion:""gini"",depth:10,features:null,nodes:null,split:1e-07,leaf:1,split:2,leaf:0.0,presort:false,state:52137,splitter:""best"",axis:0,features:[],copy:true,empty:0,values:""NaN"",strategy:""mean"",nominal:""most_frequent"",verbose:0,features:[],dtype:float64""},unknown:""ignore"",values:""auto"",sparse:false,threshold:0.0,algorithm:""SAMME"",rate:022734831234112386,estimators:115,state:8883"
"6122719","sklearn.model_selection._search.RandomizedSearchCV(estimator=sklearn.pipeline.Pipeline(imputation=openmlstudy14.preprocessing.ConditionalImputer,hotencoding=sklearn.preprocessing.data.OneHotEncoder,variencethreshold=sklearn.feature_selection.variance_threshold.VarianceThreshold,classifier=sklearn.ensemble.forest.RandomForestClassifier))(1)","0.6469","bootstrap:true,weight:null,criterion:""gini"",depth:null,features:""auto"",nodes:null,split:1e-07,leaf:1,split:2,leaf:0.0,estimators:10,jobs:1,score:false,state:1,verbose:0,start:false,axis:0,features:[],copy:true,empty:0,values:""NaN"",strategy:""median"",nominal:""most_frequent"",verbose:0,features:[],dtype:float64""},unknown:""ignore"",values:""auto"",sparse:true,threshold:0.0,cv:null,score:""raise"",params:{},iid:true,iter:50,jobs:1,distributions:9], ""classifier__bootstrap"": [true, false], ""classifier__criterion"": [""gini"", ""entropy""], ""imputation__strategy"": [""mean"", ""median"", ""most_frequent""]},dispatch:""2*n_jobs"",state:29731,refit:true,score:true,scoring:null,verbose:0"
"6020005","sklearn.pipeline.Pipeline(imputation=openmlstudy14.preprocessing.ConditionalImputer,hotencoding=sklearn.preprocessing.data.OneHotEncoder,variencethreshold=sklearn.feature_selection.variance_threshold.VarianceThreshold,classifier=sklearn.ensemble.weight_boosting.AdaBoostClassifier(base_estimator=sklearn.tree.tree.DecisionTreeClassifier))(1)","0.6468","weight:null,criterion:""gini"",depth:10,features:null,nodes:null,split:1e-07,leaf:1,split:2,leaf:0.0,presort:false,state:48172,splitter:""best"",axis:0,features:[],copy:true,empty:0,values:""NaN"",strategy:""most_frequent"",nominal:""most_frequent"",verbose:0,features:[],dtype:float64""},unknown:""ignore"",values:""auto"",sparse:false,threshold:0.0,algorithm:""SAMME.R"",rate:34612684815812533,estimators:490,state:54363"
"10018757","sklearn.pipeline.Pipeline(columntransformer=sklearn.compose._column_transformer.ColumnTransformer(numeric=sklearn.pipeline.Pipeline(imputer=sklearn.preprocessing.imputation.Imputer,standardscaler=sklearn.preprocessing.data.StandardScaler),nominal=sklearn.pipeline.Pipeline(simpleimputer=sklearn.impute.SimpleImputer,onehotencoder=sklearn.preprocessing._encoders.OneHotEncoder)),variancethreshold=sklearn.feature_selection.variance_threshold.VarianceThreshold,randomforestclassifier=sklearn.ensemble.forest.RandomForestClassifier)(2)","0.6468","jobs:null,remainder:""passthrough"",threshold:0.3,weights:null,memory:null,axis:0,copy:true,values:""NaN"",strategy:""median"",verbose:0,copy:true,mean:true,std:true,memory:null,copy:true,value:-1,values:NaN,strategy:""constant"",verbose:0,features:null,categories:null,dtype:float64""},unknown:""ignore"",values:null,sparse:true,threshold:0.0,memory:null,bootstrap:true,weight:null,criterion:""entropy"",depth:null,features:8756332030019308,nodes:null,decrease:0.0,split:null,leaf:7,split:14,leaf:0.0,estimators:100,jobs:null,score:false,state:3299,verbose:0,start:false"
"10010645","sklearn.pipeline.Pipeline(columntransformer=sklearn.compose._column_transformer.ColumnTransformer(numeric=sklearn.pipeline.Pipeline(imputer=sklearn.preprocessing.imputation.Imputer,standardscaler=sklearn.preprocessing.data.StandardScaler),nominal=sklearn.pipeline.Pipeline(simpleimputer=sklearn.impute.SimpleImputer,onehotencoder=sklearn.preprocessing._encoders.OneHotEncoder)),variancethreshold=sklearn.feature_selection.variance_threshold.VarianceThreshold,randomforestclassifier=sklearn.ensemble.forest.RandomForestClassifier)(2)","0.6467","jobs:null,remainder:""passthrough"",threshold:0.3,weights:null,memory:null,axis:0,copy:true,values:""NaN"",strategy:""median"",verbose:0,copy:true,mean:true,std:true,memory:null,copy:true,value:-1,values:NaN,strategy:""constant"",verbose:0,features:null,categories:null,dtype:float64""},unknown:""ignore"",values:null,sparse:true,threshold:0.0,memory:null,bootstrap:false,weight:null,criterion:""entropy"",depth:null,features:8248086530378588,nodes:null,decrease:0.0,split:null,leaf:5,split:8,leaf:0.0,estimators:100,jobs:null,score:false,state:41671,verbose:0,start:false"
"10010548","sklearn.pipeline.Pipeline(columntransformer=sklearn.compose._column_transformer.ColumnTransformer(numeric=sklearn.pipeline.Pipeline(imputer=sklearn.preprocessing.imputation.Imputer,standardscaler=sklearn.preprocessing.data.StandardScaler),nominal=sklearn.pipeline.Pipeline(simpleimputer=sklearn.impute.SimpleImputer,onehotencoder=sklearn.preprocessing._encoders.OneHotEncoder)),variancethreshold=sklearn.feature_selection.variance_threshold.VarianceThreshold,randomforestclassifier=sklearn.ensemble.forest.RandomForestClassifier)(2)","0.6465","jobs:null,remainder:""passthrough"",threshold:0.3,weights:null,memory:null,axis:0,copy:true,values:""NaN"",strategy:""median"",verbose:0,copy:true,mean:true,std:true,memory:null,copy:true,value:-1,values:NaN,strategy:""constant"",verbose:0,features:null,categories:null,dtype:float64""},unknown:""ignore"",values:null,sparse:true,threshold:0.0,memory:null,bootstrap:false,weight:null,criterion:""gini"",depth:null,features:5178060936529743,nodes:null,decrease:0.0,split:null,leaf:10,split:11,leaf:0.0,estimators:100,jobs:null,score:false,state:21558,verbose:0,start:false"
"1874933","sklearn.pipeline.Pipeline(imputer=sklearn.preprocessing.imputation.Imputer,pca=sklearn.decomposition.pca.PCA,randomforestclassifier=sklearn.ensemble.forest.RandomForestClassifier)(1)","0.6462","bootstrap:True,weight:None,criterion:gini,depth:None,features:auto,nodes:None,split:1e-08,leaf:1,split:2,leaf:0.0,estimators:500,jobs:-1,score:False,state:None,verbose:0,start:False,axis:0,copy:True,values:NaN,strategy:median,verbose:0,copy:True,power:auto,components:None,state:None,solver:auto,tol:0.0,whiten:False,steps:0,
            n_estimators=500, n_jobs=-1, oob_score=False,
            random_state=None, verbose=0, warm_start=False))]"
"1874937","sklearn.pipeline.Pipeline(imputer=sklearn.preprocessing.imputation.Imputer,pca=sklearn.decomposition.pca.PCA,randomforestclassifier=sklearn.ensemble.forest.RandomForestClassifier)(1)","0.6461","bootstrap:True,weight:None,criterion:gini,depth:None,features:auto,nodes:None,split:0.001,leaf:1,split:2,leaf:0.0,estimators:500,jobs:-1,score:False,state:None,verbose:0,start:False,axis:0,copy:True,values:NaN,strategy:median,verbose:0,copy:True,power:auto,components:None,state:None,solver:auto,tol:0.0,whiten:False,steps:0,
            n_estimators=500, n_jobs=-1, oob_score=False,
            random_state=None, verbose=0, warm_start=False))]"
"6007545","sklearn.pipeline.Pipeline(imputation=openmlstudy14.preprocessing.ConditionalImputer,hotencoding=sklearn.preprocessing.data.OneHotEncoder,variencethreshold=sklearn.feature_selection.variance_threshold.VarianceThreshold,classifier=sklearn.ensemble.weight_boosting.AdaBoostClassifier(base_estimator=sklearn.tree.tree.DecisionTreeClassifier))(1)","0.646","weight:null,criterion:""gini"",depth:7,features:null,nodes:null,split:1e-07,leaf:1,split:2,leaf:0.0,presort:false,state:52286,splitter:""best"",axis:0,features:[],copy:true,empty:0,values:""NaN"",strategy:""median"",nominal:""most_frequent"",verbose:0,features:[],dtype:float64""},unknown:""ignore"",values:""auto"",sparse:false,threshold:0.0,algorithm:""SAMME"",rate:25488854815038275,estimators:112,state:25229"
"10033681","sklearn.pipeline.Pipeline(columntransformer=sklearn.compose._column_transformer.ColumnTransformer(numeric=sklearn.pipeline.Pipeline(imputer=sklearn.preprocessing.imputation.Imputer,standardscaler=sklearn.preprocessing.data.StandardScaler),nominal=sklearn.pipeline.Pipeline(simpleimputer=sklearn.impute.SimpleImputer,onehotencoder=sklearn.preprocessing._encoders.OneHotEncoder)),variancethreshold=sklearn.feature_selection.variance_threshold.VarianceThreshold,randomforestclassifier=sklearn.ensemble.forest.RandomForestClassifier)(2)","0.646","jobs:null,remainder:""passthrough"",threshold:0.3,weights:null,memory:null,axis:0,copy:true,values:""NaN"",strategy:""mean"",verbose:0,copy:true,mean:true,std:true,memory:null,copy:true,value:-1,values:NaN,strategy:""constant"",verbose:0,features:null,categories:null,dtype:float64""},unknown:""ignore"",values:null,sparse:true,threshold:0.0,memory:null,bootstrap:false,weight:null,criterion:""entropy"",depth:null,features:46780554120823004,nodes:null,decrease:0.0,split:null,leaf:12,split:7,leaf:0.0,estimators:100,jobs:null,score:false,state:18192,verbose:0,start:false"
"10018998","sklearn.pipeline.Pipeline(columntransformer=sklearn.compose._column_transformer.ColumnTransformer(numeric=sklearn.pipeline.Pipeline(imputer=sklearn.preprocessing.imputation.Imputer,standardscaler=sklearn.preprocessing.data.StandardScaler),nominal=sklearn.pipeline.Pipeline(simpleimputer=sklearn.impute.SimpleImputer,onehotencoder=sklearn.preprocessing._encoders.OneHotEncoder)),variancethreshold=sklearn.feature_selection.variance_threshold.VarianceThreshold,randomforestclassifier=sklearn.ensemble.forest.RandomForestClassifier)(2)","0.6458","jobs:null,remainder:""passthrough"",threshold:0.3,weights:null,memory:null,axis:0,copy:true,values:""NaN"",strategy:""most_frequent"",verbose:0,copy:true,mean:true,std:true,memory:null,copy:true,value:-1,values:NaN,strategy:""constant"",verbose:0,features:null,categories:null,dtype:float64""},unknown:""ignore"",values:null,sparse:true,threshold:0.0,memory:null,bootstrap:true,weight:null,criterion:""gini"",depth:null,features:47061966264608324,nodes:null,decrease:0.0,split:null,leaf:1,split:17,leaf:0.0,estimators:100,jobs:null,score:false,state:32646,verbose:0,start:false"
"10014982","sklearn.pipeline.Pipeline(columntransformer=sklearn.compose._column_transformer.ColumnTransformer(numeric=sklearn.pipeline.Pipeline(imputer=sklearn.preprocessing.imputation.Imputer,standardscaler=sklearn.preprocessing.data.StandardScaler),nominal=sklearn.pipeline.Pipeline(simpleimputer=sklearn.impute.SimpleImputer,onehotencoder=sklearn.preprocessing._encoders.OneHotEncoder)),variancethreshold=sklearn.feature_selection.variance_threshold.VarianceThreshold,randomforestclassifier=sklearn.ensemble.forest.RandomForestClassifier)(2)","0.6458","jobs:null,remainder:""passthrough"",threshold:0.3,weights:null,memory:null,axis:0,copy:true,values:""NaN"",strategy:""most_frequent"",verbose:0,copy:true,mean:true,std:true,memory:null,copy:true,value:-1,values:NaN,strategy:""constant"",verbose:0,features:null,categories:null,dtype:float64""},unknown:""ignore"",values:null,sparse:true,threshold:0.0,memory:null,bootstrap:true,weight:null,criterion:""entropy"",depth:null,features:45413279727977385,nodes:null,decrease:0.0,split:null,leaf:6,split:15,leaf:0.0,estimators:100,jobs:null,score:false,state:61602,verbose:0,start:false"
"6122559","sklearn.model_selection._search.RandomizedSearchCV(estimator=sklearn.pipeline.Pipeline(imputation=openmlstudy14.preprocessing.ConditionalImputer,hotencoding=sklearn.preprocessing.data.OneHotEncoder,variencethreshold=sklearn.feature_selection.variance_threshold.VarianceThreshold,classifier=sklearn.ensemble.forest.RandomForestClassifier))(1)","0.6457","bootstrap:true,weight:null,criterion:""gini"",depth:null,features:""auto"",nodes:null,split:1e-07,leaf:1,split:2,leaf:0.0,estimators:10,jobs:1,score:false,state:1,verbose:0,start:false,axis:0,features:[],copy:true,empty:0,values:""NaN"",strategy:""median"",nominal:""most_frequent"",verbose:0,features:[],dtype:float64""},unknown:""ignore"",values:""auto"",sparse:true,threshold:0.0,cv:null,score:""raise"",params:{},iid:true,iter:50,jobs:1,distributions:9], ""classifier__bootstrap"": [true, false], ""classifier__min_samples_split"": [2, 3, 4, 5, 6, 7, 8, 9, 10, 11, 12, 13, 14, 15, 16, 17, 18, 19, 20], ""classifier__criterion"": [""gini"", ""entropy""], ""imputation__strategy"": [""mean"", ""median"", ""most_frequent""]},dispatch:""2*n_jobs"",state:13627,refit:true,score:true,scoring:null,verbose:0"
"6122432","sklearn.model_selection._search.RandomizedSearchCV(estimator=sklearn.pipeline.Pipeline(imputation=openmlstudy14.preprocessing.ConditionalImputer,hotencoding=sklearn.preprocessing.data.OneHotEncoder,variencethreshold=sklearn.feature_selection.variance_threshold.VarianceThreshold,classifier=sklearn.ensemble.forest.RandomForestClassifier))(1)","0.6457","bootstrap:true,weight:null,criterion:""gini"",depth:null,features:""auto"",nodes:null,split:1e-07,leaf:1,split:2,leaf:0.0,estimators:10,jobs:1,score:false,state:1,verbose:0,start:false,axis:0,features:[],copy:true,empty:0,values:""NaN"",strategy:""median"",nominal:""most_frequent"",verbose:0,features:[],dtype:float64""},unknown:""ignore"",values:""auto"",sparse:true,threshold:0.0,cv:null,score:""raise"",params:{},iid:true,iter:50,jobs:1,distributions:9], ""classifier__bootstrap"": [true, false], ""classifier__min_samples_split"": [2, 3, 4, 5, 6, 7, 8, 9, 10, 11, 12, 13, 14, 15, 16, 17, 18, 19, 20], ""classifier__criterion"": [""gini"", ""entropy""], ""imputation__strategy"": [""mean"", ""median"", ""most_frequent""]},dispatch:""2*n_jobs"",state:64269,refit:true,score:true,scoring:null,verbose:0"
"10010377","sklearn.pipeline.Pipeline(columntransformer=sklearn.compose._column_transformer.ColumnTransformer(numeric=sklearn.pipeline.Pipeline(imputer=sklearn.preprocessing.imputation.Imputer,standardscaler=sklearn.preprocessing.data.StandardScaler),nominal=sklearn.pipeline.Pipeline(simpleimputer=sklearn.impute.SimpleImputer,onehotencoder=sklearn.preprocessing._encoders.OneHotEncoder)),variancethreshold=sklearn.feature_selection.variance_threshold.VarianceThreshold,randomforestclassifier=sklearn.ensemble.forest.RandomForestClassifier)(2)","0.6456","jobs:null,remainder:""passthrough"",threshold:0.3,weights:null,memory:null,axis:0,copy:true,values:""NaN"",strategy:""median"",verbose:0,copy:true,mean:true,std:true,memory:null,copy:true,value:-1,values:NaN,strategy:""constant"",verbose:0,features:null,categories:null,dtype:float64""},unknown:""ignore"",values:null,sparse:true,threshold:0.0,memory:null,bootstrap:false,weight:null,criterion:""entropy"",depth:null,features:08851074424722782,nodes:null,decrease:0.0,split:null,leaf:4,split:14,leaf:0.0,estimators:100,jobs:null,score:false,state:19424,verbose:0,start:false"
"10026178","sklearn.pipeline.Pipeline(columntransformer=sklearn.compose._column_transformer.ColumnTransformer(numeric=sklearn.pipeline.Pipeline(imputer=sklearn.preprocessing.imputation.Imputer,standardscaler=sklearn.preprocessing.data.StandardScaler),nominal=sklearn.pipeline.Pipeline(simpleimputer=sklearn.impute.SimpleImputer,onehotencoder=sklearn.preprocessing._encoders.OneHotEncoder)),variancethreshold=sklearn.feature_selection.variance_threshold.VarianceThreshold,randomforestclassifier=sklearn.ensemble.forest.RandomForestClassifier)(2)","0.6454","jobs:null,remainder:""passthrough"",threshold:0.3,weights:null,memory:null,axis:0,copy:true,values:""NaN"",strategy:""median"",verbose:0,copy:true,mean:true,std:true,memory:null,copy:true,value:-1,values:NaN,strategy:""constant"",verbose:0,features:null,categories:null,dtype:float64""},unknown:""ignore"",values:null,sparse:true,threshold:0.0,memory:null,bootstrap:false,weight:null,criterion:""gini"",depth:null,features:5130131728164354,nodes:null,decrease:0.0,split:null,leaf:10,split:8,leaf:0.0,estimators:100,jobs:null,score:false,state:19078,verbose:0,start:false"
"5987814","sklearn.pipeline.Pipeline(imputation=openmlstudy14.preprocessing.ConditionalImputer,hotencoding=sklearn.preprocessing.data.OneHotEncoder,variencethreshold=sklearn.feature_selection.variance_threshold.VarianceThreshold,classifier=sklearn.ensemble.weight_boosting.AdaBoostClassifier(base_estimator=sklearn.tree.tree.DecisionTreeClassifier))(1)","0.6451","weight:null,criterion:""gini"",depth:10,features:null,nodes:null,split:1e-07,leaf:1,split:2,leaf:0.0,presort:false,state:37129,splitter:""best"",axis:0,features:[],copy:true,empty:0,values:""NaN"",strategy:""median"",nominal:""most_frequent"",verbose:0,features:[],dtype:float64""},unknown:""ignore"",values:""auto"",sparse:false,threshold:0.0,algorithm:""SAMME.R"",rate:2863468598460396,estimators:468,state:60579"
"10022955","sklearn.pipeline.Pipeline(columntransformer=sklearn.compose._column_transformer.ColumnTransformer(numeric=sklearn.pipeline.Pipeline(imputer=sklearn.preprocessing.imputation.Imputer,standardscaler=sklearn.preprocessing.data.StandardScaler),nominal=sklearn.pipeline.Pipeline(simpleimputer=sklearn.impute.SimpleImputer,onehotencoder=sklearn.preprocessing._encoders.OneHotEncoder)),variancethreshold=sklearn.feature_selection.variance_threshold.VarianceThreshold,randomforestclassifier=sklearn.ensemble.forest.RandomForestClassifier)(2)","0.6449","jobs:null,remainder:""passthrough"",threshold:0.3,weights:null,memory:null,axis:0,copy:true,values:""NaN"",strategy:""most_frequent"",verbose:0,copy:true,mean:true,std:true,memory:null,copy:true,value:-1,values:NaN,strategy:""constant"",verbose:0,features:null,categories:null,dtype:float64""},unknown:""ignore"",values:null,sparse:true,threshold:0.0,memory:null,bootstrap:false,weight:null,criterion:""gini"",depth:null,features:5783525650405691,nodes:null,decrease:0.0,split:null,leaf:10,split:3,leaf:0.0,estimators:100,jobs:null,score:false,state:41346,verbose:0,start:false"
"6122629","sklearn.model_selection._search.RandomizedSearchCV(estimator=sklearn.pipeline.Pipeline(imputation=openmlstudy14.preprocessing.ConditionalImputer,hotencoding=sklearn.preprocessing.data.OneHotEncoder,variencethreshold=sklearn.feature_selection.variance_threshold.VarianceThreshold,classifier=sklearn.ensemble.forest.RandomForestClassifier))(1)","0.6449","bootstrap:true,weight:null,criterion:""gini"",depth:null,features:""auto"",nodes:null,split:1e-07,leaf:1,split:2,leaf:0.0,estimators:10,jobs:1,score:false,state:1,verbose:0,start:false,axis:0,features:[],copy:true,empty:0,values:""NaN"",strategy:""median"",nominal:""most_frequent"",verbose:0,features:[],dtype:float64""},unknown:""ignore"",values:""auto"",sparse:true,threshold:0.0,cv:null,score:""raise"",params:{},iid:true,iter:50,jobs:1,distributions:9], ""classifier__bootstrap"": [true, false], ""classifier__criterion"": [""gini"", ""entropy""], ""imputation__strategy"": [""mean"", ""median"", ""most_frequent""]},dispatch:""2*n_jobs"",state:4357,refit:true,score:true,scoring:null,verbose:0"
"10042443","sklearn.pipeline.Pipeline(columntransformer=sklearn.compose._column_transformer.ColumnTransformer(numeric=sklearn.pipeline.Pipeline(imputer=sklearn.preprocessing.imputation.Imputer,standardscaler=sklearn.preprocessing.data.StandardScaler),nominal=sklearn.pipeline.Pipeline(simpleimputer=sklearn.impute.SimpleImputer,onehotencoder=sklearn.preprocessing._encoders.OneHotEncoder)),variancethreshold=sklearn.feature_selection.variance_threshold.VarianceThreshold,randomforestclassifier=sklearn.ensemble.forest.RandomForestClassifier)(2)","0.6447","jobs:null,remainder:""passthrough"",threshold:0.3,weights:null,memory:null,axis:0,copy:true,values:""NaN"",strategy:""most_frequent"",verbose:0,copy:true,mean:true,std:true,memory:null,copy:true,value:-1,values:NaN,strategy:""constant"",verbose:0,features:null,categories:null,dtype:float64""},unknown:""ignore"",values:null,sparse:true,threshold:0.0,memory:null,bootstrap:false,weight:null,criterion:""gini"",depth:null,features:18082074273447335,nodes:null,decrease:0.0,split:null,leaf:9,split:15,leaf:0.0,estimators:100,jobs:null,score:false,state:47840,verbose:0,start:false"
"10020249","sklearn.pipeline.Pipeline(columntransformer=sklearn.compose._column_transformer.ColumnTransformer(numeric=sklearn.pipeline.Pipeline(imputer=sklearn.preprocessing.imputation.Imputer,standardscaler=sklearn.preprocessing.data.StandardScaler),nominal=sklearn.pipeline.Pipeline(simpleimputer=sklearn.impute.SimpleImputer,onehotencoder=sklearn.preprocessing._encoders.OneHotEncoder)),variancethreshold=sklearn.feature_selection.variance_threshold.VarianceThreshold,randomforestclassifier=sklearn.ensemble.forest.RandomForestClassifier)(2)","0.6447","jobs:null,remainder:""passthrough"",threshold:0.3,weights:null,memory:null,axis:0,copy:true,values:""NaN"",strategy:""mean"",verbose:0,copy:true,mean:true,std:true,memory:null,copy:true,value:-1,values:NaN,strategy:""constant"",verbose:0,features:null,categories:null,dtype:float64""},unknown:""ignore"",values:null,sparse:true,threshold:0.0,memory:null,bootstrap:true,weight:null,criterion:""gini"",depth:null,features:2249660465809994,nodes:null,decrease:0.0,split:null,leaf:5,split:9,leaf:0.0,estimators:100,jobs:null,score:false,state:40623,verbose:0,start:false"
"1860732","sklearn.pipeline.Pipeline(imputer=sklearn.preprocessing.imputation.Imputer,pca=sklearn.decomposition.pca.PCA,randomforestclassifier=sklearn.ensemble.forest.RandomForestClassifier)(1)","0.6446","bootstrap:True,weight:None,criterion:gini,depth:None,features:auto,nodes:None,split:1e-07,leaf:1,split:2,leaf:0.0,estimators:500,jobs:-1,score:False,state:None,verbose:0,start:False,axis:0,copy:True,values:NaN,strategy:median,verbose:0,copy:True,power:auto,components:None,state:None,solver:auto,tol:0.0,whiten:False,steps:0,
            n_estimators=500, n_jobs=-1, oob_score=False,
            random_state=None, verbose=0, warm_start=False))]"
"5985918","sklearn.pipeline.Pipeline(imputation=openmlstudy14.preprocessing.ConditionalImputer,hotencoding=sklearn.preprocessing.data.OneHotEncoder,variencethreshold=sklearn.feature_selection.variance_threshold.VarianceThreshold,classifier=sklearn.ensemble.weight_boosting.AdaBoostClassifier(base_estimator=sklearn.tree.tree.DecisionTreeClassifier))(1)","0.6444","weight:null,criterion:""gini"",depth:10,features:null,nodes:null,split:1e-07,leaf:1,split:2,leaf:0.0,presort:false,state:31139,splitter:""best"",axis:0,features:[],copy:true,empty:0,values:""NaN"",strategy:""mean"",nominal:""most_frequent"",verbose:0,features:[],dtype:float64""},unknown:""ignore"",values:""auto"",sparse:false,threshold:0.0,algorithm:""SAMME"",rate:016098277948792785,estimators:158,state:47343"
"6006157","sklearn.pipeline.Pipeline(imputation=openmlstudy14.preprocessing.ConditionalImputer,hotencoding=sklearn.preprocessing.data.OneHotEncoder,variencethreshold=sklearn.feature_selection.variance_threshold.VarianceThreshold,classifier=sklearn.ensemble.weight_boosting.AdaBoostClassifier(base_estimator=sklearn.tree.tree.DecisionTreeClassifier))(1)","0.6444","weight:null,criterion:""gini"",depth:6,features:null,nodes:null,split:1e-07,leaf:1,split:2,leaf:0.0,presort:false,state:21558,splitter:""best"",axis:0,features:[],copy:true,empty:0,values:""NaN"",strategy:""mean"",nominal:""most_frequent"",verbose:0,features:[],dtype:float64""},unknown:""ignore"",values:""auto"",sparse:false,threshold:0.0,algorithm:""SAMME"",rate:17579810160945053,estimators:426,state:6305"
"10036265","sklearn.pipeline.Pipeline(columntransformer=sklearn.compose._column_transformer.ColumnTransformer(numeric=sklearn.pipeline.Pipeline(imputer=sklearn.preprocessing.imputation.Imputer,standardscaler=sklearn.preprocessing.data.StandardScaler),nominal=sklearn.pipeline.Pipeline(simpleimputer=sklearn.impute.SimpleImputer,onehotencoder=sklearn.preprocessing._encoders.OneHotEncoder)),variancethreshold=sklearn.feature_selection.variance_threshold.VarianceThreshold,randomforestclassifier=sklearn.ensemble.forest.RandomForestClassifier)(2)","0.6444","jobs:null,remainder:""passthrough"",threshold:0.3,weights:null,memory:null,axis:0,copy:true,values:""NaN"",strategy:""median"",verbose:0,copy:true,mean:true,std:true,memory:null,copy:true,value:-1,values:NaN,strategy:""constant"",verbose:0,features:null,categories:null,dtype:float64""},unknown:""ignore"",values:null,sparse:true,threshold:0.0,memory:null,bootstrap:true,weight:null,criterion:""entropy"",depth:null,features:8714212734944232,nodes:null,decrease:0.0,split:null,leaf:1,split:20,leaf:0.0,estimators:100,jobs:null,score:false,state:17708,verbose:0,start:false"
"6122560","sklearn.model_selection._search.RandomizedSearchCV(estimator=sklearn.pipeline.Pipeline(imputation=openmlstudy14.preprocessing.ConditionalImputer,hotencoding=sklearn.preprocessing.data.OneHotEncoder,variencethreshold=sklearn.feature_selection.variance_threshold.VarianceThreshold,classifier=sklearn.ensemble.forest.RandomForestClassifier))(1)","0.6444","bootstrap:true,weight:null,criterion:""gini"",depth:null,features:""auto"",nodes:null,split:1e-07,leaf:1,split:2,leaf:0.0,estimators:10,jobs:1,score:false,state:1,verbose:0,start:false,axis:0,features:[],copy:true,empty:0,values:""NaN"",strategy:""median"",nominal:""most_frequent"",verbose:0,features:[],dtype:float64""},unknown:""ignore"",values:""auto"",sparse:true,threshold:0.0,cv:null,score:""raise"",params:{},iid:true,iter:50,jobs:1,distributions:9], ""classifier__bootstrap"": [true, false], ""classifier__min_samples_split"": [2, 3, 4, 5, 6, 7, 8, 9, 10, 11, 12, 13, 14, 15, 16, 17, 18, 19, 20], ""classifier__criterion"": [""gini"", ""entropy""]},dispatch:""2*n_jobs"",state:26767,refit:true,score:true,scoring:null,verbose:0"
"6670229","sklearn.model_selection._search.RandomizedSearchCV(estimator=sklearn.pipeline.Pipeline(imputation=openmlstudy14.preprocessing.ConditionalImputer,hotencoding=sklearn.preprocessing.data.OneHotEncoder,variencethreshold=sklearn.feature_selection.variance_threshold.VarianceThreshold,classifier=sklearn.ensemble.forest.RandomForestClassifier))(1)","0.6443","bootstrap:true,weight:null,criterion:""gini"",depth:null,features:0.4,nodes:null,split:1e-07,leaf:1,split:2,leaf:0.0,estimators:10,jobs:1,score:false,state:1,verbose:0,start:false,axis:0,features:[],copy:true,empty:0,values:""NaN"",strategy:""median"",nominal:""most_frequent"",verbose:0,features:[],dtype:float64""},unknown:""ignore"",values:""auto"",sparse:true,threshold:0.0,cv:null,score:""raise"",params:{},iid:true,iter:50,jobs:-1,distributions:{""classifier__min_samples_leaf"": [1, 2, 3, 4, 5, 6, 7, 8, 9, 10, 11, 12, 13, 14, 15, 16, 17, 18, 19, 20], ""classifier__bootstrap"": [true, false], ""classifier__min_samples_split"": [2, 3, 4, 5, 6, 7, 8, 9, 10, 11, 12, 13, 14, 15, 16, 17, 18, 19, 20], ""classifier__criterion"": [""gini"", ""entropy""], ""imputation__strategy"": [""mean"", ""median"", ""most_frequent""]},dispatch:""2*n_jobs"",state:1,refit:true,score:true,scoring:null,verbose:0"
"6022824","sklearn.pipeline.Pipeline(imputation=openmlstudy14.preprocessing.ConditionalImputer,hotencoding=sklearn.preprocessing.data.OneHotEncoder,variencethreshold=sklearn.feature_selection.variance_threshold.VarianceThreshold,classifier=sklearn.ensemble.weight_boosting.AdaBoostClassifier(base_estimator=sklearn.tree.tree.DecisionTreeClassifier))(1)","0.644","weight:null,criterion:""gini"",depth:9,features:null,nodes:null,split:1e-07,leaf:1,split:2,leaf:0.0,presort:false,state:12517,splitter:""best"",axis:0,features:[],copy:true,empty:0,values:""NaN"",strategy:""mean"",nominal:""most_frequent"",verbose:0,features:[],dtype:float64""},unknown:""ignore"",values:""auto"",sparse:false,threshold:0.0,algorithm:""SAMME.R"",rate:6026023821071742,estimators:358,state:20463"
"6122754","sklearn.model_selection._search.RandomizedSearchCV(estimator=sklearn.pipeline.Pipeline(imputation=openmlstudy14.preprocessing.ConditionalImputer,hotencoding=sklearn.preprocessing.data.OneHotEncoder,variencethreshold=sklearn.feature_selection.variance_threshold.VarianceThreshold,classifier=sklearn.ensemble.forest.RandomForestClassifier))(1)","0.644","bootstrap:true,weight:null,criterion:""gini"",depth:null,features:""auto"",nodes:null,split:1e-07,leaf:1,split:2,leaf:0.0,estimators:10,jobs:1,score:false,state:1,verbose:0,start:false,axis:0,features:[],copy:true,empty:0,values:""NaN"",strategy:""median"",nominal:""most_frequent"",verbose:0,features:[],dtype:float64""},unknown:""ignore"",values:""auto"",sparse:true,threshold:0.0,cv:null,score:""raise"",params:{},iid:true,iter:50,jobs:1,distributions:9], ""classifier__bootstrap"": [true, false], ""classifier__min_samples_split"": [2, 3, 4, 5, 6, 7, 8, 9, 10, 11, 12, 13, 14, 15, 16, 17, 18, 19, 20], ""classifier__criterion"": [""gini"", ""entropy""]},dispatch:""2*n_jobs"",state:32497,refit:true,score:true,scoring:null,verbose:0"
"6012771","sklearn.pipeline.Pipeline(imputation=openmlstudy14.preprocessing.ConditionalImputer,hotencoding=sklearn.preprocessing.data.OneHotEncoder,variencethreshold=sklearn.feature_selection.variance_threshold.VarianceThreshold,classifier=sklearn.ensemble.weight_boosting.AdaBoostClassifier(base_estimator=sklearn.tree.tree.DecisionTreeClassifier))(1)","0.6436","weight:null,criterion:""gini"",depth:8,features:null,nodes:null,split:1e-07,leaf:1,split:2,leaf:0.0,presort:false,state:44806,splitter:""best"",axis:0,features:[],copy:true,empty:0,values:""NaN"",strategy:""median"",nominal:""most_frequent"",verbose:0,features:[],dtype:float64""},unknown:""ignore"",values:""auto"",sparse:false,threshold:0.0,algorithm:""SAMME"",rate:018417393760314746,estimators:415,state:45793"
"10043759","sklearn.pipeline.Pipeline(columntransformer=sklearn.compose._column_transformer.ColumnTransformer(numeric=sklearn.pipeline.Pipeline(imputer=sklearn.preprocessing.imputation.Imputer,standardscaler=sklearn.preprocessing.data.StandardScaler),nominal=sklearn.pipeline.Pipeline(simpleimputer=sklearn.impute.SimpleImputer,onehotencoder=sklearn.preprocessing._encoders.OneHotEncoder)),variancethreshold=sklearn.feature_selection.variance_threshold.VarianceThreshold,randomforestclassifier=sklearn.ensemble.forest.RandomForestClassifier)(2)","0.6436","jobs:null,remainder:""passthrough"",threshold:0.3,weights:null,memory:null,axis:0,copy:true,values:""NaN"",strategy:""mean"",verbose:0,copy:true,mean:true,std:true,memory:null,copy:true,value:-1,values:NaN,strategy:""constant"",verbose:0,features:null,categories:null,dtype:float64""},unknown:""ignore"",values:null,sparse:true,threshold:0.0,memory:null,bootstrap:true,weight:null,criterion:""gini"",depth:null,features:6661492388237307,nodes:null,decrease:0.0,split:null,leaf:1,split:19,leaf:0.0,estimators:100,jobs:null,score:false,state:48336,verbose:0,start:false"
"6128507","sklearn.model_selection._search.RandomizedSearchCV(estimator=sklearn.pipeline.Pipeline(imputation=openmlstudy14.preprocessing.ConditionalImputer,hotencoding=sklearn.preprocessing.data.OneHotEncoder,variencethreshold=sklearn.feature_selection.variance_threshold.VarianceThreshold,classifier=sklearn.ensemble.forest.RandomForestClassifier))(1)","0.6434","bootstrap:true,weight:null,criterion:""entropy"",depth:null,features:0.7,nodes:null,split:1e-07,leaf:1,split:2,leaf:0.0,estimators:10,jobs:1,score:false,state:1,verbose:0,start:false,axis:0,features:[],copy:true,empty:0,values:""NaN"",strategy:""median"",nominal:""most_frequent"",verbose:0,features:[],dtype:float64""},unknown:""ignore"",values:""auto"",sparse:true,threshold:0.0,cv:null,score:""raise"",params:{},iid:true,iter:50,jobs:1,distributions:9], ""classifier__bootstrap"": [true, false], ""classifier__min_samples_split"": [2, 3, 4, 5, 6, 7, 8, 9, 10, 11, 12, 13, 14, 15, 16, 17, 18, 19, 20], ""imputation__strategy"": [""mean"", ""median"", ""most_frequent""]},dispatch:""2*n_jobs"",state:1,refit:true,score:true,scoring:null,verbose:0"
"6121883","sklearn.model_selection._search.RandomizedSearchCV(estimator=sklearn.pipeline.Pipeline(imputation=openmlstudy14.preprocessing.ConditionalImputer,hotencoding=sklearn.preprocessing.data.OneHotEncoder,variencethreshold=sklearn.feature_selection.variance_threshold.VarianceThreshold,classifier=sklearn.ensemble.forest.RandomForestClassifier))(1)","0.6433","bootstrap:true,weight:null,criterion:""gini"",depth:null,features:""auto"",nodes:null,split:1e-07,leaf:1,split:2,leaf:0.0,estimators:10,jobs:1,score:false,state:1,verbose:0,start:false,axis:0,features:[],copy:true,empty:0,values:""NaN"",strategy:""median"",nominal:""most_frequent"",verbose:0,features:[],dtype:float64""},unknown:""ignore"",values:""auto"",sparse:true,threshold:0.0,cv:null,score:""raise"",params:{},iid:true,iter:50,jobs:1,distributions:9], ""classifier__bootstrap"": [true, false], ""classifier__min_samples_split"": [2, 3, 4, 5, 6, 7, 8, 9, 10, 11, 12, 13, 14, 15, 16, 17, 18, 19, 20], ""classifier__criterion"": [""gini"", ""entropy""]},dispatch:""2*n_jobs"",state:4796,refit:true,score:true,scoring:null,verbose:0"
"6129173","sklearn.model_selection._search.RandomizedSearchCV(estimator=sklearn.pipeline.Pipeline(imputation=openmlstudy14.preprocessing.ConditionalImputer,hotencoding=sklearn.preprocessing.data.OneHotEncoder,variencethreshold=sklearn.feature_selection.variance_threshold.VarianceThreshold,classifier=sklearn.ensemble.forest.RandomForestClassifier))(1)","0.643","bootstrap:true,weight:null,criterion:""gini"",depth:null,features:0.7,nodes:null,split:1e-07,leaf:1,split:2,leaf:0.0,estimators:10,jobs:1,score:false,state:1,verbose:0,start:false,axis:0,features:[],copy:true,empty:0,values:""NaN"",strategy:""median"",nominal:""most_frequent"",verbose:0,features:[],dtype:float64""},unknown:""ignore"",values:""auto"",sparse:true,threshold:0.0,cv:null,score:""raise"",params:{},iid:true,iter:50,jobs:1,distributions:9], ""classifier__bootstrap"": [true, false], ""classifier__min_samples_split"": [2, 3, 4, 5, 6, 7, 8, 9, 10, 11, 12, 13, 14, 15, 16, 17, 18, 19, 20], ""imputation__strategy"": [""mean"", ""median"", ""most_frequent""]},dispatch:""2*n_jobs"",state:1,refit:true,score:true,scoring:null,verbose:0"
"10012131","sklearn.pipeline.Pipeline(columntransformer=sklearn.compose._column_transformer.ColumnTransformer(numeric=sklearn.pipeline.Pipeline(imputer=sklearn.preprocessing.imputation.Imputer,standardscaler=sklearn.preprocessing.data.StandardScaler),nominal=sklearn.pipeline.Pipeline(simpleimputer=sklearn.impute.SimpleImputer,onehotencoder=sklearn.preprocessing._encoders.OneHotEncoder)),variancethreshold=sklearn.feature_selection.variance_threshold.VarianceThreshold,randomforestclassifier=sklearn.ensemble.forest.RandomForestClassifier)(2)","0.6428","jobs:null,remainder:""passthrough"",threshold:0.3,weights:null,memory:null,axis:0,copy:true,values:""NaN"",strategy:""most_frequent"",verbose:0,copy:true,mean:true,std:true,memory:null,copy:true,value:-1,values:NaN,strategy:""constant"",verbose:0,features:null,categories:null,dtype:float64""},unknown:""ignore"",values:null,sparse:true,threshold:0.0,memory:null,bootstrap:true,weight:null,criterion:""gini"",depth:null,features:4466516410741117,nodes:null,decrease:0.0,split:null,leaf:1,split:20,leaf:0.0,estimators:100,jobs:null,score:false,state:63699,verbose:0,start:false"
"10031781","sklearn.pipeline.Pipeline(columntransformer=sklearn.compose._column_transformer.ColumnTransformer(numeric=sklearn.pipeline.Pipeline(imputer=sklearn.preprocessing.imputation.Imputer,standardscaler=sklearn.preprocessing.data.StandardScaler),nominal=sklearn.pipeline.Pipeline(simpleimputer=sklearn.impute.SimpleImputer,onehotencoder=sklearn.preprocessing._encoders.OneHotEncoder)),variancethreshold=sklearn.feature_selection.variance_threshold.VarianceThreshold,randomforestclassifier=sklearn.ensemble.forest.RandomForestClassifier)(2)","0.6426","jobs:null,remainder:""passthrough"",threshold:0.3,weights:null,memory:null,axis:0,copy:true,values:""NaN"",strategy:""mean"",verbose:0,copy:true,mean:true,std:true,memory:null,copy:true,value:-1,values:NaN,strategy:""constant"",verbose:0,features:null,categories:null,dtype:float64""},unknown:""ignore"",values:null,sparse:true,threshold:0.0,memory:null,bootstrap:true,weight:null,criterion:""gini"",depth:null,features:3356767369283602,nodes:null,decrease:0.0,split:null,leaf:1,split:18,leaf:0.0,estimators:100,jobs:null,score:false,state:49849,verbose:0,start:false"
"6122220","sklearn.model_selection._search.RandomizedSearchCV(estimator=sklearn.pipeline.Pipeline(imputation=openmlstudy14.preprocessing.ConditionalImputer,hotencoding=sklearn.preprocessing.data.OneHotEncoder,variencethreshold=sklearn.feature_selection.variance_threshold.VarianceThreshold,classifier=sklearn.ensemble.forest.RandomForestClassifier))(1)","0.6425","bootstrap:true,weight:null,criterion:""gini"",depth:null,features:""auto"",nodes:null,split:1e-07,leaf:1,split:2,leaf:0.0,estimators:10,jobs:1,score:false,state:1,verbose:0,start:false,axis:0,features:[],copy:true,empty:0,values:""NaN"",strategy:""median"",nominal:""most_frequent"",verbose:0,features:[],dtype:float64""},unknown:""ignore"",values:""auto"",sparse:true,threshold:0.0,cv:null,score:""raise"",params:{},iid:true,iter:50,jobs:1,distributions:{""classifier__min_samples_leaf"": [1, 2, 3, 4, 5, 6, 7, 8, 9, 10, 11, 12, 13, 14, 15, 16, 17, 18, 19, 20], ""classifier__bootstrap"": [true, false], ""classifier__min_samples_split"": [2, 3, 4, 5, 6, 7, 8, 9, 10, 11, 12, 13, 14, 15, 16, 17, 18, 19, 20], ""classifier__criterion"": [""gini"", ""entropy""], ""imputation__strategy"": [""mean"", ""median"", ""most_frequent""]},dispatch:""2*n_jobs"",state:34229,refit:true,score:true,scoring:null,verbose:0"
"10016110","sklearn.pipeline.Pipeline(columntransformer=sklearn.compose._column_transformer.ColumnTransformer(numeric=sklearn.pipeline.Pipeline(imputer=sklearn.preprocessing.imputation.Imputer,standardscaler=sklearn.preprocessing.data.StandardScaler),nominal=sklearn.pipeline.Pipeline(simpleimputer=sklearn.impute.SimpleImputer,onehotencoder=sklearn.preprocessing._encoders.OneHotEncoder)),variancethreshold=sklearn.feature_selection.variance_threshold.VarianceThreshold,randomforestclassifier=sklearn.ensemble.forest.RandomForestClassifier)(2)","0.6423","jobs:null,remainder:""passthrough"",threshold:0.3,weights:null,memory:null,axis:0,copy:true,values:""NaN"",strategy:""median"",verbose:0,copy:true,mean:true,std:true,memory:null,copy:true,value:-1,values:NaN,strategy:""constant"",verbose:0,features:null,categories:null,dtype:float64""},unknown:""ignore"",values:null,sparse:true,threshold:0.0,memory:null,bootstrap:true,weight:null,criterion:""entropy"",depth:null,features:7635345056653714,nodes:null,decrease:0.0,split:null,leaf:1,split:20,leaf:0.0,estimators:100,jobs:null,score:false,state:59580,verbose:0,start:false"
"10014009","sklearn.pipeline.Pipeline(columntransformer=sklearn.compose._column_transformer.ColumnTransformer(numeric=sklearn.pipeline.Pipeline(imputer=sklearn.preprocessing.imputation.Imputer,standardscaler=sklearn.preprocessing.data.StandardScaler),nominal=sklearn.pipeline.Pipeline(simpleimputer=sklearn.impute.SimpleImputer,onehotencoder=sklearn.preprocessing._encoders.OneHotEncoder)),variancethreshold=sklearn.feature_selection.variance_threshold.VarianceThreshold,randomforestclassifier=sklearn.ensemble.forest.RandomForestClassifier)(2)","0.6421","jobs:null,remainder:""passthrough"",threshold:0.3,weights:null,memory:null,axis:0,copy:true,values:""NaN"",strategy:""median"",verbose:0,copy:true,mean:true,std:true,memory:null,copy:true,value:-1,values:NaN,strategy:""constant"",verbose:0,features:null,categories:null,dtype:float64""},unknown:""ignore"",values:null,sparse:true,threshold:0.0,memory:null,bootstrap:true,weight:null,criterion:""entropy"",depth:null,features:32024659844586756,nodes:null,decrease:0.0,split:null,leaf:3,split:19,leaf:0.0,estimators:100,jobs:null,score:false,state:64661,verbose:0,start:false"
"6121727","sklearn.model_selection._search.RandomizedSearchCV(estimator=sklearn.pipeline.Pipeline(imputation=openmlstudy14.preprocessing.ConditionalImputer,hotencoding=sklearn.preprocessing.data.OneHotEncoder,variencethreshold=sklearn.feature_selection.variance_threshold.VarianceThreshold,classifier=sklearn.ensemble.forest.RandomForestClassifier))(1)","0.6421","bootstrap:true,weight:null,criterion:""gini"",depth:null,features:""auto"",nodes:null,split:1e-07,leaf:1,split:2,leaf:0.0,estimators:10,jobs:1,score:false,state:1,verbose:0,start:false,axis:0,features:[],copy:true,empty:0,values:""NaN"",strategy:""median"",nominal:""most_frequent"",verbose:0,features:[],dtype:float64""},unknown:""ignore"",values:""auto"",sparse:true,threshold:0.0,cv:null,score:""raise"",params:{},iid:true,iter:50,jobs:1,distributions:9], ""classifier__bootstrap"": [true, false], ""classifier__min_samples_split"": [2, 3, 4, 5, 6, 7, 8, 9, 10, 11, 12, 13, 14, 15, 16, 17, 18, 19, 20], ""imputation__strategy"": [""mean"", ""median"", ""most_frequent""]},dispatch:""2*n_jobs"",state:47497,refit:true,score:true,scoring:null,verbose:0"
"6121988","sklearn.model_selection._search.RandomizedSearchCV(estimator=sklearn.pipeline.Pipeline(imputation=openmlstudy14.preprocessing.ConditionalImputer,hotencoding=sklearn.preprocessing.data.OneHotEncoder,variencethreshold=sklearn.feature_selection.variance_threshold.VarianceThreshold,classifier=sklearn.ensemble.forest.RandomForestClassifier))(1)","0.642","bootstrap:true,weight:null,criterion:""gini"",depth:null,features:""auto"",nodes:null,split:1e-07,leaf:1,split:2,leaf:0.0,estimators:10,jobs:1,score:false,state:1,verbose:0,start:false,axis:0,features:[],copy:true,empty:0,values:""NaN"",strategy:""median"",nominal:""most_frequent"",verbose:0,features:[],dtype:float64""},unknown:""ignore"",values:""auto"",sparse:true,threshold:0.0,cv:null,score:""raise"",params:{},iid:true,iter:50,jobs:1,distributions:9], ""classifier__bootstrap"": [true, false], ""classifier__min_samples_split"": [2, 3, 4, 5, 6, 7, 8, 9, 10, 11, 12, 13, 14, 15, 16, 17, 18, 19, 20], ""classifier__criterion"": [""gini"", ""entropy""]},dispatch:""2*n_jobs"",state:14173,refit:true,score:true,scoring:null,verbose:0"
"10009441","sklearn.pipeline.Pipeline(columntransformer=sklearn.compose._column_transformer.ColumnTransformer(numeric=sklearn.pipeline.Pipeline(imputer=sklearn.preprocessing.imputation.Imputer,standardscaler=sklearn.preprocessing.data.StandardScaler),nominal=sklearn.pipeline.Pipeline(simpleimputer=sklearn.impute.SimpleImputer,onehotencoder=sklearn.preprocessing._encoders.OneHotEncoder)),variancethreshold=sklearn.feature_selection.variance_threshold.VarianceThreshold,randomforestclassifier=sklearn.ensemble.forest.RandomForestClassifier)(2)","0.6419","jobs:null,remainder:""passthrough"",threshold:0.3,weights:null,memory:null,axis:0,copy:true,values:""NaN"",strategy:""mean"",verbose:0,copy:true,mean:true,std:true,memory:null,copy:true,value:-1,values:NaN,strategy:""constant"",verbose:0,features:null,categories:null,dtype:float64""},unknown:""ignore"",values:null,sparse:true,threshold:0.0,memory:null,bootstrap:true,weight:null,criterion:""gini"",depth:null,features:638274347356893,nodes:null,decrease:0.0,split:null,leaf:4,split:16,leaf:0.0,estimators:100,jobs:null,score:false,state:56020,verbose:0,start:false"
"6121717","sklearn.model_selection._search.RandomizedSearchCV(estimator=sklearn.pipeline.Pipeline(imputation=openmlstudy14.preprocessing.ConditionalImputer,hotencoding=sklearn.preprocessing.data.OneHotEncoder,variencethreshold=sklearn.feature_selection.variance_threshold.VarianceThreshold,classifier=sklearn.ensemble.forest.RandomForestClassifier))(1)","0.6418","bootstrap:true,weight:null,criterion:""gini"",depth:null,features:""auto"",nodes:null,split:1e-07,leaf:1,split:2,leaf:0.0,estimators:10,jobs:1,score:false,state:1,verbose:0,start:false,axis:0,features:[],copy:true,empty:0,values:""NaN"",strategy:""median"",nominal:""most_frequent"",verbose:0,features:[],dtype:float64""},unknown:""ignore"",values:""auto"",sparse:true,threshold:0.0,cv:null,score:""raise"",params:{},iid:true,iter:50,jobs:1,distributions:9], ""classifier__bootstrap"": [true, false], ""classifier__min_samples_split"": [2, 3, 4, 5, 6, 7, 8, 9, 10, 11, 12, 13, 14, 15, 16, 17, 18, 19, 20], ""imputation__strategy"": [""mean"", ""median"", ""most_frequent""]},dispatch:""2*n_jobs"",state:21028,refit:true,score:true,scoring:null,verbose:0"
"10033219","sklearn.pipeline.Pipeline(columntransformer=sklearn.compose._column_transformer.ColumnTransformer(numeric=sklearn.pipeline.Pipeline(imputer=sklearn.preprocessing.imputation.Imputer,standardscaler=sklearn.preprocessing.data.StandardScaler),nominal=sklearn.pipeline.Pipeline(simpleimputer=sklearn.impute.SimpleImputer,onehotencoder=sklearn.preprocessing._encoders.OneHotEncoder)),variancethreshold=sklearn.feature_selection.variance_threshold.VarianceThreshold,randomforestclassifier=sklearn.ensemble.forest.RandomForestClassifier)(2)","0.6416","jobs:null,remainder:""passthrough"",threshold:0.3,weights:null,memory:null,axis:0,copy:true,values:""NaN"",strategy:""median"",verbose:0,copy:true,mean:true,std:true,memory:null,copy:true,value:-1,values:NaN,strategy:""constant"",verbose:0,features:null,categories:null,dtype:float64""},unknown:""ignore"",values:null,sparse:true,threshold:0.0,memory:null,bootstrap:true,weight:null,criterion:""gini"",depth:null,features:8299676255185353,nodes:null,decrease:0.0,split:null,leaf:6,split:6,leaf:0.0,estimators:100,jobs:null,score:false,state:11036,verbose:0,start:false"
"9942584","sklearn.pipeline.Pipeline(columntransformer=sklearn.compose._column_transformer.ColumnTransformer(numeric=sklearn.pipeline.Pipeline(imputer=sklearn.preprocessing.imputation.Imputer,standardscaler=sklearn.preprocessing.data.StandardScaler),nominal=sklearn.pipeline.Pipeline(simpleimputer=sklearn.impute.SimpleImputer,onehotencoder=sklearn.preprocessing._encoders.OneHotEncoder)),variancethreshold=sklearn.feature_selection.variance_threshold.VarianceThreshold,gradientboostingclassifier=sklearn.ensemble.gradient_boosting.GradientBoostingClassifier)(3)","0.6414","memory:null,jobs:null,remainder:""passthrough"",threshold:0.3,weights:null,memory:null,axis:0,copy:true,values:""NaN"",strategy:""most_frequent"",verbose:0,copy:true,mean:true,std:true,memory:null,copy:true,value:-1,values:NaN,strategy:""constant"",verbose:0,features:null,categories:null,dtype:float64""},unknown:""ignore"",values:null,sparse:true,threshold:0.0,criterion:""friedman_mse"",init:null,rate:034754486455668976,loss:""deviance"",depth:9,features:28685133502063265,nodes:null,decrease:19140951135390627,split:null,leaf:16,split:6,leaf:00398264640722551,estimators:123,change:462,presort:""auto"",state:53720,subsample:8409330376366392,tol:008136400832544589,fraction:30430022380564903,verbose:0,start:false"
"6009425","sklearn.pipeline.Pipeline(imputation=openmlstudy14.preprocessing.ConditionalImputer,hotencoding=sklearn.preprocessing.data.OneHotEncoder,variencethreshold=sklearn.feature_selection.variance_threshold.VarianceThreshold,classifier=sklearn.ensemble.weight_boosting.AdaBoostClassifier(base_estimator=sklearn.tree.tree.DecisionTreeClassifier))(1)","0.6412","weight:null,criterion:""gini"",depth:6,features:null,nodes:null,split:1e-07,leaf:1,split:2,leaf:0.0,presort:false,state:44324,splitter:""best"",axis:0,features:[],copy:true,empty:0,values:""NaN"",strategy:""median"",nominal:""most_frequent"",verbose:0,features:[],dtype:float64""},unknown:""ignore"",values:""auto"",sparse:false,threshold:0.0,algorithm:""SAMME"",rate:40258622741015504,estimators:222,state:45103"
"10012587","sklearn.pipeline.Pipeline(columntransformer=sklearn.compose._column_transformer.ColumnTransformer(numeric=sklearn.pipeline.Pipeline(imputer=sklearn.preprocessing.imputation.Imputer,standardscaler=sklearn.preprocessing.data.StandardScaler),nominal=sklearn.pipeline.Pipeline(simpleimputer=sklearn.impute.SimpleImputer,onehotencoder=sklearn.preprocessing._encoders.OneHotEncoder)),variancethreshold=sklearn.feature_selection.variance_threshold.VarianceThreshold,randomforestclassifier=sklearn.ensemble.forest.RandomForestClassifier)(2)","0.6412","jobs:null,remainder:""passthrough"",threshold:0.3,weights:null,memory:null,axis:0,copy:true,values:""NaN"",strategy:""median"",verbose:0,copy:true,mean:true,std:true,memory:null,copy:true,value:-1,values:NaN,strategy:""constant"",verbose:0,features:null,categories:null,dtype:float64""},unknown:""ignore"",values:null,sparse:true,threshold:0.0,memory:null,bootstrap:true,weight:null,criterion:""entropy"",depth:null,features:4573574196014557,nodes:null,decrease:0.0,split:null,leaf:8,split:14,leaf:0.0,estimators:100,jobs:null,score:false,state:35025,verbose:0,start:false"
"6122132","sklearn.model_selection._search.RandomizedSearchCV(estimator=sklearn.pipeline.Pipeline(imputation=openmlstudy14.preprocessing.ConditionalImputer,hotencoding=sklearn.preprocessing.data.OneHotEncoder,variencethreshold=sklearn.feature_selection.variance_threshold.VarianceThreshold,classifier=sklearn.ensemble.forest.RandomForestClassifier))(1)","0.6412","bootstrap:true,weight:null,criterion:""gini"",depth:null,features:""auto"",nodes:null,split:1e-07,leaf:1,split:2,leaf:0.0,estimators:10,jobs:1,score:false,state:1,verbose:0,start:false,axis:0,features:[],copy:true,empty:0,values:""NaN"",strategy:""median"",nominal:""most_frequent"",verbose:0,features:[],dtype:float64""},unknown:""ignore"",values:""auto"",sparse:true,threshold:0.0,cv:null,score:""raise"",params:{},iid:true,iter:50,jobs:1,distributions:9], ""classifier__bootstrap"": [true, false], ""classifier__min_samples_split"": [2, 3, 4, 5, 6, 7, 8, 9, 10, 11, 12, 13, 14, 15, 16, 17, 18, 19, 20], ""imputation__strategy"": [""mean"", ""median"", ""most_frequent""]},dispatch:""2*n_jobs"",state:43513,refit:true,score:true,scoring:null,verbose:0"
"5978354","sklearn.pipeline.Pipeline(imputation=openmlstudy14.preprocessing.ConditionalImputer,hotencoding=sklearn.preprocessing.data.OneHotEncoder,variencethreshold=sklearn.feature_selection.variance_threshold.VarianceThreshold,classifier=sklearn.ensemble.weight_boosting.AdaBoostClassifier(base_estimator=sklearn.tree.tree.DecisionTreeClassifier))(1)","0.641","weight:null,criterion:""gini"",depth:10,features:null,nodes:null,split:1e-07,leaf:1,split:2,leaf:0.0,presort:false,state:13425,splitter:""best"",axis:0,features:[],copy:true,empty:0,values:""NaN"",strategy:""mean"",nominal:""most_frequent"",verbose:0,features:[],dtype:float64""},unknown:""ignore"",values:""auto"",sparse:false,threshold:0.0,algorithm:""SAMME.R"",rate:1075340155843476,estimators:234,state:15363"
"5971057","sklearn.pipeline.Pipeline(imputation=openmlstudy14.preprocessing.ConditionalImputer,hotencoding=sklearn.preprocessing.data.OneHotEncoder,variencethreshold=sklearn.feature_selection.variance_threshold.VarianceThreshold,classifier=sklearn.ensemble.weight_boosting.AdaBoostClassifier(base_estimator=sklearn.tree.tree.DecisionTreeClassifier))(1)","0.641","weight:null,criterion:""gini"",depth:8,features:null,nodes:null,split:1e-07,leaf:1,split:2,leaf:0.0,presort:false,state:54090,splitter:""best"",axis:0,features:[],copy:true,empty:0,values:""NaN"",strategy:""most_frequent"",nominal:""most_frequent"",verbose:0,features:[],dtype:float64""},unknown:""ignore"",values:""auto"",sparse:false,threshold:0.0,algorithm:""SAMME"",rate:01669793434690456,estimators:421,state:17497"
"10028724","sklearn.pipeline.Pipeline(columntransformer=sklearn.compose._column_transformer.ColumnTransformer(numeric=sklearn.pipeline.Pipeline(imputer=sklearn.preprocessing.imputation.Imputer,standardscaler=sklearn.preprocessing.data.StandardScaler),nominal=sklearn.pipeline.Pipeline(simpleimputer=sklearn.impute.SimpleImputer,onehotencoder=sklearn.preprocessing._encoders.OneHotEncoder)),variancethreshold=sklearn.feature_selection.variance_threshold.VarianceThreshold,randomforestclassifier=sklearn.ensemble.forest.RandomForestClassifier)(2)","0.641","jobs:null,remainder:""passthrough"",threshold:0.3,weights:null,memory:null,axis:0,copy:true,values:""NaN"",strategy:""mean"",verbose:0,copy:true,mean:true,std:true,memory:null,copy:true,value:-1,values:NaN,strategy:""constant"",verbose:0,features:null,categories:null,dtype:float64""},unknown:""ignore"",values:null,sparse:true,threshold:0.0,memory:null,bootstrap:true,weight:null,criterion:""entropy"",depth:null,features:41979872180228506,nodes:null,decrease:0.0,split:null,leaf:7,split:10,leaf:0.0,estimators:100,jobs:null,score:false,state:27713,verbose:0,start:false"
"6129848","sklearn.model_selection._search.RandomizedSearchCV(estimator=sklearn.pipeline.Pipeline(imputation=openmlstudy14.preprocessing.ConditionalImputer,hotencoding=sklearn.preprocessing.data.OneHotEncoder,variencethreshold=sklearn.feature_selection.variance_threshold.VarianceThreshold,classifier=sklearn.ensemble.forest.RandomForestClassifier))(1)","0.641","bootstrap:false,weight:null,criterion:""gini"",depth:null,features:0.7,nodes:null,split:1e-07,leaf:1,split:2,leaf:0.0,estimators:10,jobs:1,score:false,state:1,verbose:0,start:false,axis:0,features:[],copy:true,empty:0,values:""NaN"",strategy:""median"",nominal:""most_frequent"",verbose:0,features:[],dtype:float64""},unknown:""ignore"",values:""auto"",sparse:true,threshold:0.0,cv:null,score:""raise"",params:{},iid:true,iter:50,jobs:1,distributions:9], ""classifier__min_samples_split"": [2, 3, 4, 5, 6, 7, 8, 9, 10, 11, 12, 13, 14, 15, 16, 17, 18, 19, 20], ""classifier__criterion"": [""gini"", ""entropy""], ""imputation__strategy"": [""mean"", ""median"", ""most_frequent""]},dispatch:""2*n_jobs"",state:1,refit:true,score:true,scoring:null,verbose:0"
"6672830","sklearn.model_selection._search.RandomizedSearchCV(estimator=sklearn.pipeline.Pipeline(imputation=openmlstudy14.preprocessing.ConditionalImputer,hotencoding=sklearn.preprocessing.data.OneHotEncoder,variencethreshold=sklearn.feature_selection.variance_threshold.VarianceThreshold,classifier=sklearn.ensemble.forest.RandomForestClassifier))(1)","0.641","bootstrap:false,weight:null,criterion:""gini"",depth:null,features:""auto"",nodes:null,split:1e-07,leaf:1,split:2,leaf:0.0,estimators:10,jobs:1,score:false,state:1,verbose:0,start:false,axis:0,features:[],copy:true,empty:0,values:""NaN"",strategy:""median"",nominal:""most_frequent"",verbose:0,features:[],dtype:float64""},unknown:""ignore"",values:""auto"",sparse:true,threshold:0.0,cv:null,score:""raise"",params:{},iid:true,iter:50,jobs:-1,distributions:9], ""classifier__min_samples_split"": [2, 3, 4, 5, 6, 7, 8, 9, 10, 11, 12, 13, 14, 15, 16, 17, 18, 19, 20], ""classifier__criterion"": [""gini"", ""entropy""], ""imputation__strategy"": [""mean"", ""median"", ""most_frequent""]},dispatch:""2*n_jobs"",state:1,refit:true,score:true,scoring:null,verbose:0"
"6121674","sklearn.model_selection._search.RandomizedSearchCV(estimator=sklearn.pipeline.Pipeline(imputation=openmlstudy14.preprocessing.ConditionalImputer,hotencoding=sklearn.preprocessing.data.OneHotEncoder,variencethreshold=sklearn.feature_selection.variance_threshold.VarianceThreshold,classifier=sklearn.ensemble.forest.RandomForestClassifier))(1)","0.641","bootstrap:true,weight:null,criterion:""gini"",depth:null,features:""auto"",nodes:null,split:1e-07,leaf:1,split:2,leaf:0.0,estimators:10,jobs:1,score:false,state:1,verbose:0,start:false,axis:0,features:[],copy:true,empty:0,values:""NaN"",strategy:""median"",nominal:""most_frequent"",verbose:0,features:[],dtype:float64""},unknown:""ignore"",values:""auto"",sparse:true,threshold:0.0,cv:null,score:""raise"",params:{},iid:true,iter:50,jobs:1,distributions:{""classifier__min_samples_leaf"": [1, 2, 3, 4, 5, 6, 7, 8, 9, 10, 11, 12, 13, 14, 15, 16, 17, 18, 19, 20], ""classifier__bootstrap"": [true, false], ""classifier__min_samples_split"": [2, 3, 4, 5, 6, 7, 8, 9, 10, 11, 12, 13, 14, 15, 16, 17, 18, 19, 20], ""classifier__criterion"": [""gini"", ""entropy""], ""imputation__strategy"": [""mean"", ""median"", ""most_frequent""]},dispatch:""2*n_jobs"",state:9840,refit:true,score:true,scoring:null,verbose:0"
"6129605","sklearn.model_selection._search.RandomizedSearchCV(estimator=sklearn.pipeline.Pipeline(imputation=openmlstudy14.preprocessing.ConditionalImputer,hotencoding=sklearn.preprocessing.data.OneHotEncoder,variencethreshold=sklearn.feature_selection.variance_threshold.VarianceThreshold,classifier=sklearn.ensemble.forest.RandomForestClassifier))(1)","0.641","bootstrap:false,weight:null,criterion:""gini"",depth:null,features:""auto"",nodes:null,split:1e-07,leaf:1,split:2,leaf:0.0,estimators:10,jobs:1,score:false,state:1,verbose:0,start:false,axis:0,features:[],copy:true,empty:0,values:""NaN"",strategy:""median"",nominal:""most_frequent"",verbose:0,features:[],dtype:float64""},unknown:""ignore"",values:""auto"",sparse:true,threshold:0.0,cv:null,score:""raise"",params:{},iid:true,iter:50,jobs:1,distributions:9], ""classifier__min_samples_split"": [2, 3, 4, 5, 6, 7, 8, 9, 10, 11, 12, 13, 14, 15, 16, 17, 18, 19, 20], ""classifier__criterion"": [""gini"", ""entropy""], ""imputation__strategy"": [""mean"", ""median"", ""most_frequent""]},dispatch:""2*n_jobs"",state:1,refit:true,score:true,scoring:null,verbose:0"
"10012239","sklearn.pipeline.Pipeline(columntransformer=sklearn.compose._column_transformer.ColumnTransformer(numeric=sklearn.pipeline.Pipeline(imputer=sklearn.preprocessing.imputation.Imputer,standardscaler=sklearn.preprocessing.data.StandardScaler),nominal=sklearn.pipeline.Pipeline(simpleimputer=sklearn.impute.SimpleImputer,onehotencoder=sklearn.preprocessing._encoders.OneHotEncoder)),variancethreshold=sklearn.feature_selection.variance_threshold.VarianceThreshold,randomforestclassifier=sklearn.ensemble.forest.RandomForestClassifier)(2)","0.6409","jobs:null,remainder:""passthrough"",threshold:0.3,weights:null,memory:null,axis:0,copy:true,values:""NaN"",strategy:""median"",verbose:0,copy:true,mean:true,std:true,memory:null,copy:true,value:-1,values:NaN,strategy:""constant"",verbose:0,features:null,categories:null,dtype:float64""},unknown:""ignore"",values:null,sparse:true,threshold:0.0,memory:null,bootstrap:false,weight:null,criterion:""gini"",depth:null,features:6774170170809894,nodes:null,decrease:0.0,split:null,leaf:10,split:14,leaf:0.0,estimators:100,jobs:null,score:false,state:677,verbose:0,start:false"
"5970683","sklearn.pipeline.Pipeline(imputation=openmlstudy14.preprocessing.ConditionalImputer,hotencoding=sklearn.preprocessing.data.OneHotEncoder,variencethreshold=sklearn.feature_selection.variance_threshold.VarianceThreshold,classifier=sklearn.ensemble.weight_boosting.AdaBoostClassifier(base_estimator=sklearn.tree.tree.DecisionTreeClassifier))(1)","0.6408","weight:null,criterion:""gini"",depth:9,features:null,nodes:null,split:1e-07,leaf:1,split:2,leaf:0.0,presort:false,state:4895,splitter:""best"",axis:0,features:[],copy:true,empty:0,values:""NaN"",strategy:""median"",nominal:""most_frequent"",verbose:0,features:[],dtype:float64""},unknown:""ignore"",values:""auto"",sparse:false,threshold:0.0,algorithm:""SAMME"",rate:05871149465444047,estimators:72,state:59689"
"6673603","sklearn.model_selection._search.RandomizedSearchCV(estimator=sklearn.pipeline.Pipeline(imputation=openmlstudy14.preprocessing.ConditionalImputer,hotencoding=sklearn.preprocessing.data.OneHotEncoder,variencethreshold=sklearn.feature_selection.variance_threshold.VarianceThreshold,classifier=sklearn.ensemble.forest.RandomForestClassifier))(1)","0.6408","bootstrap:true,weight:null,criterion:""gini"",depth:null,features:0.2,nodes:null,split:1e-07,leaf:1,split:2,leaf:0.0,estimators:10,jobs:1,score:false,state:1,verbose:0,start:false,axis:0,features:[],copy:true,empty:0,values:""NaN"",strategy:""median"",nominal:""most_frequent"",verbose:0,features:[],dtype:float64""},unknown:""ignore"",values:""auto"",sparse:true,threshold:0.0,cv:null,score:""raise"",params:{},iid:true,iter:50,jobs:-1,distributions:{""classifier__min_samples_leaf"": [1, 2, 3, 4, 5, 6, 7, 8, 9, 10, 11, 12, 13, 14, 15, 16, 17, 18, 19, 20], ""classifier__bootstrap"": [true, false], ""classifier__min_samples_split"": [2, 3, 4, 5, 6, 7, 8, 9, 10, 11, 12, 13, 14, 15, 16, 17, 18, 19, 20], ""classifier__criterion"": [""gini"", ""entropy""], ""imputation__strategy"": [""mean"", ""median"", ""most_frequent""]},dispatch:""2*n_jobs"",state:1,refit:true,score:true,scoring:null,verbose:0"
"5982676","sklearn.pipeline.Pipeline(imputation=openmlstudy14.preprocessing.ConditionalImputer,hotencoding=sklearn.preprocessing.data.OneHotEncoder,variencethreshold=sklearn.feature_selection.variance_threshold.VarianceThreshold,classifier=sklearn.ensemble.weight_boosting.AdaBoostClassifier(base_estimator=sklearn.tree.tree.DecisionTreeClassifier))(1)","0.6407","weight:null,criterion:""gini"",depth:9,features:null,nodes:null,split:1e-07,leaf:1,split:2,leaf:0.0,presort:false,state:44104,splitter:""best"",axis:0,features:[],copy:true,empty:0,values:""NaN"",strategy:""mean"",nominal:""most_frequent"",verbose:0,features:[],dtype:float64""},unknown:""ignore"",values:""auto"",sparse:false,threshold:0.0,algorithm:""SAMME"",rate:022456909767793482,estimators:188,state:28150"
"10038788","sklearn.pipeline.Pipeline(columntransformer=sklearn.compose._column_transformer.ColumnTransformer(numeric=sklearn.pipeline.Pipeline(imputer=sklearn.preprocessing.imputation.Imputer,standardscaler=sklearn.preprocessing.data.StandardScaler),nominal=sklearn.pipeline.Pipeline(simpleimputer=sklearn.impute.SimpleImputer,onehotencoder=sklearn.preprocessing._encoders.OneHotEncoder)),variancethreshold=sklearn.feature_selection.variance_threshold.VarianceThreshold,randomforestclassifier=sklearn.ensemble.forest.RandomForestClassifier)(2)","0.6407","jobs:null,remainder:""passthrough"",threshold:0.3,weights:null,memory:null,axis:0,copy:true,values:""NaN"",strategy:""most_frequent"",verbose:0,copy:true,mean:true,std:true,memory:null,copy:true,value:-1,values:NaN,strategy:""constant"",verbose:0,features:null,categories:null,dtype:float64""},unknown:""ignore"",values:null,sparse:true,threshold:0.0,memory:null,bootstrap:false,weight:null,criterion:""entropy"",depth:null,features:7784510938796627,nodes:null,decrease:0.0,split:null,leaf:9,split:2,leaf:0.0,estimators:100,jobs:null,score:false,state:43504,verbose:0,start:false"
"6015178","sklearn.pipeline.Pipeline(imputation=openmlstudy14.preprocessing.ConditionalImputer,hotencoding=sklearn.preprocessing.data.OneHotEncoder,variencethreshold=sklearn.feature_selection.variance_threshold.VarianceThreshold,classifier=sklearn.ensemble.weight_boosting.AdaBoostClassifier(base_estimator=sklearn.tree.tree.DecisionTreeClassifier))(1)","0.6406","weight:null,criterion:""gini"",depth:9,features:null,nodes:null,split:1e-07,leaf:1,split:2,leaf:0.0,presort:false,state:7768,splitter:""best"",axis:0,features:[],copy:true,empty:0,values:""NaN"",strategy:""median"",nominal:""most_frequent"",verbose:0,features:[],dtype:float64""},unknown:""ignore"",values:""auto"",sparse:false,threshold:0.0,algorithm:""SAMME.R"",rate:42259087679381163,estimators:213,state:54914"
"5989627","sklearn.pipeline.Pipeline(imputation=openmlstudy14.preprocessing.ConditionalImputer,hotencoding=sklearn.preprocessing.data.OneHotEncoder,variencethreshold=sklearn.feature_selection.variance_threshold.VarianceThreshold,classifier=sklearn.ensemble.weight_boosting.AdaBoostClassifier(base_estimator=sklearn.tree.tree.DecisionTreeClassifier))(1)","0.6398","weight:null,criterion:""gini"",depth:7,features:null,nodes:null,split:1e-07,leaf:1,split:2,leaf:0.0,presort:false,state:44359,splitter:""best"",axis:0,features:[],copy:true,empty:0,values:""NaN"",strategy:""median"",nominal:""most_frequent"",verbose:0,features:[],dtype:float64""},unknown:""ignore"",values:""auto"",sparse:false,threshold:0.0,algorithm:""SAMME"",rate:05040080647972095,estimators:345,state:5075"
"6122255","sklearn.model_selection._search.RandomizedSearchCV(estimator=sklearn.pipeline.Pipeline(imputation=openmlstudy14.preprocessing.ConditionalImputer,hotencoding=sklearn.preprocessing.data.OneHotEncoder,variencethreshold=sklearn.feature_selection.variance_threshold.VarianceThreshold,classifier=sklearn.ensemble.forest.RandomForestClassifier))(1)","0.6397","bootstrap:true,weight:null,criterion:""gini"",depth:null,features:""auto"",nodes:null,split:1e-07,leaf:1,split:2,leaf:0.0,estimators:10,jobs:1,score:false,state:1,verbose:0,start:false,axis:0,features:[],copy:true,empty:0,values:""NaN"",strategy:""median"",nominal:""most_frequent"",verbose:0,features:[],dtype:float64""},unknown:""ignore"",values:""auto"",sparse:true,threshold:0.0,cv:null,score:""raise"",params:{},iid:true,iter:50,jobs:1,distributions:9], ""classifier__bootstrap"": [true, false], ""classifier__min_samples_split"": [2, 3, 4, 5, 6, 7, 8, 9, 10, 11, 12, 13, 14, 15, 16, 17, 18, 19, 20], ""classifier__criterion"": [""gini"", ""entropy""], ""imputation__strategy"": [""mean"", ""median"", ""most_frequent""]},dispatch:""2*n_jobs"",state:62768,refit:true,score:true,scoring:null,verbose:0"
"5994854","sklearn.pipeline.Pipeline(imputation=openmlstudy14.preprocessing.ConditionalImputer,hotencoding=sklearn.preprocessing.data.OneHotEncoder,variencethreshold=sklearn.feature_selection.variance_threshold.VarianceThreshold,classifier=sklearn.ensemble.weight_boosting.AdaBoostClassifier(base_estimator=sklearn.tree.tree.DecisionTreeClassifier))(1)","0.6393","weight:null,criterion:""gini"",depth:7,features:null,nodes:null,split:1e-07,leaf:1,split:2,leaf:0.0,presort:false,state:1498,splitter:""best"",axis:0,features:[],copy:true,empty:0,values:""NaN"",strategy:""most_frequent"",nominal:""most_frequent"",verbose:0,features:[],dtype:float64""},unknown:""ignore"",values:""auto"",sparse:false,threshold:0.0,algorithm:""SAMME"",rate:03973013675483331,estimators:442,state:7405"
"6122092","sklearn.model_selection._search.RandomizedSearchCV(estimator=sklearn.pipeline.Pipeline(imputation=openmlstudy14.preprocessing.ConditionalImputer,hotencoding=sklearn.preprocessing.data.OneHotEncoder,variencethreshold=sklearn.feature_selection.variance_threshold.VarianceThreshold,classifier=sklearn.ensemble.forest.RandomForestClassifier))(1)","0.6393","bootstrap:true,weight:null,criterion:""gini"",depth:null,features:""auto"",nodes:null,split:1e-07,leaf:1,split:2,leaf:0.0,estimators:10,jobs:1,score:false,state:1,verbose:0,start:false,axis:0,features:[],copy:true,empty:0,values:""NaN"",strategy:""median"",nominal:""most_frequent"",verbose:0,features:[],dtype:float64""},unknown:""ignore"",values:""auto"",sparse:true,threshold:0.0,cv:null,score:""raise"",params:{},iid:true,iter:50,jobs:1,distributions:9], ""classifier__bootstrap"": [true, false], ""classifier__min_samples_split"": [2, 3, 4, 5, 6, 7, 8, 9, 10, 11, 12, 13, 14, 15, 16, 17, 18, 19, 20], ""imputation__strategy"": [""mean"", ""median"", ""most_frequent""]},dispatch:""2*n_jobs"",state:60955,refit:true,score:true,scoring:null,verbose:0"
"5982662","sklearn.pipeline.Pipeline(imputation=openmlstudy14.preprocessing.ConditionalImputer,hotencoding=sklearn.preprocessing.data.OneHotEncoder,variencethreshold=sklearn.feature_selection.variance_threshold.VarianceThreshold,classifier=sklearn.ensemble.weight_boosting.AdaBoostClassifier(base_estimator=sklearn.tree.tree.DecisionTreeClassifier))(1)","0.639","weight:null,criterion:""gini"",depth:10,features:null,nodes:null,split:1e-07,leaf:1,split:2,leaf:0.0,presort:false,state:31796,splitter:""best"",axis:0,features:[],copy:true,empty:0,values:""NaN"",strategy:""mean"",nominal:""most_frequent"",verbose:0,features:[],dtype:float64""},unknown:""ignore"",values:""auto"",sparse:false,threshold:0.0,algorithm:""SAMME.R"",rate:21394458319789553,estimators:197,state:30994"
"6671463","sklearn.model_selection._search.RandomizedSearchCV(estimator=sklearn.pipeline.Pipeline(imputation=openmlstudy14.preprocessing.ConditionalImputer,hotencoding=sklearn.preprocessing.data.OneHotEncoder,variencethreshold=sklearn.feature_selection.variance_threshold.VarianceThreshold,classifier=sklearn.ensemble.forest.RandomForestClassifier))(1)","0.6384","bootstrap:true,weight:null,criterion:""gini"",depth:null,features:0.7,nodes:null,split:1e-07,leaf:1,split:2,leaf:0.0,estimators:10,jobs:1,score:false,state:1,verbose:0,start:false,axis:0,features:[],copy:true,empty:0,values:""NaN"",strategy:""median"",nominal:""most_frequent"",verbose:0,features:[],dtype:float64""},unknown:""ignore"",values:""auto"",sparse:true,threshold:0.0,cv:null,score:""raise"",params:{},iid:true,iter:50,jobs:-1,distributions:{""classifier__min_samples_leaf"": [1, 2, 3, 4, 5, 6, 7, 8, 9, 10, 11, 12, 13, 14, 15, 16, 17, 18, 19, 20], ""classifier__bootstrap"": [true, false], ""classifier__min_samples_split"": [2, 3, 4, 5, 6, 7, 8, 9, 10, 11, 12, 13, 14, 15, 16, 17, 18, 19, 20], ""classifier__criterion"": [""gini"", ""entropy""], ""imputation__strategy"": [""mean"", ""median"", ""most_frequent""]},dispatch:""2*n_jobs"",state:1,refit:true,score:true,scoring:null,verbose:0"
"5979898","sklearn.pipeline.Pipeline(imputation=openmlstudy14.preprocessing.ConditionalImputer,hotencoding=sklearn.preprocessing.data.OneHotEncoder,variencethreshold=sklearn.feature_selection.variance_threshold.VarianceThreshold,classifier=sklearn.ensemble.weight_boosting.AdaBoostClassifier(base_estimator=sklearn.tree.tree.DecisionTreeClassifier))(1)","0.6382","weight:null,criterion:""gini"",depth:10,features:null,nodes:null,split:1e-07,leaf:1,split:2,leaf:0.0,presort:false,state:57999,splitter:""best"",axis:0,features:[],copy:true,empty:0,values:""NaN"",strategy:""most_frequent"",nominal:""most_frequent"",verbose:0,features:[],dtype:float64""},unknown:""ignore"",values:""auto"",sparse:false,threshold:0.0,algorithm:""SAMME.R"",rate:3805756319088108,estimators:147,state:13582"
"1810319","weka.AdaBoostM1_J48(3)","0.6372","C:0.25,M:2,P:100,S:1,I:10,W:J48"
"5994372","sklearn.pipeline.Pipeline(imputation=openmlstudy14.preprocessing.ConditionalImputer,hotencoding=sklearn.preprocessing.data.OneHotEncoder,variencethreshold=sklearn.feature_selection.variance_threshold.VarianceThreshold,classifier=sklearn.ensemble.weight_boosting.AdaBoostClassifier(base_estimator=sklearn.tree.tree.DecisionTreeClassifier))(1)","0.6365","weight:null,criterion:""gini"",depth:9,features:null,nodes:null,split:1e-07,leaf:1,split:2,leaf:0.0,presort:false,state:60567,splitter:""best"",axis:0,features:[],copy:true,empty:0,values:""NaN"",strategy:""mean"",nominal:""most_frequent"",verbose:0,features:[],dtype:float64""},unknown:""ignore"",values:""auto"",sparse:false,threshold:0.0,algorithm:""SAMME.R"",rate:2014180348042984,estimators:231,state:3681"
"5988331","sklearn.pipeline.Pipeline(imputation=openmlstudy14.preprocessing.ConditionalImputer,hotencoding=sklearn.preprocessing.data.OneHotEncoder,variencethreshold=sklearn.feature_selection.variance_threshold.VarianceThreshold,classifier=sklearn.ensemble.weight_boosting.AdaBoostClassifier(base_estimator=sklearn.tree.tree.DecisionTreeClassifier))(1)","0.6363","weight:null,criterion:""gini"",depth:10,features:null,nodes:null,split:1e-07,leaf:1,split:2,leaf:0.0,presort:false,state:63884,splitter:""best"",axis:0,features:[],copy:true,empty:0,values:""NaN"",strategy:""most_frequent"",nominal:""most_frequent"",verbose:0,features:[],dtype:float64""},unknown:""ignore"",values:""auto"",sparse:false,threshold:0.0,algorithm:""SAMME.R"",rate:08769616930041726,estimators:351,state:60137"
"6068722","sklearn.pipeline.Pipeline(imputation=openmlstudy14.preprocessing.ConditionalImputer,hotencoding=sklearn.preprocessing.data.OneHotEncoder,variencethreshold=sklearn.feature_selection.variance_threshold.VarianceThreshold,classifier=sklearn.ensemble.weight_boosting.AdaBoostClassifier(base_estimator=sklearn.tree.tree.DecisionTreeClassifier))(1)","0.6361","weight:null,criterion:""gini"",depth:9,features:null,nodes:null,split:1e-07,leaf:1,split:2,leaf:0.0,presort:false,state:45520,splitter:""best"",axis:0,features:[],copy:true,empty:0,values:""NaN"",strategy:""median"",nominal:""most_frequent"",verbose:0,features:[],dtype:float64""},unknown:""ignore"",values:""auto"",sparse:true,threshold:0.0,algorithm:""SAMME.R"",rate:19682475701834568,estimators:395,state:16630"
"6122714","sklearn.model_selection._search.RandomizedSearchCV(estimator=sklearn.pipeline.Pipeline(imputation=openmlstudy14.preprocessing.ConditionalImputer,hotencoding=sklearn.preprocessing.data.OneHotEncoder,variencethreshold=sklearn.feature_selection.variance_threshold.VarianceThreshold,classifier=sklearn.ensemble.forest.RandomForestClassifier))(1)","0.6361","bootstrap:true,weight:null,criterion:""gini"",depth:null,features:""auto"",nodes:null,split:1e-07,leaf:1,split:2,leaf:0.0,estimators:10,jobs:1,score:false,state:1,verbose:0,start:false,axis:0,features:[],copy:true,empty:0,values:""NaN"",strategy:""median"",nominal:""most_frequent"",verbose:0,features:[],dtype:float64""},unknown:""ignore"",values:""auto"",sparse:true,threshold:0.0,cv:null,score:""raise"",params:{},iid:true,iter:50,jobs:1,distributions:9], ""classifier__bootstrap"": [true, false], ""classifier__min_samples_split"": [2, 3, 4, 5, 6, 7, 8, 9, 10, 11, 12, 13, 14, 15, 16, 17, 18, 19, 20], ""imputation__strategy"": [""mean"", ""median"", ""most_frequent""]},dispatch:""2*n_jobs"",state:53875,refit:true,score:true,scoring:null,verbose:0"
"6003236","sklearn.pipeline.Pipeline(imputation=openmlstudy14.preprocessing.ConditionalImputer,hotencoding=sklearn.preprocessing.data.OneHotEncoder,variencethreshold=sklearn.feature_selection.variance_threshold.VarianceThreshold,classifier=sklearn.ensemble.weight_boosting.AdaBoostClassifier(base_estimator=sklearn.tree.tree.DecisionTreeClassifier))(1)","0.636","weight:null,criterion:""gini"",depth:10,features:null,nodes:null,split:1e-07,leaf:1,split:2,leaf:0.0,presort:false,state:41698,splitter:""best"",axis:0,features:[],copy:true,empty:0,values:""NaN"",strategy:""mean"",nominal:""most_frequent"",verbose:0,features:[],dtype:float64""},unknown:""ignore"",values:""auto"",sparse:false,threshold:0.0,algorithm:""SAMME.R"",rate:12774300452442577,estimators:367,state:29441"
"6019729","sklearn.pipeline.Pipeline(imputation=openmlstudy14.preprocessing.ConditionalImputer,hotencoding=sklearn.preprocessing.data.OneHotEncoder,variencethreshold=sklearn.feature_selection.variance_threshold.VarianceThreshold,classifier=sklearn.ensemble.weight_boosting.AdaBoostClassifier(base_estimator=sklearn.tree.tree.DecisionTreeClassifier))(1)","0.6357","weight:null,criterion:""gini"",depth:8,features:null,nodes:null,split:1e-07,leaf:1,split:2,leaf:0.0,presort:false,state:43031,splitter:""best"",axis:0,features:[],copy:true,empty:0,values:""NaN"",strategy:""mean"",nominal:""most_frequent"",verbose:0,features:[],dtype:float64""},unknown:""ignore"",values:""auto"",sparse:false,threshold:0.0,algorithm:""SAMME.R"",rate:4691074769776182,estimators:414,state:36278"
"6651050","sklearn.model_selection._search.RandomizedSearchCV(estimator=sklearn.pipeline.Pipeline(imputation=openmlstudy14.preprocessing.ConditionalImputer,hotencoding=sklearn.preprocessing.data.OneHotEncoder,variencethreshold=sklearn.feature_selection.variance_threshold.VarianceThreshold,classifier=sklearn.ensemble.weight_boosting.AdaBoostClassifier(base_estimator=sklearn.tree.tree.DecisionTreeClassifier)))(1)","0.6355","weight:null,criterion:""gini"",depth:null,features:null,nodes:null,split:1e-07,leaf:1,split:2,leaf:0.0,presort:false,state:1,splitter:""best"",axis:0,features:[],copy:true,empty:0,values:""NaN"",strategy:""median"",nominal:""most_frequent"",verbose:0,features:[],dtype:float64""},unknown:""ignore"",values:""auto"",sparse:true,threshold:0.0,algorithm:""SAMME.R"",rate:1.0,estimators:50,state:1,cv:null,score:""raise"",params:{},iid:true,iter:50,jobs:-1,distributions:{""classifier__n_estimators"": [50, 51, 52, 53, 54, 55, 56, 57, 58, 59, 60, 61, 62, 63, 64, 65, 66, 67, 68, 69, 70, 71, 72, 73, 74, 75, 76, 77, 78, 79, 80, 81, 82, 83, 84, 85, 86, 87, 88, 89, 90, 91, 92, 93, 94, 95, 96, 97, 98, 99, 100, 101, 102, 103, 104, 105, 106, 107, 108, 109, 110, 111, 112, 113, 114, 115, 116, 117, 118, 119, 120, 121, 122, 123, 124, 125, 126, 127, 128, 129, 130, 131, 132, 133, 134, 135, 136, 137, 138, 139, 140, 141, 142, 143, 144, 145, 146, 147, 148, 149, 150, 151, 152, 153, 154, 155, 156, 157, 158, 159, 160, 161, 162, 163, 164, 165, 166, 167, 168, 169, 170, 171, 172, 173, 174, 175, 176, 177, 178, 179, 180, 181, 182, 183, 184, 185, 186, 187, 188, 189, 190, 191, 192, 193, 194, 195, 196, 197, 198, 199, 200, 201, 202, 203, 204, 205, 206, 207, 208, 209, 210, 211, 212, 213, 214, 215, 216, 217, 218, 219, 220, 221, 222, 223, 224, 225, 226, 227, 228, 229, 230, 231, 232, 233, 234, 235, 236, 237, 238, 239, 240, 241, 242, 243, 244, 245, 246, 247, 248, 249, 250, 251, 252, 253, 254, 255, 256, 257, 258,,dispatch:""2*n_jobs"",state:1,refit:true,score:true,scoring:null,verbose:0"
"5981747","sklearn.pipeline.Pipeline(imputation=openmlstudy14.preprocessing.ConditionalImputer,hotencoding=sklearn.preprocessing.data.OneHotEncoder,variencethreshold=sklearn.feature_selection.variance_threshold.VarianceThreshold,classifier=sklearn.ensemble.weight_boosting.AdaBoostClassifier(base_estimator=sklearn.tree.tree.DecisionTreeClassifier))(1)","0.6321","weight:null,criterion:""gini"",depth:9,features:null,nodes:null,split:1e-07,leaf:1,split:2,leaf:0.0,presort:false,state:16995,splitter:""best"",axis:0,features:[],copy:true,empty:0,values:""NaN"",strategy:""median"",nominal:""most_frequent"",verbose:0,features:[],dtype:float64""},unknown:""ignore"",values:""auto"",sparse:false,threshold:0.0,algorithm:""SAMME.R"",rate:3375687896889225,estimators:271,state:18991"
"6011346","sklearn.pipeline.Pipeline(imputation=openmlstudy14.preprocessing.ConditionalImputer,hotencoding=sklearn.preprocessing.data.OneHotEncoder,variencethreshold=sklearn.feature_selection.variance_threshold.VarianceThreshold,classifier=sklearn.ensemble.weight_boosting.AdaBoostClassifier(base_estimator=sklearn.tree.tree.DecisionTreeClassifier))(1)","0.6318","weight:null,criterion:""gini"",depth:8,features:null,nodes:null,split:1e-07,leaf:1,split:2,leaf:0.0,presort:false,state:769,splitter:""best"",axis:0,features:[],copy:true,empty:0,values:""NaN"",strategy:""median"",nominal:""most_frequent"",verbose:0,features:[],dtype:float64""},unknown:""ignore"",values:""auto"",sparse:false,threshold:0.0,algorithm:""SAMME.R"",rate:3320307037363102,estimators:361,state:30474"
"5971698","sklearn.pipeline.Pipeline(imputation=openmlstudy14.preprocessing.ConditionalImputer,hotencoding=sklearn.preprocessing.data.OneHotEncoder,variencethreshold=sklearn.feature_selection.variance_threshold.VarianceThreshold,classifier=sklearn.ensemble.weight_boosting.AdaBoostClassifier(base_estimator=sklearn.tree.tree.DecisionTreeClassifier))(1)","0.6317","weight:null,criterion:""gini"",depth:8,features:null,nodes:null,split:1e-07,leaf:1,split:2,leaf:0.0,presort:false,state:45520,splitter:""best"",axis:0,features:[],copy:true,empty:0,values:""NaN"",strategy:""most_frequent"",nominal:""most_frequent"",verbose:0,features:[],dtype:float64""},unknown:""ignore"",values:""auto"",sparse:false,threshold:0.0,algorithm:""SAMME.R"",rate:5016508468456762,estimators:278,state:41947"
"6669971","sklearn.model_selection._search.RandomizedSearchCV(estimator=sklearn.pipeline.Pipeline(imputation=openmlstudy14.preprocessing.ConditionalImputer,hotencoding=sklearn.preprocessing.data.OneHotEncoder,variencethreshold=sklearn.feature_selection.variance_threshold.VarianceThreshold,classifier=sklearn.ensemble.forest.RandomForestClassifier))(1)","0.6317","bootstrap:true,weight:null,criterion:""gini"",depth:null,features:""auto"",nodes:null,split:1e-07,leaf:1,split:2,leaf:0.0,estimators:10,jobs:1,score:false,state:1,verbose:0,start:false,axis:0,features:[],copy:true,empty:0,values:""NaN"",strategy:""median"",nominal:""most_frequent"",verbose:0,features:[],dtype:float64""},unknown:""ignore"",values:""auto"",sparse:true,threshold:0.0,cv:null,score:""raise"",params:{},iid:true,iter:50,jobs:-1,distributions:9], ""classifier__bootstrap"": [true, false], ""classifier__min_samples_split"": [2, 3, 4, 5, 6, 7, 8, 9, 10, 11, 12, 13, 14, 15, 16, 17, 18, 19, 20], ""classifier__criterion"": [""gini"", ""entropy""]},dispatch:""2*n_jobs"",state:1,refit:true,score:true,scoring:null,verbose:0"
"6686115","sklearn.model_selection._search.RandomizedSearchCV(estimator=sklearn.pipeline.Pipeline(imputation=openmlstudy14.preprocessing.ConditionalImputer,hotencoding=sklearn.preprocessing.data.OneHotEncoder,variencethreshold=sklearn.feature_selection.variance_threshold.VarianceThreshold,classifier=sklearn.ensemble.forest.RandomForestClassifier))(1)","0.6317","bootstrap:true,weight:null,criterion:""gini"",depth:null,features:""auto"",nodes:null,split:1e-07,leaf:1,split:2,leaf:0.0,estimators:10,jobs:1,score:false,state:1,verbose:0,start:false,axis:0,features:[],copy:true,empty:0,values:""NaN"",strategy:""most_frequent"",nominal:""most_frequent"",verbose:0,features:[],dtype:float64""},unknown:""ignore"",values:""auto"",sparse:true,threshold:0.0,cv:null,score:""raise"",params:{},iid:true,iter:50,jobs:-1,distributions:9], ""classifier__bootstrap"": [true, false], ""classifier__min_samples_split"": [2, 3, 4, 5, 6, 7, 8, 9, 10, 11, 12, 13, 14, 15, 16, 17, 18, 19, 20], ""classifier__criterion"": [""gini"", ""entropy""]},dispatch:""2*n_jobs"",state:1,refit:true,score:true,scoring:null,verbose:0"
"6684467","sklearn.model_selection._search.RandomizedSearchCV(estimator=sklearn.pipeline.Pipeline(imputation=openmlstudy14.preprocessing.ConditionalImputer,hotencoding=sklearn.preprocessing.data.OneHotEncoder,variencethreshold=sklearn.feature_selection.variance_threshold.VarianceThreshold,classifier=sklearn.ensemble.forest.RandomForestClassifier))(1)","0.6317","bootstrap:true,weight:null,criterion:""gini"",depth:null,features:""auto"",nodes:null,split:1e-07,leaf:1,split:2,leaf:0.0,estimators:10,jobs:1,score:false,state:1,verbose:0,start:false,axis:0,features:[],copy:true,empty:0,values:""NaN"",strategy:""most_frequent"",nominal:""most_frequent"",verbose:0,features:[],dtype:float64""},unknown:""ignore"",values:""auto"",sparse:true,threshold:0.0,cv:null,score:""raise"",params:{},iid:true,iter:50,jobs:-1,distributions:9], ""classifier__bootstrap"": [true, false], ""classifier__min_samples_split"": [2, 3, 4, 5, 6, 7, 8, 9, 10, 11, 12, 13, 14, 15, 16, 17, 18, 19, 20], ""classifier__criterion"": [""gini"", ""entropy""]},dispatch:""2*n_jobs"",state:1,refit:true,score:true,scoring:null,verbose:0"
"5992094","sklearn.pipeline.Pipeline(imputation=openmlstudy14.preprocessing.ConditionalImputer,hotencoding=sklearn.preprocessing.data.OneHotEncoder,variencethreshold=sklearn.feature_selection.variance_threshold.VarianceThreshold,classifier=sklearn.ensemble.weight_boosting.AdaBoostClassifier(base_estimator=sklearn.tree.tree.DecisionTreeClassifier))(1)","0.6313","weight:null,criterion:""gini"",depth:9,features:null,nodes:null,split:1e-07,leaf:1,split:2,leaf:0.0,presort:false,state:13662,splitter:""best"",axis:0,features:[],copy:true,empty:0,values:""NaN"",strategy:""most_frequent"",nominal:""most_frequent"",verbose:0,features:[],dtype:float64""},unknown:""ignore"",values:""auto"",sparse:false,threshold:0.0,algorithm:""SAMME"",rate:012894124026145565,estimators:220,state:16953"
"6122676","sklearn.model_selection._search.RandomizedSearchCV(estimator=sklearn.pipeline.Pipeline(imputation=openmlstudy14.preprocessing.ConditionalImputer,hotencoding=sklearn.preprocessing.data.OneHotEncoder,variencethreshold=sklearn.feature_selection.variance_threshold.VarianceThreshold,classifier=sklearn.ensemble.forest.RandomForestClassifier))(1)","0.6312","bootstrap:true,weight:null,criterion:""gini"",depth:null,features:""auto"",nodes:null,split:1e-07,leaf:1,split:2,leaf:0.0,estimators:10,jobs:1,score:false,state:1,verbose:0,start:false,axis:0,features:[],copy:true,empty:0,values:""NaN"",strategy:""median"",nominal:""most_frequent"",verbose:0,features:[],dtype:float64""},unknown:""ignore"",values:""auto"",sparse:true,threshold:0.0,cv:null,score:""raise"",params:{},iid:true,iter:50,jobs:1,distributions:{""classifier__min_samples_leaf"": [1, 2, 3, 4, 5, 6, 7, 8, 9, 10, 11, 12, 13, 14, 15, 16, 17, 18, 19, 20], ""classifier__bootstrap"": [true, false], ""classifier__min_samples_split"": [2, 3, 4, 5, 6, 7, 8, 9, 10, 11, 12, 13, 14, 15, 16, 17, 18, 19, 20], ""classifier__criterion"": [""gini"", ""entropy""], ""imputation__strategy"": [""mean"", ""median"", ""most_frequent""]},dispatch:""2*n_jobs"",state:33730,refit:true,score:true,scoring:null,verbose:0"
"5993661","sklearn.pipeline.Pipeline(imputation=openmlstudy14.preprocessing.ConditionalImputer,hotencoding=sklearn.preprocessing.data.OneHotEncoder,variencethreshold=sklearn.feature_selection.variance_threshold.VarianceThreshold,classifier=sklearn.ensemble.weight_boosting.AdaBoostClassifier(base_estimator=sklearn.tree.tree.DecisionTreeClassifier))(1)","0.6307","weight:null,criterion:""gini"",depth:9,features:null,nodes:null,split:1e-07,leaf:1,split:2,leaf:0.0,presort:false,state:54680,splitter:""best"",axis:0,features:[],copy:true,empty:0,values:""NaN"",strategy:""median"",nominal:""most_frequent"",verbose:0,features:[],dtype:float64""},unknown:""ignore"",values:""auto"",sparse:false,threshold:0.0,algorithm:""SAMME"",rate:011043541539439813,estimators:255,state:187"
"1673212","weka.KStar(4)","0.6307","B:20,M:a"
"6002729","sklearn.pipeline.Pipeline(imputation=openmlstudy14.preprocessing.ConditionalImputer,hotencoding=sklearn.preprocessing.data.OneHotEncoder,variencethreshold=sklearn.feature_selection.variance_threshold.VarianceThreshold,classifier=sklearn.ensemble.weight_boosting.AdaBoostClassifier(base_estimator=sklearn.tree.tree.DecisionTreeClassifier))(1)","0.6302","weight:null,criterion:""gini"",depth:9,features:null,nodes:null,split:1e-07,leaf:1,split:2,leaf:0.0,presort:false,state:33632,splitter:""best"",axis:0,features:[],copy:true,empty:0,values:""NaN"",strategy:""mean"",nominal:""most_frequent"",verbose:0,features:[],dtype:float64""},unknown:""ignore"",values:""auto"",sparse:false,threshold:0.0,algorithm:""SAMME.R"",rate:05412254723732741,estimators:447,state:33120"
"6013346","sklearn.pipeline.Pipeline(imputation=openmlstudy14.preprocessing.ConditionalImputer,hotencoding=sklearn.preprocessing.data.OneHotEncoder,variencethreshold=sklearn.feature_selection.variance_threshold.VarianceThreshold,classifier=sklearn.ensemble.weight_boosting.AdaBoostClassifier(base_estimator=sklearn.tree.tree.DecisionTreeClassifier))(1)","0.6299","weight:null,criterion:""gini"",depth:9,features:null,nodes:null,split:1e-07,leaf:1,split:2,leaf:0.0,presort:false,state:62474,splitter:""best"",axis:0,features:[],copy:true,empty:0,values:""NaN"",strategy:""mean"",nominal:""most_frequent"",verbose:0,features:[],dtype:float64""},unknown:""ignore"",values:""auto"",sparse:false,threshold:0.0,algorithm:""SAMME.R"",rate:09998958626305812,estimators:290,state:26956"
"6007958","sklearn.pipeline.Pipeline(imputation=openmlstudy14.preprocessing.ConditionalImputer,hotencoding=sklearn.preprocessing.data.OneHotEncoder,variencethreshold=sklearn.feature_selection.variance_threshold.VarianceThreshold,classifier=sklearn.ensemble.weight_boosting.AdaBoostClassifier(base_estimator=sklearn.tree.tree.DecisionTreeClassifier))(1)","0.6299","weight:null,criterion:""gini"",depth:8,features:null,nodes:null,split:1e-07,leaf:1,split:2,leaf:0.0,presort:false,state:45392,splitter:""best"",axis:0,features:[],copy:true,empty:0,values:""NaN"",strategy:""median"",nominal:""most_frequent"",verbose:0,features:[],dtype:float64""},unknown:""ignore"",values:""auto"",sparse:false,threshold:0.0,algorithm:""SAMME"",rate:077879167618127,estimators:65,state:17161"
"5987277","sklearn.pipeline.Pipeline(imputation=openmlstudy14.preprocessing.ConditionalImputer,hotencoding=sklearn.preprocessing.data.OneHotEncoder,variencethreshold=sklearn.feature_selection.variance_threshold.VarianceThreshold,classifier=sklearn.ensemble.weight_boosting.AdaBoostClassifier(base_estimator=sklearn.tree.tree.DecisionTreeClassifier))(1)","0.6297","weight:null,criterion:""gini"",depth:9,features:null,nodes:null,split:1e-07,leaf:1,split:2,leaf:0.0,presort:false,state:38906,splitter:""best"",axis:0,features:[],copy:true,empty:0,values:""NaN"",strategy:""median"",nominal:""most_frequent"",verbose:0,features:[],dtype:float64""},unknown:""ignore"",values:""auto"",sparse:false,threshold:0.0,algorithm:""SAMME.R"",rate:12431648427012801,estimators:252,state:37660"
"5995832","sklearn.pipeline.Pipeline(imputation=openmlstudy14.preprocessing.ConditionalImputer,hotencoding=sklearn.preprocessing.data.OneHotEncoder,variencethreshold=sklearn.feature_selection.variance_threshold.VarianceThreshold,classifier=sklearn.ensemble.weight_boosting.AdaBoostClassifier(base_estimator=sklearn.tree.tree.DecisionTreeClassifier))(1)","0.6294","weight:null,criterion:""gini"",depth:8,features:null,nodes:null,split:1e-07,leaf:1,split:2,leaf:0.0,presort:false,state:22560,splitter:""best"",axis:0,features:[],copy:true,empty:0,values:""NaN"",strategy:""most_frequent"",nominal:""most_frequent"",verbose:0,features:[],dtype:float64""},unknown:""ignore"",values:""auto"",sparse:false,threshold:0.0,algorithm:""SAMME.R"",rate:7297669700989228,estimators:273,state:6394"
"6016298","sklearn.pipeline.Pipeline(imputation=openmlstudy14.preprocessing.ConditionalImputer,hotencoding=sklearn.preprocessing.data.OneHotEncoder,variencethreshold=sklearn.feature_selection.variance_threshold.VarianceThreshold,classifier=sklearn.ensemble.weight_boosting.AdaBoostClassifier(base_estimator=sklearn.tree.tree.DecisionTreeClassifier))(1)","0.6287","weight:null,criterion:""gini"",depth:9,features:null,nodes:null,split:1e-07,leaf:1,split:2,leaf:0.0,presort:false,state:20273,splitter:""best"",axis:0,features:[],copy:true,empty:0,values:""NaN"",strategy:""mean"",nominal:""most_frequent"",verbose:0,features:[],dtype:float64""},unknown:""ignore"",values:""auto"",sparse:false,threshold:0.0,algorithm:""SAMME.R"",rate:2446023271617819,estimators:166,state:52330"
"6067024","openmlpimp.sklearn.beam_search.BeamSearchCV(estimator=sklearn.pipeline.Pipeline(imputation=openmlstudy14.preprocessing.ConditionalImputer,hotencoding=sklearn.preprocessing.data.OneHotEncoder,variencethreshold=sklearn.feature_selection.variance_threshold.VarianceThreshold,classifier=sklearn.ensemble.forest.RandomForestClassifier))(1)","0.6286","bootstrap:true,weight:null,criterion:""gini"",depth:null,features:""auto"",nodes:null,split:1e-07,leaf:1,split:2,leaf:0.0,estimators:10,jobs:1,score:false,state:1,verbose:0,start:false,axis:0,features:[],copy:true,empty:0,values:""NaN"",strategy:""median"",nominal:""most_frequent"",verbose:0,features:[],dtype:float64""},unknown:""ignore"",values:""auto"",sparse:true,threshold:0.0,width:1,cv:null,score:""raise"",params:{},iid:true,jobs:1,distributions:9], ""classifier__bootstrap"": [true, false], ""classifier__min_samples_split"": [2, 3, 4, 5, 6, 7, 8, 9, 10, 11, 12, 13, 14, 15, 16, 17, 18, 19, 20], ""classifier__criterion"": [""gini"", ""entropy""], ""imputation__strategy"": [""mean"", ""median"", ""most_frequent""]},dispatch:""2*n_jobs"",refit:true,scoring:_passthrough_scorer""},verbose:0"
"6066938","openmlpimp.sklearn.beam_search.BeamSearchCV(estimator=sklearn.pipeline.Pipeline(imputation=openmlstudy14.preprocessing.ConditionalImputer,hotencoding=sklearn.preprocessing.data.OneHotEncoder,variencethreshold=sklearn.feature_selection.variance_threshold.VarianceThreshold,classifier=sklearn.ensemble.forest.RandomForestClassifier))(1)","0.6286","bootstrap:true,weight:null,criterion:""gini"",depth:null,features:""auto"",nodes:null,split:1e-07,leaf:1,split:2,leaf:0.0,estimators:10,jobs:1,score:false,state:1,verbose:0,start:false,axis:0,features:[],copy:true,empty:0,values:""NaN"",strategy:""median"",nominal:""most_frequent"",verbose:0,features:[],dtype:float64""},unknown:""ignore"",values:""auto"",sparse:true,threshold:0.0,width:1,cv:null,score:""raise"",params:{},iid:true,jobs:1,distributions:9], ""classifier__bootstrap"": [true, false], ""classifier__min_samples_split"": [2, 3, 4, 5, 6, 7, 8, 9, 10, 11, 12, 13, 14, 15, 16, 17, 18, 19, 20], ""classifier__criterion"": [""gini"", ""entropy""], ""imputation__strategy"": [""mean"", ""median"", ""most_frequent""]},dispatch:""2*n_jobs"",refit:true,scoring:_passthrough_scorer""},verbose:0"
"5982814","sklearn.pipeline.Pipeline(imputation=openmlstudy14.preprocessing.ConditionalImputer,hotencoding=sklearn.preprocessing.data.OneHotEncoder,variencethreshold=sklearn.feature_selection.variance_threshold.VarianceThreshold,classifier=sklearn.ensemble.weight_boosting.AdaBoostClassifier(base_estimator=sklearn.tree.tree.DecisionTreeClassifier))(1)","0.6278","weight:null,criterion:""gini"",depth:9,features:null,nodes:null,split:1e-07,leaf:1,split:2,leaf:0.0,presort:false,state:7824,splitter:""best"",axis:0,features:[],copy:true,empty:0,values:""NaN"",strategy:""most_frequent"",nominal:""most_frequent"",verbose:0,features:[],dtype:float64""},unknown:""ignore"",values:""auto"",sparse:false,threshold:0.0,algorithm:""SAMME.R"",rate:20704208422518572,estimators:290,state:52078"
"5971841","sklearn.pipeline.Pipeline(imputation=openmlstudy14.preprocessing.ConditionalImputer,hotencoding=sklearn.preprocessing.data.OneHotEncoder,variencethreshold=sklearn.feature_selection.variance_threshold.VarianceThreshold,classifier=sklearn.ensemble.weight_boosting.AdaBoostClassifier(base_estimator=sklearn.tree.tree.DecisionTreeClassifier))(1)","0.6277","weight:null,criterion:""gini"",depth:6,features:null,nodes:null,split:1e-07,leaf:1,split:2,leaf:0.0,presort:false,state:51786,splitter:""best"",axis:0,features:[],copy:true,empty:0,values:""NaN"",strategy:""mean"",nominal:""most_frequent"",verbose:0,features:[],dtype:float64""},unknown:""ignore"",values:""auto"",sparse:false,threshold:0.0,algorithm:""SAMME"",rate:3178113580853063,estimators:165,state:13893"
"5999355","sklearn.pipeline.Pipeline(imputation=openmlstudy14.preprocessing.ConditionalImputer,hotencoding=sklearn.preprocessing.data.OneHotEncoder,variencethreshold=sklearn.feature_selection.variance_threshold.VarianceThreshold,classifier=sklearn.ensemble.weight_boosting.AdaBoostClassifier(base_estimator=sklearn.tree.tree.DecisionTreeClassifier))(1)","0.6272","weight:null,criterion:""gini"",depth:7,features:null,nodes:null,split:1e-07,leaf:1,split:2,leaf:0.0,presort:false,state:33406,splitter:""best"",axis:0,features:[],copy:true,empty:0,values:""NaN"",strategy:""most_frequent"",nominal:""most_frequent"",verbose:0,features:[],dtype:float64""},unknown:""ignore"",values:""auto"",sparse:false,threshold:0.0,algorithm:""SAMME"",rate:036373728498224144,estimators:363,state:727"
"5966526","sklearn.pipeline.Pipeline(imputation=openmlstudy14.preprocessing.ConditionalImputer,hotencoding=sklearn.preprocessing.data.OneHotEncoder,variencethreshold=sklearn.feature_selection.variance_threshold.VarianceThreshold,classifier=sklearn.ensemble.weight_boosting.AdaBoostClassifier(base_estimator=sklearn.tree.tree.DecisionTreeClassifier))(1)","0.6269","weight:null,criterion:""gini"",depth:10,features:null,nodes:null,split:1e-07,leaf:1,split:2,leaf:0.0,presort:false,state:26888,splitter:""best"",axis:0,features:[],copy:true,empty:0,values:""NaN"",strategy:""mean"",nominal:""most_frequent"",verbose:0,features:[],dtype:float64""},unknown:""ignore"",values:""auto"",sparse:false,threshold:0.0,algorithm:""SAMME.R"",rate:013153366571382342,estimators:284,state:62668"
"1666418","weka.Bagging_J48(5)","0.6267","C:0.25,M:2,P:100,S:1,num-slots:1,I:10,W:J48"
"6130194","sklearn.model_selection._search.RandomizedSearchCV(estimator=sklearn.pipeline.Pipeline(imputation=openmlstudy14.preprocessing.ConditionalImputer,hotencoding=sklearn.preprocessing.data.OneHotEncoder,variencethreshold=sklearn.feature_selection.variance_threshold.VarianceThreshold,classifier=sklearn.ensemble.forest.RandomForestClassifier))(1)","0.6235","bootstrap:false,weight:null,criterion:""gini"",depth:null,features:""auto"",nodes:null,split:1e-07,leaf:11,split:2,leaf:0.0,estimators:10,jobs:1,score:false,state:1,verbose:0,start:false,axis:0,features:[],copy:true,empty:0,values:""NaN"",strategy:""median"",nominal:""most_frequent"",verbose:0,features:[],dtype:float64""},unknown:""ignore"",values:""auto"",sparse:true,threshold:0.0,cv:null,score:""raise"",params:{},iid:true,iter:50,jobs:1,distributions:9], ""classifier__bootstrap"": [true, false], ""classifier__min_samples_split"": [2, 3, 4, 5, 6, 7, 8, 9, 10, 11, 12, 13, 14, 15, 16, 17, 18, 19, 20], ""classifier__criterion"": [""gini"", ""entropy""], ""imputation__strategy"": [""mean"", ""median"", ""most_frequent""]},dispatch:""2*n_jobs"",state:1,refit:true,score:true,scoring:null,verbose:0"
"9970036","sklearn.pipeline.Pipeline(columntransformer=sklearn.compose._column_transformer.ColumnTransformer(numeric=sklearn.pipeline.Pipeline(imputer=sklearn.preprocessing.imputation.Imputer,standardscaler=sklearn.preprocessing.data.StandardScaler),nominal=sklearn.pipeline.Pipeline(simpleimputer=sklearn.impute.SimpleImputer,onehotencoder=sklearn.preprocessing._encoders.OneHotEncoder)),variancethreshold=sklearn.feature_selection.variance_threshold.VarianceThreshold,gradientboostingclassifier=sklearn.ensemble.gradient_boosting.GradientBoostingClassifier)(3)","0.6219","memory:null,jobs:null,remainder:""passthrough"",threshold:0.3,weights:null,memory:null,axis:0,copy:true,values:""NaN"",strategy:""mean"",verbose:0,copy:true,mean:true,std:true,memory:null,copy:true,value:-1,values:NaN,strategy:""constant"",verbose:0,features:null,categories:null,dtype:float64""},unknown:""ignore"",values:null,sparse:true,threshold:0.0,criterion:""friedman_mse"",init:null,rate:21525540358703854,loss:""deviance"",depth:8,features:9598291899183757,nodes:null,decrease:3156630196912579,split:null,leaf:10,split:4,leaf:02692598136189539,estimators:76,change:390,presort:""auto"",state:23389,subsample:37326144786246473,tol:00010415067831587276,fraction:07203359170288137,verbose:0,start:false"
"569525","weka.AttributeSelectedClassifier_IBk(1)","0.6219","K:1,W:0,A:true,E:CfsSubsetEval -P 1 -E 1,S:BestFirst -D 1 -N 5,W:IBk"
"6122336","sklearn.model_selection._search.RandomizedSearchCV(estimator=sklearn.pipeline.Pipeline(imputation=openmlstudy14.preprocessing.ConditionalImputer,hotencoding=sklearn.preprocessing.data.OneHotEncoder,variencethreshold=sklearn.feature_selection.variance_threshold.VarianceThreshold,classifier=sklearn.ensemble.forest.RandomForestClassifier))(1)","0.6208","bootstrap:true,weight:null,criterion:""gini"",depth:null,features:""auto"",nodes:null,split:1e-07,leaf:1,split:2,leaf:0.0,estimators:10,jobs:1,score:false,state:1,verbose:0,start:false,axis:0,features:[],copy:true,empty:0,values:""NaN"",strategy:""median"",nominal:""most_frequent"",verbose:0,features:[],dtype:float64""},unknown:""ignore"",values:""auto"",sparse:true,threshold:0.0,cv:null,score:""raise"",params:{},iid:true,iter:50,jobs:1,distributions:9], ""classifier__min_samples_split"": [2, 3, 4, 5, 6, 7, 8, 9, 10, 11, 12, 13, 14, 15, 16, 17, 18, 19, 20], ""classifier__criterion"": [""gini"", ""entropy""], ""imputation__strategy"": [""mean"", ""median"", ""most_frequent""]},dispatch:""2*n_jobs"",state:45079,refit:true,score:true,scoring:null,verbose:0"
"8778463","sklearn.pipeline.Pipeline(imputation=openmlstudy14.preprocessing.ConditionalImputer,hotencoding=sklearn.preprocessing.data.OneHotEncoder,variencethreshold=sklearn.feature_selection.variance_threshold.VarianceThreshold,classifier=sklearn.ensemble.forest.RandomForestClassifier)(4)","0.6196","features:[],dtype:float64""},unknown:""ignore"",values:""auto"",sparse:true,bootstrap:false,weight:null,criterion:""entropy"",depth:null,features:2445393636651092,nodes:null,split:1e-07,leaf:10,split:15,leaf:0.0,estimators:10,jobs:1,score:false,state:57613,verbose:0,start:false,threshold:0.0,axis:0,features:[],copy:true,empty:0,values:""NaN"",strategy:""most_frequent"",nominal:""most_frequent"",verbose:0"
"6121968","sklearn.model_selection._search.RandomizedSearchCV(estimator=sklearn.pipeline.Pipeline(imputation=openmlstudy14.preprocessing.ConditionalImputer,hotencoding=sklearn.preprocessing.data.OneHotEncoder,variencethreshold=sklearn.feature_selection.variance_threshold.VarianceThreshold,classifier=sklearn.ensemble.forest.RandomForestClassifier))(1)","0.6184","bootstrap:true,weight:null,criterion:""gini"",depth:null,features:""auto"",nodes:null,split:1e-07,leaf:1,split:2,leaf:0.0,estimators:10,jobs:1,score:false,state:1,verbose:0,start:false,axis:0,features:[],copy:true,empty:0,values:""NaN"",strategy:""median"",nominal:""most_frequent"",verbose:0,features:[],dtype:float64""},unknown:""ignore"",values:""auto"",sparse:true,threshold:0.0,cv:null,score:""raise"",params:{},iid:true,iter:50,jobs:1,distributions:9], ""classifier__min_samples_split"": [2, 3, 4, 5, 6, 7, 8, 9, 10, 11, 12, 13, 14, 15, 16, 17, 18, 19, 20], ""classifier__criterion"": [""gini"", ""entropy""], ""imputation__strategy"": [""mean"", ""median"", ""most_frequent""]},dispatch:""2*n_jobs"",state:16323,refit:true,score:true,scoring:null,verbose:0"
"6121601","sklearn.model_selection._search.RandomizedSearchCV(estimator=sklearn.pipeline.Pipeline(imputation=openmlstudy14.preprocessing.ConditionalImputer,hotencoding=sklearn.preprocessing.data.OneHotEncoder,variencethreshold=sklearn.feature_selection.variance_threshold.VarianceThreshold,classifier=sklearn.ensemble.forest.RandomForestClassifier))(1)","0.6182","bootstrap:true,weight:null,criterion:""gini"",depth:null,features:""auto"",nodes:null,split:1e-07,leaf:1,split:2,leaf:0.0,estimators:10,jobs:1,score:false,state:1,verbose:0,start:false,axis:0,features:[],copy:true,empty:0,values:""NaN"",strategy:""median"",nominal:""most_frequent"",verbose:0,features:[],dtype:float64""},unknown:""ignore"",values:""auto"",sparse:true,threshold:0.0,cv:null,score:""raise"",params:{},iid:true,iter:50,jobs:1,distributions:9], ""classifier__min_samples_split"": [2, 3, 4, 5, 6, 7, 8, 9, 10, 11, 12, 13, 14, 15, 16, 17, 18, 19, 20], ""classifier__criterion"": [""gini"", ""entropy""], ""imputation__strategy"": [""mean"", ""median"", ""most_frequent""]},dispatch:""2*n_jobs"",state:52769,refit:true,score:true,scoring:null,verbose:0"
"1672401","weka.Bagging_RandomTree(9)","0.617","K:0,M:1.0,V:0.001,S:1,P:100,S:1,num-slots:1,I:10,W:RandomTree"
"6129561","sklearn.model_selection._search.RandomizedSearchCV(estimator=sklearn.pipeline.Pipeline(imputation=openmlstudy14.preprocessing.ConditionalImputer,hotencoding=sklearn.preprocessing.data.OneHotEncoder,variencethreshold=sklearn.feature_selection.variance_threshold.VarianceThreshold,classifier=sklearn.ensemble.forest.RandomForestClassifier))(1)","0.6136","bootstrap:true,weight:null,criterion:""gini"",depth:null,features:0.7,nodes:null,split:1e-07,leaf:1,split:2,leaf:0.0,estimators:10,jobs:1,score:false,state:1,verbose:0,start:false,axis:0,features:[],copy:true,empty:0,values:""NaN"",strategy:""median"",nominal:""most_frequent"",verbose:0,features:[],dtype:float64""},unknown:""ignore"",values:""auto"",sparse:true,threshold:0.0,cv:null,score:""raise"",params:{},iid:true,iter:50,jobs:1,distributions:9], ""classifier__min_samples_split"": [2, 3, 4, 5, 6, 7, 8, 9, 10, 11, 12, 13, 14, 15, 16, 17, 18, 19, 20], ""classifier__criterion"": [""gini"", ""entropy""], ""imputation__strategy"": [""mean"", ""median"", ""most_frequent""]},dispatch:""2*n_jobs"",state:1,refit:true,score:true,scoring:null,verbose:0"
"6129210","sklearn.model_selection._search.RandomizedSearchCV(estimator=sklearn.pipeline.Pipeline(imputation=openmlstudy14.preprocessing.ConditionalImputer,hotencoding=sklearn.preprocessing.data.OneHotEncoder,variencethreshold=sklearn.feature_selection.variance_threshold.VarianceThreshold,classifier=sklearn.ensemble.forest.RandomForestClassifier))(1)","0.6136","bootstrap:true,weight:null,criterion:""gini"",depth:null,features:""auto"",nodes:null,split:1e-07,leaf:1,split:2,leaf:0.0,estimators:10,jobs:1,score:false,state:1,verbose:0,start:false,axis:0,features:[],copy:true,empty:0,values:""NaN"",strategy:""median"",nominal:""most_frequent"",verbose:0,features:[],dtype:float64""},unknown:""ignore"",values:""auto"",sparse:true,threshold:0.0,cv:null,score:""raise"",params:{},iid:true,iter:50,jobs:1,distributions:9], ""classifier__min_samples_split"": [2, 3, 4, 5, 6, 7, 8, 9, 10, 11, 12, 13, 14, 15, 16, 17, 18, 19, 20], ""classifier__criterion"": [""gini"", ""entropy""], ""imputation__strategy"": [""mean"", ""median"", ""most_frequent""]},dispatch:""2*n_jobs"",state:1,refit:true,score:true,scoring:null,verbose:0"
"6122715","sklearn.model_selection._search.RandomizedSearchCV(estimator=sklearn.pipeline.Pipeline(imputation=openmlstudy14.preprocessing.ConditionalImputer,hotencoding=sklearn.preprocessing.data.OneHotEncoder,variencethreshold=sklearn.feature_selection.variance_threshold.VarianceThreshold,classifier=sklearn.ensemble.forest.RandomForestClassifier))(1)","0.6135","bootstrap:true,weight:null,criterion:""gini"",depth:null,features:""auto"",nodes:null,split:1e-07,leaf:1,split:2,leaf:0.0,estimators:10,jobs:1,score:false,state:1,verbose:0,start:false,axis:0,features:[],copy:true,empty:0,values:""NaN"",strategy:""median"",nominal:""most_frequent"",verbose:0,features:[],dtype:float64""},unknown:""ignore"",values:""auto"",sparse:true,threshold:0.0,cv:null,score:""raise"",params:{},iid:true,iter:50,jobs:1,distributions:9], ""classifier__min_samples_split"": [2, 3, 4, 5, 6, 7, 8, 9, 10, 11, 12, 13, 14, 15, 16, 17, 18, 19, 20], ""classifier__criterion"": [""gini"", ""entropy""], ""imputation__strategy"": [""mean"", ""median"", ""most_frequent""]},dispatch:""2*n_jobs"",state:22270,refit:true,score:true,scoring:null,verbose:0"
"6129855","sklearn.model_selection._search.RandomizedSearchCV(estimator=sklearn.pipeline.Pipeline(imputation=openmlstudy14.preprocessing.ConditionalImputer,hotencoding=sklearn.preprocessing.data.OneHotEncoder,variencethreshold=sklearn.feature_selection.variance_threshold.VarianceThreshold,classifier=sklearn.ensemble.forest.RandomForestClassifier))(1)","0.6135","bootstrap:false,weight:null,criterion:""gini"",depth:null,features:""auto"",nodes:null,split:1e-07,leaf:13,split:2,leaf:0.0,estimators:10,jobs:1,score:false,state:1,verbose:0,start:false,axis:0,features:[],copy:true,empty:0,values:""NaN"",strategy:""median"",nominal:""most_frequent"",verbose:0,features:[],dtype:float64""},unknown:""ignore"",values:""auto"",sparse:true,threshold:0.0,cv:null,score:""raise"",params:{},iid:true,iter:50,jobs:1,distributions:9], ""classifier__bootstrap"": [true, false], ""classifier__min_samples_split"": [2, 3, 4, 5, 6, 7, 8, 9, 10, 11, 12, 13, 14, 15, 16, 17, 18, 19, 20], ""classifier__criterion"": [""gini"", ""entropy""], ""imputation__strategy"": [""mean"", ""median"", ""most_frequent""]},dispatch:""2*n_jobs"",state:1,refit:true,score:true,scoring:null,verbose:0"
"6130606","sklearn.model_selection._search.RandomizedSearchCV(estimator=sklearn.pipeline.Pipeline(imputation=openmlstudy14.preprocessing.ConditionalImputer,hotencoding=sklearn.preprocessing.data.OneHotEncoder,variencethreshold=sklearn.feature_selection.variance_threshold.VarianceThreshold,classifier=sklearn.ensemble.forest.RandomForestClassifier))(1)","0.6129","bootstrap:false,weight:null,criterion:""gini"",depth:null,features:0.7,nodes:null,split:1e-07,leaf:14,split:2,leaf:0.0,estimators:10,jobs:1,score:false,state:1,verbose:0,start:false,axis:0,features:[],copy:true,empty:0,values:""NaN"",strategy:""median"",nominal:""most_frequent"",verbose:0,features:[],dtype:float64""},unknown:""ignore"",values:""auto"",sparse:true,threshold:0.0,cv:null,score:""raise"",params:{},iid:true,iter:50,jobs:1,distributions:9], ""classifier__bootstrap"": [true, false], ""classifier__min_samples_split"": [2, 3, 4, 5, 6, 7, 8, 9, 10, 11, 12, 13, 14, 15, 16, 17, 18, 19, 20], ""classifier__criterion"": [""gini"", ""entropy""], ""imputation__strategy"": [""mean"", ""median"", ""most_frequent""]},dispatch:""2*n_jobs"",state:1,refit:true,score:true,scoring:null,verbose:0"
"8778480","sklearn.pipeline.Pipeline(imputation=openmlstudy14.preprocessing.ConditionalImputer,hotencoding=sklearn.preprocessing.data.OneHotEncoder,variencethreshold=sklearn.feature_selection.variance_threshold.VarianceThreshold,classifier=sklearn.ensemble.forest.RandomForestClassifier)(4)","0.6128","features:[],dtype:float64""},unknown:""ignore"",values:""auto"",sparse:true,bootstrap:false,weight:null,criterion:""gini"",depth:null,features:2754809898806998,nodes:null,split:1e-07,leaf:12,split:10,leaf:0.0,estimators:10,jobs:1,score:false,state:15180,verbose:0,start:false,threshold:0.0,axis:0,features:[],copy:true,empty:0,values:""NaN"",strategy:""mean"",nominal:""most_frequent"",verbose:0"
"9998320","sklearn.pipeline.Pipeline(columntransformer=sklearn.compose._column_transformer.ColumnTransformer(numeric=sklearn.pipeline.Pipeline(imputer=sklearn.preprocessing.imputation.Imputer,standardscaler=sklearn.preprocessing.data.StandardScaler),nominal=sklearn.pipeline.Pipeline(simpleimputer=sklearn.impute.SimpleImputer,onehotencoder=sklearn.preprocessing._encoders.OneHotEncoder)),variancethreshold=sklearn.feature_selection.variance_threshold.VarianceThreshold,gradientboostingclassifier=sklearn.ensemble.gradient_boosting.GradientBoostingClassifier)(3)","0.6113","memory:null,jobs:null,remainder:""passthrough"",threshold:0.3,weights:null,memory:null,axis:0,copy:true,values:""NaN"",strategy:""median"",verbose:0,copy:true,mean:true,std:true,memory:null,copy:true,value:-1,values:NaN,strategy:""constant"",verbose:0,features:null,categories:null,dtype:float64""},unknown:""ignore"",values:null,sparse:true,threshold:0.0,criterion:""friedman_mse"",init:null,rate:4278656530489457,loss:""deviance"",depth:4,features:9801025801124587,nodes:null,decrease:12600134548486508,split:null,leaf:9,split:7,leaf:11297286383224558,estimators:290,change:915,presort:""auto"",state:62215,subsample:8166677545081269,tol:016988462093186874,fraction:11412303497360776,verbose:0,start:false"
"6130379","sklearn.model_selection._search.RandomizedSearchCV(estimator=sklearn.pipeline.Pipeline(imputation=openmlstudy14.preprocessing.ConditionalImputer,hotencoding=sklearn.preprocessing.data.OneHotEncoder,variencethreshold=sklearn.feature_selection.variance_threshold.VarianceThreshold,classifier=sklearn.ensemble.forest.RandomForestClassifier))(1)","0.6103","bootstrap:false,weight:null,criterion:""gini"",depth:null,features:""auto"",nodes:null,split:1e-07,leaf:16,split:2,leaf:0.0,estimators:10,jobs:1,score:false,state:1,verbose:0,start:false,axis:0,features:[],copy:true,empty:0,values:""NaN"",strategy:""median"",nominal:""most_frequent"",verbose:0,features:[],dtype:float64""},unknown:""ignore"",values:""auto"",sparse:true,threshold:0.0,cv:null,score:""raise"",params:{},iid:true,iter:50,jobs:1,distributions:9], ""classifier__bootstrap"": [true, false], ""classifier__min_samples_split"": [2, 3, 4, 5, 6, 7, 8, 9, 10, 11, 12, 13, 14, 15, 16, 17, 18, 19, 20], ""classifier__criterion"": [""gini"", ""entropy""], ""imputation__strategy"": [""mean"", ""median"", ""most_frequent""]},dispatch:""2*n_jobs"",state:1,refit:true,score:true,scoring:null,verbose:0"
"6130192","sklearn.model_selection._search.RandomizedSearchCV(estimator=sklearn.pipeline.Pipeline(imputation=openmlstudy14.preprocessing.ConditionalImputer,hotencoding=sklearn.preprocessing.data.OneHotEncoder,variencethreshold=sklearn.feature_selection.variance_threshold.VarianceThreshold,classifier=sklearn.ensemble.forest.RandomForestClassifier))(1)","0.6066","bootstrap:false,weight:null,criterion:""gini"",depth:null,features:0.7,nodes:null,split:1e-07,leaf:17,split:2,leaf:0.0,estimators:10,jobs:1,score:false,state:1,verbose:0,start:false,axis:0,features:[],copy:true,empty:0,values:""NaN"",strategy:""median"",nominal:""most_frequent"",verbose:0,features:[],dtype:float64""},unknown:""ignore"",values:""auto"",sparse:true,threshold:0.0,cv:null,score:""raise"",params:{},iid:true,iter:50,jobs:1,distributions:9], ""classifier__bootstrap"": [true, false], ""classifier__min_samples_split"": [2, 3, 4, 5, 6, 7, 8, 9, 10, 11, 12, 13, 14, 15, 16, 17, 18, 19, 20], ""classifier__criterion"": [""gini"", ""entropy""], ""imputation__strategy"": [""mean"", ""median"", ""most_frequent""]},dispatch:""2*n_jobs"",state:1,refit:true,score:true,scoring:null,verbose:0"
"1666324","weka.Bagging_REPTree(17)","0.6058","M:2,V:0.001,N:3,S:1,L:-1,I:0.0,P:100,S:1,num-slots:1,I:10,W:REPTree"
"8778429","sklearn.pipeline.Pipeline(imputation=openmlstudy14.preprocessing.ConditionalImputer,hotencoding=sklearn.preprocessing.data.OneHotEncoder,variencethreshold=sklearn.feature_selection.variance_threshold.VarianceThreshold,classifier=sklearn.ensemble.forest.RandomForestClassifier)(4)","0.6055","features:[],dtype:float64""},unknown:""ignore"",values:""auto"",sparse:true,bootstrap:true,weight:null,criterion:""entropy"",depth:null,features:18728320496241768,nodes:null,split:1e-07,leaf:1,split:12,leaf:0.0,estimators:10,jobs:1,score:false,state:40947,verbose:0,start:false,threshold:0.0,axis:0,features:[],copy:true,empty:0,values:""NaN"",strategy:""median"",nominal:""most_frequent"",verbose:0"
"9913706","sklearn.pipeline.Pipeline(columntransformer=sklearn.compose._column_transformer.ColumnTransformer(numeric=sklearn.pipeline.Pipeline(imputer=sklearn.preprocessing.imputation.Imputer,standardscaler=sklearn.preprocessing.data.StandardScaler),nominal=sklearn.pipeline.Pipeline(simpleimputer=sklearn.impute.SimpleImputer,onehotencoder=sklearn.preprocessing._encoders.OneHotEncoder)),variancethreshold=sklearn.feature_selection.variance_threshold.VarianceThreshold,gradientboostingclassifier=sklearn.ensemble.gradient_boosting.GradientBoostingClassifier)(1)","0.6045","memory:null,jobs:null,remainder:""passthrough"",threshold:0.3,weights:null,memory:null,axis:0,copy:true,values:""NaN"",strategy:""median"",verbose:0,copy:true,mean:true,std:true,memory:null,copy:true,value:-1,values:NaN,strategy:""constant"",verbose:0,features:null,categories:null,dtype:float64""},unknown:""ignore"",values:null,sparse:true,threshold:0.0,criterion:""friedman_mse"",init:null,rate:21657140512596781,loss:""deviance"",depth:5,features:12719109199350775,nodes:null,decrease:014432664206707968,split:null,leaf:20,split:17,leaf:0805676854328985,estimators:325,change:116,presort:""auto"",state:59826,subsample:96386021490534,tol:737092953217837e-05,fraction:3336228368226858,verbose:0,start:false"
"9938787","sklearn.pipeline.Pipeline(columntransformer=sklearn.compose._column_transformer.ColumnTransformer(numeric=sklearn.pipeline.Pipeline(imputer=sklearn.preprocessing.imputation.Imputer,standardscaler=sklearn.preprocessing.data.StandardScaler),nominal=sklearn.pipeline.Pipeline(simpleimputer=sklearn.impute.SimpleImputer,onehotencoder=sklearn.preprocessing._encoders.OneHotEncoder)),variancethreshold=sklearn.feature_selection.variance_threshold.VarianceThreshold,gradientboostingclassifier=sklearn.ensemble.gradient_boosting.GradientBoostingClassifier)(3)","0.604","memory:null,jobs:null,remainder:""passthrough"",threshold:0.3,weights:null,memory:null,axis:0,copy:true,values:""NaN"",strategy:""most_frequent"",verbose:0,copy:true,mean:true,std:true,memory:null,copy:true,value:-1,values:NaN,strategy:""constant"",verbose:0,features:null,categories:null,dtype:float64""},unknown:""ignore"",values:null,sparse:true,threshold:0.0,criterion:""friedman_mse"",init:null,rate:021834371851107377,loss:""deviance"",depth:4,features:9067691941225416,nodes:null,decrease:3213354528176514,split:null,leaf:16,split:10,leaf:006935362861018202,estimators:486,change:797,presort:""auto"",state:61859,subsample:14910764769000184,tol:00013975569410733604,fraction:20080850062247957,verbose:0,start:false"
"1810415","weka.AdaBoostM1_REPTree(4)","0.5999","M:2,V:0.001,N:3,S:1,L:-1,I:0.0,P:100,S:1,I:10,W:REPTree"
"6130383","sklearn.model_selection._search.RandomizedSearchCV(estimator=sklearn.pipeline.Pipeline(imputation=openmlstudy14.preprocessing.ConditionalImputer,hotencoding=sklearn.preprocessing.data.OneHotEncoder,variencethreshold=sklearn.feature_selection.variance_threshold.VarianceThreshold,classifier=sklearn.ensemble.forest.RandomForestClassifier))(1)","0.5995","bootstrap:false,weight:null,criterion:""gini"",depth:null,features:0.7,nodes:null,split:1e-07,leaf:20,split:2,leaf:0.0,estimators:10,jobs:1,score:false,state:1,verbose:0,start:false,axis:0,features:[],copy:true,empty:0,values:""NaN"",strategy:""median"",nominal:""most_frequent"",verbose:0,features:[],dtype:float64""},unknown:""ignore"",values:""auto"",sparse:true,threshold:0.0,cv:null,score:""raise"",params:{},iid:true,iter:50,jobs:1,distributions:9], ""classifier__bootstrap"": [true, false], ""classifier__min_samples_split"": [2, 3, 4, 5, 6, 7, 8, 9, 10, 11, 12, 13, 14, 15, 16, 17, 18, 19, 20], ""classifier__criterion"": [""gini"", ""entropy""], ""imputation__strategy"": [""mean"", ""median"", ""most_frequent""]},dispatch:""2*n_jobs"",state:1,refit:true,score:true,scoring:null,verbose:0"
"569361","weka.IBk(7)","0.5985","K:5,W:0,A:true"
"570204","weka.IBk(7)","0.5984","K:2,W:0,A:true"
"9771195","sklearn.pipeline.Pipeline(columntransformer=sklearn.compose._column_transformer.ColumnTransformer(numeric=sklearn.pipeline.Pipeline(imputer=sklearn.preprocessing.imputation.Imputer,standardscaler=sklearn.preprocessing.data.StandardScaler),nominal=sklearn.pipeline.Pipeline(simpleimputer=sklearn.impute.SimpleImputer,onehotencoder=sklearn.preprocessing._encoders.OneHotEncoder)),variancethreshold=sklearn.feature_selection.variance_threshold.VarianceThreshold,svc=sklearn.svm.classes.SVC)(1)","0.5899","axis:0,copy:true,values:""NaN"",strategy:""most_frequent"",verbose:0,copy:true,mean:true,std:true,memory:null,copy:true,value:-1,values:NaN,strategy:""constant"",verbose:0,features:null,categories:null,dtype:float64""},unknown:""ignore"",values:null,sparse:true,C:779844065145475,size:200,weight:null,coef0:0.0,shape:""ovr"",degree:3,gamma:2772840814193586,kernel:""rbf"",iter:-1,probability:false,state:28235,shrinking:true,tol:014812718388403008,verbose:false,jobs:null,remainder:""passthrough"",threshold:0.3,weights:null,memory:null,threshold:0.0,memory:null"
"1761718","weka.RandomSubSpace_REPTree(6)","0.5899","M:2,V:0.001,N:3,S:1,L:-1,I:0.0,P:0.5,S:1,num-slots:1,I:10,W:REPTree"
"9757440","sklearn.pipeline.Pipeline(columntransformer=sklearn.compose._column_transformer.ColumnTransformer(numeric=sklearn.pipeline.Pipeline(imputer=sklearn.preprocessing.imputation.Imputer,standardscaler=sklearn.preprocessing.data.StandardScaler),nominal=sklearn.pipeline.Pipeline(simpleimputer=sklearn.impute.SimpleImputer,onehotencoder=sklearn.preprocessing._encoders.OneHotEncoder)),variancethreshold=sklearn.feature_selection.variance_threshold.VarianceThreshold,svc=sklearn.svm.classes.SVC)(1)","0.5896","axis:0,copy:true,values:""NaN"",strategy:""most_frequent"",verbose:0,copy:true,mean:true,std:true,memory:null,copy:true,value:-1,values:NaN,strategy:""constant"",verbose:0,features:null,categories:null,dtype:float64""},unknown:""ignore"",values:null,sparse:true,C:08404637770916,size:200,weight:null,coef0:0.0,shape:""ovr"",degree:3,gamma:21661811936403638,kernel:""rbf"",iter:-1,probability:false,state:22834,shrinking:false,tol:008825436921962075,verbose:false,jobs:null,remainder:""passthrough"",threshold:0.3,weights:null,memory:null,threshold:0.0,memory:null"
"9197117","sklearn.model_selection._search.RandomizedSearchCV(estimator=sklearn.pipeline.Pipeline(imputation=hyperimp.utils.preprocessing.ConditionalImputer,hotencoding=sklearn.preprocessing.data.OneHotEncoder,scaling=sklearn.preprocessing.data.StandardScaler,variencethreshold=sklearn.feature_selection.variance_threshold.VarianceThreshold,clf=sklearn.svm.classes.SVC))(1)","0.5896","features:[],dtype:float64""},unknown:""ignore"",values:""auto"",sparse:true,threshold:0.0,copy:true,mean:false,std:true,C:1.0,size:200,weight:null,coef0:0.0,shape:""ovr"",degree:3,gamma:""auto"",kernel:""rbf"",iter:-1,probability:false,state:61968,shrinking:true,tol:0.001,verbose:false,axis:0,features:[],copy:true,empty:0,values:""NaN"",strategy:""mean"",nominal:""most_frequent"",verbose:0,memory:null,cv:5,score:""raise"",params:null,iid:true,iter:100,jobs:-1,distributions:1}}}},dispatch:""2*n_jobs"",state:979806,refit:true,score:""warn"",scoring:null,verbose:1"
"9197102","sklearn.model_selection._search.RandomizedSearchCV(estimator=sklearn.pipeline.Pipeline(imputation=hyperimp.utils.preprocessing.ConditionalImputer,hotencoding=sklearn.preprocessing.data.OneHotEncoder,scaling=sklearn.preprocessing.data.StandardScaler,variencethreshold=sklearn.feature_selection.variance_threshold.VarianceThreshold,clf=sklearn.svm.classes.SVC))(1)","0.5896","features:[],dtype:float64""},unknown:""ignore"",values:""auto"",sparse:true,threshold:0.0,copy:true,mean:false,std:true,C:1.0,size:200,weight:null,coef0:0.0,shape:""ovr"",degree:3,gamma:""auto"",kernel:""rbf"",iter:-1,probability:false,state:31523,shrinking:true,tol:0.001,verbose:false,axis:0,features:[],copy:true,empty:0,values:""NaN"",strategy:""mean"",nominal:""most_frequent"",verbose:0,memory:null,cv:5,score:""raise"",params:null,iid:true,iter:100,jobs:-1,distributions:1}}}},dispatch:""2*n_jobs"",state:3645,refit:true,score:""warn"",scoring:null,verbose:1"
"9197422","sklearn.model_selection._search.RandomizedSearchCV(estimator=sklearn.pipeline.Pipeline(imputation=hyperimp.utils.preprocessing.ConditionalImputer,hotencoding=sklearn.preprocessing.data.OneHotEncoder,scaling=sklearn.preprocessing.data.StandardScaler,variencethreshold=sklearn.feature_selection.variance_threshold.VarianceThreshold,clf=sklearn.svm.classes.SVC))(1)","0.5896","features:[],dtype:float64""},unknown:""ignore"",values:""auto"",sparse:true,threshold:0.0,copy:true,mean:false,std:true,C:1.0,size:200,weight:null,coef0:0.0,shape:""ovr"",degree:3,gamma:""auto"",kernel:""rbf"",iter:-1,probability:false,state:54461,shrinking:true,tol:0.001,verbose:false,axis:0,features:[],copy:true,empty:0,values:""NaN"",strategy:""mean"",nominal:""most_frequent"",verbose:0,memory:null,cv:5,score:""raise"",params:null,iid:true,iter:100,jobs:-1,distributions:1}}}},dispatch:""2*n_jobs"",state:3645,refit:true,score:""warn"",scoring:null,verbose:1"
"9197479","sklearn.model_selection._search.RandomizedSearchCV(estimator=sklearn.pipeline.Pipeline(imputation=hyperimp.utils.preprocessing.ConditionalImputer,hotencoding=sklearn.preprocessing.data.OneHotEncoder,scaling=sklearn.preprocessing.data.StandardScaler,variencethreshold=sklearn.feature_selection.variance_threshold.VarianceThreshold,clf=sklearn.svm.classes.SVC))(1)","0.5896","features:[],dtype:float64""},unknown:""ignore"",values:""auto"",sparse:true,threshold:0.0,copy:true,mean:false,std:true,C:1.0,size:200,weight:null,coef0:0.0,shape:""ovr"",degree:3,gamma:""auto"",kernel:""rbf"",iter:-1,probability:false,state:3083,shrinking:true,tol:0.001,verbose:false,axis:0,features:[],copy:true,empty:0,values:""NaN"",strategy:""mean"",nominal:""most_frequent"",verbose:0,memory:null,cv:5,score:""raise"",params:null,iid:true,iter:100,jobs:-1,distributions:1}}}},dispatch:""2*n_jobs"",state:3645,refit:true,score:""warn"",scoring:null,verbose:1"
"9196410","sklearn.model_selection._search.RandomizedSearchCV(estimator=sklearn.pipeline.Pipeline(imputation=hyperimp.utils.preprocessing.ConditionalImputer,hotencoding=sklearn.preprocessing.data.OneHotEncoder,scaling=sklearn.preprocessing.data.StandardScaler,variencethreshold=sklearn.feature_selection.variance_threshold.VarianceThreshold,clf=sklearn.svm.classes.SVC))(1)","0.589","features:[],dtype:float64""},unknown:""ignore"",values:""auto"",sparse:true,threshold:0.0,copy:true,mean:false,std:true,C:1.0,size:200,weight:null,coef0:0.0,shape:""ovr"",degree:3,gamma:""auto"",kernel:""rbf"",iter:-1,probability:false,state:5067,shrinking:true,tol:0.001,verbose:false,axis:0,features:[],copy:true,empty:0,values:""NaN"",strategy:""mean"",nominal:""most_frequent"",verbose:0,memory:null,cv:5,score:""raise"",params:null,iid:true,iter:100,jobs:-1,distributions:1}}}},dispatch:""2*n_jobs"",state:196453,refit:true,score:""warn"",scoring:null,verbose:1"
"9196267","sklearn.model_selection._search.RandomizedSearchCV(estimator=sklearn.pipeline.Pipeline(imputation=hyperimp.utils.preprocessing.ConditionalImputer,hotencoding=sklearn.preprocessing.data.OneHotEncoder,scaling=sklearn.preprocessing.data.StandardScaler,variencethreshold=sklearn.feature_selection.variance_threshold.VarianceThreshold,clf=sklearn.svm.classes.SVC))(1)","0.589","features:[],dtype:float64""},unknown:""ignore"",values:""auto"",sparse:true,threshold:0.0,copy:true,mean:false,std:true,C:1.0,size:200,weight:null,coef0:0.0,shape:""ovr"",degree:3,gamma:""auto"",kernel:""rbf"",iter:-1,probability:false,state:36270,shrinking:true,tol:0.001,verbose:false,axis:0,features:[],copy:true,empty:0,values:""NaN"",strategy:""mean"",nominal:""most_frequent"",verbose:0,memory:null,cv:5,score:""raise"",params:null,iid:true,iter:100,jobs:-1,distributions:1}}}},dispatch:""2*n_jobs"",state:196453,refit:true,score:""warn"",scoring:null,verbose:1"
"9196310","sklearn.model_selection._search.RandomizedSearchCV(estimator=sklearn.pipeline.Pipeline(imputation=hyperimp.utils.preprocessing.ConditionalImputer,hotencoding=sklearn.preprocessing.data.OneHotEncoder,scaling=sklearn.preprocessing.data.StandardScaler,variencethreshold=sklearn.feature_selection.variance_threshold.VarianceThreshold,clf=sklearn.svm.classes.SVC))(1)","0.5889","features:[],dtype:float64""},unknown:""ignore"",values:""auto"",sparse:true,threshold:0.0,copy:true,mean:false,std:true,C:1.0,size:200,weight:null,coef0:0.0,shape:""ovr"",degree:3,gamma:""auto"",kernel:""rbf"",iter:-1,probability:false,state:59346,shrinking:true,tol:0.001,verbose:false,axis:0,features:[],copy:true,empty:0,values:""NaN"",strategy:""mean"",nominal:""most_frequent"",verbose:0,memory:null,cv:5,score:""raise"",params:null,iid:true,iter:100,jobs:-1,distributions:1}}}},dispatch:""2*n_jobs"",state:196453,refit:true,score:""warn"",scoring:null,verbose:1"
"9150857","sklearn.pipeline.Pipeline(imputation=hyperimp.utils.preprocessing.ConditionalImputer2,hotencoding=sklearn.preprocessing.data.OneHotEncoder,scaling=sklearn.preprocessing.data.StandardScaler,variencethreshold=sklearn.feature_selection.variance_threshold.VarianceThreshold,clf=sklearn.svm.classes.SVC)(1)","0.5889","features:[],dtype:float64""},unknown:""ignore"",values:""auto"",sparse:true,threshold:0.0,copy:true,mean:false,std:true,C:6795892534927,size:200,weight:null,coef0:06327538800789878,shape:""ovr"",degree:3,gamma:3356982369136152,kernel:""rbf"",iter:-1,probability:false,state:931,shrinking:true,tol:0030578103109526415,verbose:false,axis:0,features:[],copy:true,empty:0,values:""NaN"",strategy:""mean"",nominal:""most_frequent"",verbose:0,memory:null"
"9758208","sklearn.pipeline.Pipeline(columntransformer=sklearn.compose._column_transformer.ColumnTransformer(numeric=sklearn.pipeline.Pipeline(imputer=sklearn.preprocessing.imputation.Imputer,standardscaler=sklearn.preprocessing.data.StandardScaler),nominal=sklearn.pipeline.Pipeline(simpleimputer=sklearn.impute.SimpleImputer,onehotencoder=sklearn.preprocessing._encoders.OneHotEncoder)),variancethreshold=sklearn.feature_selection.variance_threshold.VarianceThreshold,svc=sklearn.svm.classes.SVC)(1)","0.5888","axis:0,copy:true,values:""NaN"",strategy:""mean"",verbose:0,copy:true,mean:true,std:true,memory:null,copy:true,value:-1,values:NaN,strategy:""constant"",verbose:0,features:null,categories:null,dtype:float64""},unknown:""ignore"",values:null,sparse:true,C:89202695194646,size:200,weight:null,coef0:0.0,shape:""ovr"",degree:3,gamma:21396280575645218,kernel:""rbf"",iter:-1,probability:false,state:57443,shrinking:true,tol:011204500746061451,verbose:false,jobs:null,remainder:""passthrough"",threshold:0.3,weights:null,memory:null,threshold:0.0,memory:null"
"9144450","sklearn.pipeline.Pipeline(imputation=hyperimp.utils.preprocessing.ConditionalImputer2,hotencoding=sklearn.preprocessing.data.OneHotEncoder,scaling=sklearn.preprocessing.data.StandardScaler,variencethreshold=sklearn.feature_selection.variance_threshold.VarianceThreshold,clf=sklearn.svm.classes.SVC)(1)","0.5886","features:[],dtype:float64""},unknown:""ignore"",values:""auto"",sparse:true,threshold:0.0,copy:true,mean:false,std:true,C:71594243392834,size:200,weight:null,coef0:1412384350113104,shape:""ovr"",degree:3,gamma:23949270559545932,kernel:""rbf"",iter:-1,probability:false,state:94798,shrinking:true,tol:031051327849144907,verbose:false,axis:0,features:[],copy:true,empty:0,values:""NaN"",strategy:""mean"",nominal:""most_frequent"",verbose:0,memory:null"
"9158867","sklearn.pipeline.Pipeline(imputation=hyperimp.utils.preprocessing.ConditionalImputer2,hotencoding=sklearn.preprocessing.data.OneHotEncoder,scaling=sklearn.preprocessing.data.StandardScaler,variencethreshold=sklearn.feature_selection.variance_threshold.VarianceThreshold,clf=sklearn.svm.classes.SVC)(1)","0.5886","features:[],dtype:float64""},unknown:""ignore"",values:""auto"",sparse:true,threshold:0.0,copy:true,mean:false,std:true,C:496816326598815,size:200,weight:null,coef0:4122568848677538,shape:""ovr"",degree:3,gamma:3892463543238171,kernel:""rbf"",iter:-1,probability:false,state:38357,shrinking:false,tol:005459472272855711,verbose:false,axis:0,features:[],copy:true,empty:0,values:""NaN"",strategy:""mean"",nominal:""most_frequent"",verbose:0,memory:null"
"570038","weka.AttributeSelectedClassifier_IBk(1)","0.5885","K:5,W:0,A:true,E:CfsSubsetEval -P 1 -E 1,S:BestFirst -D 1 -N 5,W:IBk"
"9193491","sklearn.model_selection._search.RandomizedSearchCV(estimator=sklearn.pipeline.Pipeline(imputation=hyperimp.utils.preprocessing.ConditionalImputer,hotencoding=sklearn.preprocessing.data.OneHotEncoder,scaling=sklearn.preprocessing.data.StandardScaler,variencethreshold=sklearn.feature_selection.variance_threshold.VarianceThreshold,clf=sklearn.svm.classes.SVC))(1)","0.5884","features:[],dtype:float64""},unknown:""ignore"",values:""auto"",sparse:true,threshold:0.0,copy:true,mean:false,std:true,C:1.0,size:200,weight:null,coef0:0.0,shape:""ovr"",degree:3,gamma:""auto"",kernel:""rbf"",iter:-1,probability:false,state:61788,shrinking:true,tol:0.001,verbose:false,axis:0,features:[],copy:true,empty:0,values:""NaN"",strategy:""mean"",nominal:""most_frequent"",verbose:0,memory:null,cv:5,score:""raise"",params:null,iid:true,iter:100,jobs:-1,distributions:1}}}},dispatch:""2*n_jobs"",state:85956,refit:true,score:""warn"",scoring:null,verbose:1"
"9194048","sklearn.model_selection._search.RandomizedSearchCV(estimator=sklearn.pipeline.Pipeline(imputation=hyperimp.utils.preprocessing.ConditionalImputer,hotencoding=sklearn.preprocessing.data.OneHotEncoder,scaling=sklearn.preprocessing.data.StandardScaler,variencethreshold=sklearn.feature_selection.variance_threshold.VarianceThreshold,clf=sklearn.svm.classes.SVC))(1)","0.5884","features:[],dtype:float64""},unknown:""ignore"",values:""auto"",sparse:true,threshold:0.0,copy:true,mean:false,std:true,C:1.0,size:200,weight:null,coef0:0.0,shape:""ovr"",degree:3,gamma:""auto"",kernel:""rbf"",iter:-1,probability:false,state:15979,shrinking:true,tol:0.001,verbose:false,axis:0,features:[],copy:true,empty:0,values:""NaN"",strategy:""mean"",nominal:""most_frequent"",verbose:0,memory:null,cv:5,score:""raise"",params:null,iid:true,iter:100,jobs:-1,distributions:1}}}},dispatch:""2*n_jobs"",state:85956,refit:true,score:""warn"",scoring:null,verbose:1"
"9193560","sklearn.model_selection._search.RandomizedSearchCV(estimator=sklearn.pipeline.Pipeline(imputation=hyperimp.utils.preprocessing.ConditionalImputer,hotencoding=sklearn.preprocessing.data.OneHotEncoder,scaling=sklearn.preprocessing.data.StandardScaler,variencethreshold=sklearn.feature_selection.variance_threshold.VarianceThreshold,clf=sklearn.svm.classes.SVC))(1)","0.5884","features:[],dtype:float64""},unknown:""ignore"",values:""auto"",sparse:true,threshold:0.0,copy:true,mean:false,std:true,C:1.0,size:200,weight:null,coef0:0.0,shape:""ovr"",degree:3,gamma:""auto"",kernel:""rbf"",iter:-1,probability:false,state:7424,shrinking:true,tol:0.001,verbose:false,axis:0,features:[],copy:true,empty:0,values:""NaN"",strategy:""mean"",nominal:""most_frequent"",verbose:0,memory:null,cv:5,score:""raise"",params:null,iid:true,iter:100,jobs:-1,distributions:1}}}},dispatch:""2*n_jobs"",state:85956,refit:true,score:""warn"",scoring:null,verbose:1"
"9881400","sklearn.pipeline.Pipeline(columntransformer=sklearn.compose._column_transformer.ColumnTransformer(numeric=sklearn.pipeline.Pipeline(imputer=sklearn.preprocessing.imputation.Imputer,standardscaler=sklearn.preprocessing.data.StandardScaler),nominal=sklearn.pipeline.Pipeline(simpleimputer=sklearn.impute.SimpleImputer,onehotencoder=sklearn.preprocessing._encoders.OneHotEncoder)),variancethreshold=sklearn.feature_selection.variance_threshold.VarianceThreshold,gradientboostingclassifier=sklearn.ensemble.gradient_boosting.GradientBoostingClassifier)(2)","0.5882","axis:0,copy:true,values:""NaN"",strategy:""most_frequent"",verbose:0,copy:true,mean:true,std:true,memory:null,copy:true,value:-1,values:NaN,strategy:""constant"",verbose:0,features:null,categories:null,dtype:float64""},unknown:""ignore"",values:null,sparse:true,criterion:""friedman_mse"",init:null,rate:2512527193383342,loss:""deviance"",depth:6,features:6978478318759549,nodes:null,decrease:6785343218085372,split:null,leaf:8,split:9,leaf:049047094137067315,estimators:375,change:329,presort:""auto"",state:33677,subsample:6710042434285023,tol:023378338682597942,fraction:27518344760910407,verbose:0,start:false,jobs:null,remainder:""passthrough"",threshold:0.3,weights:null,memory:null,threshold:0.0,memory:null"
"9154636","sklearn.pipeline.Pipeline(imputation=hyperimp.utils.preprocessing.ConditionalImputer2,hotencoding=sklearn.preprocessing.data.OneHotEncoder,scaling=sklearn.preprocessing.data.StandardScaler,variencethreshold=sklearn.feature_selection.variance_threshold.VarianceThreshold,clf=sklearn.svm.classes.SVC)(1)","0.5879","features:[],dtype:float64""},unknown:""ignore"",values:""auto"",sparse:true,threshold:0.0,copy:true,mean:false,std:true,C:646496341212064,size:200,weight:null,coef0:8509737749476567,shape:""ovr"",degree:3,gamma:34591333790262124,kernel:""rbf"",iter:-1,probability:false,state:4546,shrinking:true,tol:0132379126158701,verbose:false,axis:0,features:[],copy:true,empty:0,values:""NaN"",strategy:""mean"",nominal:""most_frequent"",verbose:0,memory:null"
"9199202","sklearn.model_selection._search.RandomizedSearchCV(estimator=sklearn.pipeline.Pipeline(imputation=hyperimp.utils.preprocessing.ConditionalImputer,hotencoding=sklearn.preprocessing.data.OneHotEncoder,scaling=sklearn.preprocessing.data.StandardScaler,variencethreshold=sklearn.feature_selection.variance_threshold.VarianceThreshold,clf=sklearn.svm.classes.SVC))(1)","0.5878","features:[],dtype:float64""},unknown:""ignore"",values:""auto"",sparse:true,threshold:0.0,copy:true,mean:false,std:true,C:1.0,size:200,weight:null,coef0:0.0,shape:""ovr"",degree:3,gamma:""auto"",kernel:""rbf"",iter:-1,probability:false,state:35702,shrinking:true,tol:0.001,verbose:false,axis:0,features:[],copy:true,empty:0,values:""NaN"",strategy:""mean"",nominal:""most_frequent"",verbose:0,memory:null,cv:5,score:""raise"",params:null,iid:true,iter:100,jobs:-1,distributions:1}}}},dispatch:""2*n_jobs"",state:979806,refit:true,score:""warn"",scoring:null,verbose:1"
"9199571","sklearn.model_selection._search.RandomizedSearchCV(estimator=sklearn.pipeline.Pipeline(imputation=hyperimp.utils.preprocessing.ConditionalImputer,hotencoding=sklearn.preprocessing.data.OneHotEncoder,scaling=sklearn.preprocessing.data.StandardScaler,variencethreshold=sklearn.feature_selection.variance_threshold.VarianceThreshold,clf=sklearn.svm.classes.SVC))(1)","0.5878","features:[],dtype:float64""},unknown:""ignore"",values:""auto"",sparse:true,threshold:0.0,copy:true,mean:false,std:true,C:1.0,size:200,weight:null,coef0:0.0,shape:""ovr"",degree:3,gamma:""auto"",kernel:""rbf"",iter:-1,probability:false,state:51154,shrinking:true,tol:0.001,verbose:false,axis:0,features:[],copy:true,empty:0,values:""NaN"",strategy:""mean"",nominal:""most_frequent"",verbose:0,memory:null,cv:5,score:""raise"",params:null,iid:true,iter:100,jobs:-1,distributions:1}}}},dispatch:""2*n_jobs"",state:979806,refit:true,score:""warn"",scoring:null,verbose:1"
"9154551","sklearn.pipeline.Pipeline(imputation=hyperimp.utils.preprocessing.ConditionalImputer2,hotencoding=sklearn.preprocessing.data.OneHotEncoder,scaling=sklearn.preprocessing.data.StandardScaler,variencethreshold=sklearn.feature_selection.variance_threshold.VarianceThreshold,clf=sklearn.svm.classes.SVC)(1)","0.5878","features:[],dtype:float64""},unknown:""ignore"",values:""auto"",sparse:true,threshold:0.0,copy:true,mean:false,std:true,C:591128267032902,size:200,weight:null,coef0:16835404644284369,shape:""ovr"",degree:3,gamma:26228216679802613,kernel:""rbf"",iter:-1,probability:false,state:32276,shrinking:true,tol:159863943301313e-05,verbose:false,axis:0,features:[],copy:true,empty:0,values:""NaN"",strategy:""mean"",nominal:""most_frequent"",verbose:0,memory:null"
"9139667","sklearn.pipeline.Pipeline(imputation=hyperimp.utils.preprocessing.ConditionalImputer2,hotencoding=sklearn.preprocessing.data.OneHotEncoder,scaling=sklearn.preprocessing.data.StandardScaler,variencethreshold=sklearn.feature_selection.variance_threshold.VarianceThreshold,clf=sklearn.svm.classes.SVC)(1)","0.5877","features:[],dtype:float64""},unknown:""ignore"",values:""auto"",sparse:true,threshold:0.0,copy:true,mean:false,std:true,C:482112000941068,size:200,weight:null,coef0:21788056249991228,shape:""ovr"",degree:3,gamma:3165581645340633,kernel:""rbf"",iter:-1,probability:false,state:15882,shrinking:false,tol:06211803030039028,verbose:false,axis:0,features:[],copy:true,empty:0,values:""NaN"",strategy:""mean"",nominal:""most_frequent"",verbose:0,memory:null"
"9155689","sklearn.pipeline.Pipeline(imputation=hyperimp.utils.preprocessing.ConditionalImputer2,hotencoding=sklearn.preprocessing.data.OneHotEncoder,scaling=sklearn.preprocessing.data.StandardScaler,variencethreshold=sklearn.feature_selection.variance_threshold.VarianceThreshold,clf=sklearn.svm.classes.SVC)(1)","0.5876","features:[],dtype:float64""},unknown:""ignore"",values:""auto"",sparse:true,threshold:0.0,copy:true,mean:false,std:true,C:824229437308404,size:200,weight:null,coef0:7006492967156707,shape:""ovr"",degree:3,gamma:40418926904477004,kernel:""rbf"",iter:-1,probability:false,state:70014,shrinking:true,tol:015807434320880727,verbose:false,axis:0,features:[],copy:true,empty:0,values:""NaN"",strategy:""mean"",nominal:""most_frequent"",verbose:0,memory:null"
"9655575","sklearn.pipeline.Pipeline(columntransformer=sklearn.compose._column_transformer.ColumnTransformer(numeric=sklearn.pipeline.Pipeline(imputer=sklearn.preprocessing.imputation.Imputer,standardscaler=sklearn.preprocessing.data.StandardScaler),nominal=sklearn.pipeline.Pipeline(simpleimputer=sklearn.impute.SimpleImputer,onehotencoder=sklearn.preprocessing._encoders.OneHotEncoder)),variancethreshold=sklearn.feature_selection.variance_threshold.VarianceThreshold,svc=sklearn.svm.classes.SVC)(1)","0.5874","axis:0,copy:true,values:""NaN"",strategy:""median"",verbose:0,copy:true,mean:true,std:true,memory:null,copy:true,value:-1,values:NaN,strategy:""constant"",verbose:0,features:null,categories:null,dtype:float64""},unknown:""ignore"",values:null,sparse:true,C:31766175149062,size:200,weight:null,coef0:0.0,shape:""ovr"",degree:3,gamma:3450838948569954,kernel:""rbf"",iter:-1,probability:false,state:23320,shrinking:true,tol:0004050684561774279,verbose:false,jobs:null,remainder:""passthrough"",threshold:0.3,weights:null,memory:null,threshold:0.0,memory:null"
"9160760","sklearn.pipeline.Pipeline(imputation=hyperimp.utils.preprocessing.ConditionalImputer2,hotencoding=sklearn.preprocessing.data.OneHotEncoder,scaling=sklearn.preprocessing.data.StandardScaler,variencethreshold=sklearn.feature_selection.variance_threshold.VarianceThreshold,clf=sklearn.svm.classes.SVC)(1)","0.5874","features:[],dtype:float64""},unknown:""ignore"",values:""auto"",sparse:true,threshold:0.0,copy:true,mean:false,std:true,C:09780590271527,size:200,weight:null,coef0:40666161199577944,shape:""ovr"",degree:3,gamma:22376420944505873,kernel:""rbf"",iter:-1,probability:false,state:17176,shrinking:true,tol:0007305089799025259,verbose:false,axis:0,features:[],copy:true,empty:0,values:""NaN"",strategy:""mean"",nominal:""most_frequent"",verbose:0,memory:null"
"9195412","sklearn.model_selection._search.RandomizedSearchCV(estimator=sklearn.pipeline.Pipeline(imputation=hyperimp.utils.preprocessing.ConditionalImputer,hotencoding=sklearn.preprocessing.data.OneHotEncoder,scaling=sklearn.preprocessing.data.StandardScaler,variencethreshold=sklearn.feature_selection.variance_threshold.VarianceThreshold,clf=sklearn.svm.classes.SVC))(1)","0.5871","features:[],dtype:float64""},unknown:""ignore"",values:""auto"",sparse:true,threshold:0.0,copy:true,mean:false,std:true,C:1.0,size:200,weight:null,coef0:0.0,shape:""ovr"",degree:3,gamma:""auto"",kernel:""rbf"",iter:-1,probability:false,state:961,shrinking:true,tol:0.001,verbose:false,axis:0,features:[],copy:true,empty:0,values:""NaN"",strategy:""mean"",nominal:""most_frequent"",verbose:0,memory:null,cv:5,score:""raise"",params:null,iid:true,iter:100,jobs:-1,distributions:1}}}},dispatch:""2*n_jobs"",state:333412,refit:true,score:""warn"",scoring:null,verbose:1"
"9194870","sklearn.model_selection._search.RandomizedSearchCV(estimator=sklearn.pipeline.Pipeline(imputation=hyperimp.utils.preprocessing.ConditionalImputer,hotencoding=sklearn.preprocessing.data.OneHotEncoder,scaling=sklearn.preprocessing.data.StandardScaler,variencethreshold=sklearn.feature_selection.variance_threshold.VarianceThreshold,clf=sklearn.svm.classes.SVC))(1)","0.5871","features:[],dtype:float64""},unknown:""ignore"",values:""auto"",sparse:true,threshold:0.0,copy:true,mean:false,std:true,C:1.0,size:200,weight:null,coef0:0.0,shape:""ovr"",degree:3,gamma:""auto"",kernel:""rbf"",iter:-1,probability:false,state:9018,shrinking:true,tol:0.001,verbose:false,axis:0,features:[],copy:true,empty:0,values:""NaN"",strategy:""mean"",nominal:""most_frequent"",verbose:0,memory:null,cv:5,score:""raise"",params:null,iid:true,iter:100,jobs:-1,distributions:1}}}},dispatch:""2*n_jobs"",state:333412,refit:true,score:""warn"",scoring:null,verbose:1"
"9195293","sklearn.model_selection._search.RandomizedSearchCV(estimator=sklearn.pipeline.Pipeline(imputation=hyperimp.utils.preprocessing.ConditionalImputer,hotencoding=sklearn.preprocessing.data.OneHotEncoder,scaling=sklearn.preprocessing.data.StandardScaler,variencethreshold=sklearn.feature_selection.variance_threshold.VarianceThreshold,clf=sklearn.svm.classes.SVC))(1)","0.5871","features:[],dtype:float64""},unknown:""ignore"",values:""auto"",sparse:true,threshold:0.0,copy:true,mean:false,std:true,C:1.0,size:200,weight:null,coef0:0.0,shape:""ovr"",degree:3,gamma:""auto"",kernel:""rbf"",iter:-1,probability:false,state:61901,shrinking:true,tol:0.001,verbose:false,axis:0,features:[],copy:true,empty:0,values:""NaN"",strategy:""mean"",nominal:""most_frequent"",verbose:0,memory:null,cv:5,score:""raise"",params:null,iid:true,iter:100,jobs:-1,distributions:1}}}},dispatch:""2*n_jobs"",state:333412,refit:true,score:""warn"",scoring:null,verbose:1"
"9880169","sklearn.pipeline.Pipeline(columntransformer=sklearn.compose._column_transformer.ColumnTransformer(numeric=sklearn.pipeline.Pipeline(imputer=sklearn.preprocessing.imputation.Imputer,standardscaler=sklearn.preprocessing.data.StandardScaler),nominal=sklearn.pipeline.Pipeline(simpleimputer=sklearn.impute.SimpleImputer,onehotencoder=sklearn.preprocessing._encoders.OneHotEncoder)),variancethreshold=sklearn.feature_selection.variance_threshold.VarianceThreshold,gradientboostingclassifier=sklearn.ensemble.gradient_boosting.GradientBoostingClassifier)(2)","0.587","axis:0,copy:true,values:""NaN"",strategy:""most_frequent"",verbose:0,copy:true,mean:true,std:true,memory:null,copy:true,value:-1,values:NaN,strategy:""constant"",verbose:0,features:null,categories:null,dtype:float64""},unknown:""ignore"",values:null,sparse:true,criterion:""friedman_mse"",init:null,rate:1158799776982055,loss:""deviance"",depth:4,features:8445093873927868,nodes:null,decrease:8554333068988799,split:null,leaf:3,split:13,leaf:011476949917171797,estimators:330,change:366,presort:""auto"",state:42885,subsample:7784750448877571,tol:97157366512123e-05,fraction:31588327908390945,verbose:0,start:false,jobs:null,remainder:""passthrough"",threshold:0.3,weights:null,memory:null,threshold:0.0,memory:null"
"9145256","sklearn.pipeline.Pipeline(imputation=hyperimp.utils.preprocessing.ConditionalImputer2,hotencoding=sklearn.preprocessing.data.OneHotEncoder,scaling=sklearn.preprocessing.data.StandardScaler,variencethreshold=sklearn.feature_selection.variance_threshold.VarianceThreshold,clf=sklearn.svm.classes.SVC)(1)","0.5868","features:[],dtype:float64""},unknown:""ignore"",values:""auto"",sparse:true,threshold:0.0,copy:true,mean:false,std:true,C:67772831405355,size:200,weight:null,coef0:01392148837108309,shape:""ovr"",degree:3,gamma:3367842601696778,kernel:""rbf"",iter:-1,probability:false,state:76504,shrinking:false,tol:09604822698311115,verbose:false,axis:0,features:[],copy:true,empty:0,values:""NaN"",strategy:""mean"",nominal:""most_frequent"",verbose:0,memory:null"
"9820701","sklearn.pipeline.Pipeline(columntransformer=sklearn.compose._column_transformer.ColumnTransformer(numeric=sklearn.pipeline.Pipeline(imputer=sklearn.preprocessing.imputation.Imputer,standardscaler=sklearn.preprocessing.data.StandardScaler),nominal=sklearn.pipeline.Pipeline(simpleimputer=sklearn.impute.SimpleImputer,onehotencoder=sklearn.preprocessing._encoders.OneHotEncoder)),variancethreshold=sklearn.feature_selection.variance_threshold.VarianceThreshold,svc=sklearn.svm.classes.SVC)(1)","0.5863","axis:0,copy:true,values:""NaN"",strategy:""most_frequent"",verbose:0,copy:true,mean:true,std:true,memory:null,copy:true,value:-1,values:NaN,strategy:""constant"",verbose:0,features:null,categories:null,dtype:float64""},unknown:""ignore"",values:null,sparse:true,C:91781796704502,size:200,weight:null,coef0:0.0,shape:""ovr"",degree:3,gamma:14303688173007462,kernel:""rbf"",iter:-1,probability:false,state:32274,shrinking:false,tol:02636045128205065,verbose:false,jobs:null,remainder:""passthrough"",threshold:0.3,weights:null,memory:null,threshold:0.0,memory:null"
"9705253","sklearn.pipeline.Pipeline(columntransformer=sklearn.compose._column_transformer.ColumnTransformer(numeric=sklearn.pipeline.Pipeline(imputer=sklearn.preprocessing.imputation.Imputer,standardscaler=sklearn.preprocessing.data.StandardScaler),nominal=sklearn.pipeline.Pipeline(simpleimputer=sklearn.impute.SimpleImputer,onehotencoder=sklearn.preprocessing._encoders.OneHotEncoder)),variancethreshold=sklearn.feature_selection.variance_threshold.VarianceThreshold,svc=sklearn.svm.classes.SVC)(1)","0.5862","axis:0,copy:true,values:""NaN"",strategy:""mean"",verbose:0,copy:true,mean:true,std:true,memory:null,copy:true,value:-1,values:NaN,strategy:""constant"",verbose:0,features:null,categories:null,dtype:float64""},unknown:""ignore"",values:null,sparse:true,C:825345568090269,size:200,weight:null,coef0:0.0,shape:""ovr"",degree:3,gamma:2071580786561057,kernel:""rbf"",iter:-1,probability:false,state:31233,shrinking:true,tol:00012269051288430564,verbose:false,jobs:null,remainder:""passthrough"",threshold:0.3,weights:null,memory:null,threshold:0.0,memory:null"
"9899845","sklearn.pipeline.Pipeline(columntransformer=sklearn.compose._column_transformer.ColumnTransformer(numeric=sklearn.pipeline.Pipeline(imputer=sklearn.preprocessing.imputation.Imputer,standardscaler=sklearn.preprocessing.data.StandardScaler),nominal=sklearn.pipeline.Pipeline(simpleimputer=sklearn.impute.SimpleImputer,onehotencoder=sklearn.preprocessing._encoders.OneHotEncoder)),variancethreshold=sklearn.feature_selection.variance_threshold.VarianceThreshold,gradientboostingclassifier=sklearn.ensemble.gradient_boosting.GradientBoostingClassifier)(2)","0.5862","axis:0,copy:true,values:""NaN"",strategy:""mean"",verbose:0,copy:true,mean:true,std:true,memory:null,copy:true,value:-1,values:NaN,strategy:""constant"",verbose:0,features:null,categories:null,dtype:float64""},unknown:""ignore"",values:null,sparse:true,criterion:""friedman_mse"",init:null,rate:11368212638332516,loss:""deviance"",depth:4,features:7277362712543901,nodes:null,decrease:8523630336399118,split:null,leaf:19,split:17,leaf:01802461060723809,estimators:191,change:348,presort:""auto"",state:60303,subsample:566937011890294,tol:00015479172910281097,fraction:16730259850021867,verbose:0,start:false,jobs:null,remainder:""passthrough"",threshold:0.3,weights:null,memory:null,threshold:0.0,memory:null"
"9148597","sklearn.pipeline.Pipeline(imputation=hyperimp.utils.preprocessing.ConditionalImputer2,hotencoding=sklearn.preprocessing.data.OneHotEncoder,scaling=sklearn.preprocessing.data.StandardScaler,variencethreshold=sklearn.feature_selection.variance_threshold.VarianceThreshold,clf=sklearn.svm.classes.SVC)(1)","0.586","features:[],dtype:float64""},unknown:""ignore"",values:""auto"",sparse:true,threshold:0.0,copy:true,mean:false,std:true,C:825698385860218,size:200,weight:null,coef0:21941969432864794,shape:""ovr"",degree:3,gamma:14012476396920853,kernel:""rbf"",iter:-1,probability:false,state:72954,shrinking:false,tol:01383537849656683,verbose:false,axis:0,features:[],copy:true,empty:0,values:""NaN"",strategy:""mean"",nominal:""most_frequent"",verbose:0,memory:null"
"9855369","sklearn.pipeline.Pipeline(columntransformer=sklearn.compose._column_transformer.ColumnTransformer(numeric=sklearn.pipeline.Pipeline(imputer=sklearn.preprocessing.imputation.Imputer,standardscaler=sklearn.preprocessing.data.StandardScaler),nominal=sklearn.pipeline.Pipeline(simpleimputer=sklearn.impute.SimpleImputer,onehotencoder=sklearn.preprocessing._encoders.OneHotEncoder)),variancethreshold=sklearn.feature_selection.variance_threshold.VarianceThreshold,svc=sklearn.svm.classes.SVC)(1)","0.5858","axis:0,copy:true,values:""NaN"",strategy:""median"",verbose:0,copy:true,mean:true,std:true,memory:null,copy:true,value:-1,values:NaN,strategy:""constant"",verbose:0,features:null,categories:null,dtype:float64""},unknown:""ignore"",values:null,sparse:true,C:59729381700423,size:200,weight:null,coef0:0.0,shape:""ovr"",degree:3,gamma:17625478689239413,kernel:""rbf"",iter:-1,probability:false,state:2829,shrinking:true,tol:0005890083873504377,verbose:false,jobs:null,remainder:""passthrough"",threshold:0.3,weights:null,memory:null,threshold:0.0,memory:null"
"9688349","sklearn.pipeline.Pipeline(columntransformer=sklearn.compose._column_transformer.ColumnTransformer(numeric=sklearn.pipeline.Pipeline(imputer=sklearn.preprocessing.imputation.Imputer,standardscaler=sklearn.preprocessing.data.StandardScaler),nominal=sklearn.pipeline.Pipeline(simpleimputer=sklearn.impute.SimpleImputer,onehotencoder=sklearn.preprocessing._encoders.OneHotEncoder)),variancethreshold=sklearn.feature_selection.variance_threshold.VarianceThreshold,svc=sklearn.svm.classes.SVC)(1)","0.5857","axis:0,copy:true,values:""NaN"",strategy:""mean"",verbose:0,copy:true,mean:true,std:true,memory:null,copy:true,value:-1,values:NaN,strategy:""constant"",verbose:0,features:null,categories:null,dtype:float64""},unknown:""ignore"",values:null,sparse:true,C:63476880489484,size:200,weight:null,coef0:0.0,shape:""ovr"",degree:3,gamma:38929708461712836,kernel:""rbf"",iter:-1,probability:false,state:59839,shrinking:false,tol:03354938000292973,verbose:false,jobs:null,remainder:""passthrough"",threshold:0.3,weights:null,memory:null,threshold:0.0,memory:null"
"9153893","sklearn.pipeline.Pipeline(imputation=hyperimp.utils.preprocessing.ConditionalImputer2,hotencoding=sklearn.preprocessing.data.OneHotEncoder,scaling=sklearn.preprocessing.data.StandardScaler,variencethreshold=sklearn.feature_selection.variance_threshold.VarianceThreshold,clf=sklearn.svm.classes.SVC)(1)","0.5856","features:[],dtype:float64""},unknown:""ignore"",values:""auto"",sparse:true,threshold:0.0,copy:true,mean:false,std:true,C:320450806244,size:200,weight:null,coef0:967721180466107,shape:""ovr"",degree:3,gamma:14231420090390984,kernel:""rbf"",iter:-1,probability:false,state:65888,shrinking:true,tol:005407228367439304,verbose:false,axis:0,features:[],copy:true,empty:0,values:""NaN"",strategy:""mean"",nominal:""most_frequent"",verbose:0,memory:null"
"9770313","sklearn.pipeline.Pipeline(columntransformer=sklearn.compose._column_transformer.ColumnTransformer(numeric=sklearn.pipeline.Pipeline(imputer=sklearn.preprocessing.imputation.Imputer,standardscaler=sklearn.preprocessing.data.StandardScaler),nominal=sklearn.pipeline.Pipeline(simpleimputer=sklearn.impute.SimpleImputer,onehotencoder=sklearn.preprocessing._encoders.OneHotEncoder)),variancethreshold=sklearn.feature_selection.variance_threshold.VarianceThreshold,svc=sklearn.svm.classes.SVC)(1)","0.5853","axis:0,copy:true,values:""NaN"",strategy:""mean"",verbose:0,copy:true,mean:true,std:true,memory:null,copy:true,value:-1,values:NaN,strategy:""constant"",verbose:0,features:null,categories:null,dtype:float64""},unknown:""ignore"",values:null,sparse:true,C:18323305510475,size:200,weight:null,coef0:0.0,shape:""ovr"",degree:3,gamma:18754625057159507,kernel:""rbf"",iter:-1,probability:false,state:54912,shrinking:true,tol:016567744458568963,verbose:false,jobs:null,remainder:""passthrough"",threshold:0.3,weights:null,memory:null,threshold:0.0,memory:null"
"9152593","sklearn.pipeline.Pipeline(imputation=hyperimp.utils.preprocessing.ConditionalImputer2,hotencoding=sklearn.preprocessing.data.OneHotEncoder,scaling=sklearn.preprocessing.data.StandardScaler,variencethreshold=sklearn.feature_selection.variance_threshold.VarianceThreshold,clf=sklearn.svm.classes.SVC)(1)","0.5853","features:[],dtype:float64""},unknown:""ignore"",values:""auto"",sparse:true,threshold:0.0,copy:true,mean:false,std:true,C:618723651795378,size:200,weight:null,coef0:9368104108848883,shape:""ovr"",degree:3,gamma:3360634787286002,kernel:""rbf"",iter:-1,probability:false,state:29936,shrinking:true,tol:004037744122291787,verbose:false,axis:0,features:[],copy:true,empty:0,values:""NaN"",strategy:""mean"",nominal:""most_frequent"",verbose:0,memory:null"
"9161001","sklearn.pipeline.Pipeline(imputation=hyperimp.utils.preprocessing.ConditionalImputer2,hotencoding=sklearn.preprocessing.data.OneHotEncoder,scaling=sklearn.preprocessing.data.StandardScaler,variencethreshold=sklearn.feature_selection.variance_threshold.VarianceThreshold,clf=sklearn.svm.classes.SVC)(1)","0.5853","features:[],dtype:float64""},unknown:""ignore"",values:""auto"",sparse:true,threshold:0.0,copy:true,mean:false,std:true,C:797710873468334,size:200,weight:null,coef0:38061848200636306,shape:""ovr"",degree:3,gamma:21841481229401843,kernel:""rbf"",iter:-1,probability:false,state:99397,shrinking:true,tol:051578084784137106,verbose:false,axis:0,features:[],copy:true,empty:0,values:""NaN"",strategy:""mean"",nominal:""most_frequent"",verbose:0,memory:null"
"9161078","sklearn.pipeline.Pipeline(imputation=hyperimp.utils.preprocessing.ConditionalImputer2,hotencoding=sklearn.preprocessing.data.OneHotEncoder,scaling=sklearn.preprocessing.data.StandardScaler,variencethreshold=sklearn.feature_selection.variance_threshold.VarianceThreshold,clf=sklearn.svm.classes.SVC)(1)","0.5852","features:[],dtype:float64""},unknown:""ignore"",values:""auto"",sparse:true,threshold:0.0,copy:true,mean:false,std:true,C:11912377568758,size:200,weight:null,coef0:9301476258519745,shape:""ovr"",degree:3,gamma:30577954202433644,kernel:""rbf"",iter:-1,probability:false,state:7558,shrinking:false,tol:00039484972515263554,verbose:false,axis:0,features:[],copy:true,empty:0,values:""NaN"",strategy:""mean"",nominal:""most_frequent"",verbose:0,memory:null"
"9146711","sklearn.pipeline.Pipeline(imputation=hyperimp.utils.preprocessing.ConditionalImputer2,hotencoding=sklearn.preprocessing.data.OneHotEncoder,scaling=sklearn.preprocessing.data.StandardScaler,variencethreshold=sklearn.feature_selection.variance_threshold.VarianceThreshold,clf=sklearn.svm.classes.SVC)(1)","0.5852","features:[],dtype:float64""},unknown:""ignore"",values:""auto"",sparse:true,threshold:0.0,copy:true,mean:false,std:true,C:68795072821337,size:200,weight:null,coef0:8437181062736232,shape:""ovr"",degree:3,gamma:3560674121966256,kernel:""rbf"",iter:-1,probability:false,state:28640,shrinking:false,tol:00015161355374586664,verbose:false,axis:0,features:[],copy:true,empty:0,values:""NaN"",strategy:""mean"",nominal:""most_frequent"",verbose:0,memory:null"
"9747041","sklearn.pipeline.Pipeline(columntransformer=sklearn.compose._column_transformer.ColumnTransformer(numeric=sklearn.pipeline.Pipeline(imputer=sklearn.preprocessing.imputation.Imputer,standardscaler=sklearn.preprocessing.data.StandardScaler),nominal=sklearn.pipeline.Pipeline(simpleimputer=sklearn.impute.SimpleImputer,onehotencoder=sklearn.preprocessing._encoders.OneHotEncoder)),variancethreshold=sklearn.feature_selection.variance_threshold.VarianceThreshold,svc=sklearn.svm.classes.SVC)(1)","0.5851","axis:0,copy:true,values:""NaN"",strategy:""mean"",verbose:0,copy:true,mean:true,std:true,memory:null,copy:true,value:-1,values:NaN,strategy:""constant"",verbose:0,features:null,categories:null,dtype:float64""},unknown:""ignore"",values:null,sparse:true,C:17480546458552,size:200,weight:null,coef0:0.0,shape:""ovr"",degree:3,gamma:19775659119993258,kernel:""rbf"",iter:-1,probability:false,state:36487,shrinking:false,tol:2443304236414233e-05,verbose:false,jobs:null,remainder:""passthrough"",threshold:0.3,weights:null,memory:null,threshold:0.0,memory:null"
"9153372","sklearn.pipeline.Pipeline(imputation=hyperimp.utils.preprocessing.ConditionalImputer2,hotencoding=sklearn.preprocessing.data.OneHotEncoder,scaling=sklearn.preprocessing.data.StandardScaler,variencethreshold=sklearn.feature_selection.variance_threshold.VarianceThreshold,clf=sklearn.svm.classes.SVC)(1)","0.585","features:[],dtype:float64""},unknown:""ignore"",values:""auto"",sparse:true,threshold:0.0,copy:true,mean:false,std:true,C:28049649778731,size:200,weight:null,coef0:10231869092283696,shape:""ovr"",degree:3,gamma:1408247886393462,kernel:""rbf"",iter:-1,probability:false,state:2891,shrinking:true,tol:00276096225452221,verbose:false,axis:0,features:[],copy:true,empty:0,values:""NaN"",strategy:""mean"",nominal:""most_frequent"",verbose:0,memory:null"
"8983496","sklearn.pipeline.Pipeline(imputation=openmlstudy14.preprocessing.ConditionalImputer,hotencoding=sklearn.preprocessing.data.OneHotEncoder,scaling=sklearn.preprocessing.data.StandardScaler,variencethreshold=sklearn.feature_selection.variance_threshold.VarianceThreshold,classifier=sklearn.svm.classes.SVC)(2)","0.585","axis:0,features:[],copy:true,empty:0,values:""NaN"",strategy:""most_frequent"",nominal:""most_frequent"",verbose:0,features:[],dtype:float64""},unknown:""ignore"",values:""auto"",sparse:true,threshold:0.0,C:03453601523461,size:200,weight:null,coef0:8118391608567521,shape:null,degree:3,gamma:21044312628672723,kernel:""rbf"",iter:-1,probability:true,state:62650,shrinking:true,tol:282735188797104e-05,verbose:false,copy:true,mean:false,std:true"
"9730156","sklearn.pipeline.Pipeline(columntransformer=sklearn.compose._column_transformer.ColumnTransformer(numeric=sklearn.pipeline.Pipeline(imputer=sklearn.preprocessing.imputation.Imputer,standardscaler=sklearn.preprocessing.data.StandardScaler),nominal=sklearn.pipeline.Pipeline(simpleimputer=sklearn.impute.SimpleImputer,onehotencoder=sklearn.preprocessing._encoders.OneHotEncoder)),variancethreshold=sklearn.feature_selection.variance_threshold.VarianceThreshold,svc=sklearn.svm.classes.SVC)(1)","0.5849","axis:0,copy:true,values:""NaN"",strategy:""most_frequent"",verbose:0,copy:true,mean:true,std:true,memory:null,copy:true,value:-1,values:NaN,strategy:""constant"",verbose:0,features:null,categories:null,dtype:float64""},unknown:""ignore"",values:null,sparse:true,C:62781331769744,size:200,weight:null,coef0:0.0,shape:""ovr"",degree:3,gamma:2594775351076591,kernel:""rbf"",iter:-1,probability:false,state:45760,shrinking:true,tol:188044317936789e-05,verbose:false,jobs:null,remainder:""passthrough"",threshold:0.3,weights:null,memory:null,threshold:0.0,memory:null"
"9152651","sklearn.pipeline.Pipeline(imputation=hyperimp.utils.preprocessing.ConditionalImputer2,hotencoding=sklearn.preprocessing.data.OneHotEncoder,scaling=sklearn.preprocessing.data.StandardScaler,variencethreshold=sklearn.feature_selection.variance_threshold.VarianceThreshold,clf=sklearn.svm.classes.SVC)(1)","0.5849","features:[],dtype:float64""},unknown:""ignore"",values:""auto"",sparse:true,threshold:0.0,copy:true,mean:false,std:true,C:21891966001296,size:200,weight:null,coef0:6724460336892653,shape:""ovr"",degree:3,gamma:1919151663443408,kernel:""rbf"",iter:-1,probability:false,state:36774,shrinking:true,tol:3349802563735222e-05,verbose:false,axis:0,features:[],copy:true,empty:0,values:""NaN"",strategy:""mean"",nominal:""most_frequent"",verbose:0,memory:null"
"8810629","sklearn.pipeline.Pipeline(imputation=openmlstudy14.preprocessing.ConditionalImputer,hotencoding=sklearn.preprocessing.data.OneHotEncoder,scaling=sklearn.preprocessing.data.StandardScaler,variencethreshold=sklearn.feature_selection.variance_threshold.VarianceThreshold,classifier=sklearn.svm.classes.SVC)(1)","0.5849","axis:0,features:[],copy:true,empty:0,values:""NaN"",strategy:""most_frequent"",nominal:""most_frequent"",verbose:0,features:[],dtype:float64""},unknown:""ignore"",values:""auto"",sparse:true,threshold:0.0,copy:true,mean:false,std:true,C:323537065005187,size:200,weight:null,coef0:20591574367959953,shape:null,degree:3,gamma:10601942368101651,kernel:""rbf"",iter:-1,probability:true,state:9189,shrinking:true,tol:05244763195149948,verbose:false"
"9141280","sklearn.pipeline.Pipeline(imputation=hyperimp.utils.preprocessing.ConditionalImputer2,hotencoding=sklearn.preprocessing.data.OneHotEncoder,scaling=sklearn.preprocessing.data.StandardScaler,variencethreshold=sklearn.feature_selection.variance_threshold.VarianceThreshold,clf=sklearn.svm.classes.SVC)(1)","0.5848","features:[],dtype:float64""},unknown:""ignore"",values:""auto"",sparse:true,threshold:0.0,copy:true,mean:false,std:true,C:358047805011182,size:200,weight:null,coef0:008478813644842154,shape:""ovr"",degree:3,gamma:19421580711710815,kernel:""rbf"",iter:-1,probability:false,state:84582,shrinking:true,tol:0055051913990065635,verbose:false,axis:0,features:[],copy:true,empty:0,values:""NaN"",strategy:""mean"",nominal:""most_frequent"",verbose:0,memory:null"
"9761693","sklearn.pipeline.Pipeline(columntransformer=sklearn.compose._column_transformer.ColumnTransformer(numeric=sklearn.pipeline.Pipeline(imputer=sklearn.preprocessing.imputation.Imputer,standardscaler=sklearn.preprocessing.data.StandardScaler),nominal=sklearn.pipeline.Pipeline(simpleimputer=sklearn.impute.SimpleImputer,onehotencoder=sklearn.preprocessing._encoders.OneHotEncoder)),variancethreshold=sklearn.feature_selection.variance_threshold.VarianceThreshold,svc=sklearn.svm.classes.SVC)(1)","0.5847","axis:0,copy:true,values:""NaN"",strategy:""most_frequent"",verbose:0,copy:true,mean:true,std:true,memory:null,copy:true,value:-1,values:NaN,strategy:""constant"",verbose:0,features:null,categories:null,dtype:float64""},unknown:""ignore"",values:null,sparse:true,C:919061386202003,size:200,weight:null,coef0:0.0,shape:""ovr"",degree:3,gamma:1192784721584897,kernel:""rbf"",iter:-1,probability:false,state:61846,shrinking:true,tol:6757074139311534e-05,verbose:false,jobs:null,remainder:""passthrough"",threshold:0.3,weights:null,memory:null,threshold:0.0,memory:null"
"9156441","sklearn.pipeline.Pipeline(imputation=hyperimp.utils.preprocessing.ConditionalImputer2,hotencoding=sklearn.preprocessing.data.OneHotEncoder,scaling=sklearn.preprocessing.data.StandardScaler,variencethreshold=sklearn.feature_selection.variance_threshold.VarianceThreshold,clf=sklearn.svm.classes.SVC)(1)","0.5847","features:[],dtype:float64""},unknown:""ignore"",values:""auto"",sparse:true,threshold:0.0,copy:true,mean:false,std:true,C:082375281839703,size:200,weight:null,coef0:10273976032484711,shape:""ovr"",degree:3,gamma:13952556438963654,kernel:""rbf"",iter:-1,probability:false,state:87126,shrinking:false,tol:005530781208842917,verbose:false,axis:0,features:[],copy:true,empty:0,values:""NaN"",strategy:""mean"",nominal:""most_frequent"",verbose:0,memory:null"
"9649701","sklearn.pipeline.Pipeline(columntransformer=sklearn.compose._column_transformer.ColumnTransformer(numeric=sklearn.pipeline.Pipeline(imputer=sklearn.preprocessing.imputation.Imputer,standardscaler=sklearn.preprocessing.data.StandardScaler),nominal=sklearn.pipeline.Pipeline(simpleimputer=sklearn.impute.SimpleImputer,onehotencoder=sklearn.preprocessing._encoders.OneHotEncoder)),variancethreshold=sklearn.feature_selection.variance_threshold.VarianceThreshold,svc=sklearn.svm.classes.SVC)(1)","0.5845","axis:0,copy:true,values:""NaN"",strategy:""median"",verbose:0,copy:true,mean:true,std:true,memory:null,copy:true,value:-1,values:NaN,strategy:""constant"",verbose:0,features:null,categories:null,dtype:float64""},unknown:""ignore"",values:null,sparse:true,C:14738863589257,size:200,weight:null,coef0:0.0,shape:""ovr"",degree:3,gamma:1502885448190422,kernel:""rbf"",iter:-1,probability:false,state:20070,shrinking:true,tol:1025102294104617e-05,verbose:false,jobs:null,remainder:""passthrough"",threshold:0.3,weights:null,memory:null,threshold:0.0,memory:null"
"9146275","sklearn.pipeline.Pipeline(imputation=hyperimp.utils.preprocessing.ConditionalImputer2,hotencoding=sklearn.preprocessing.data.OneHotEncoder,scaling=sklearn.preprocessing.data.StandardScaler,variencethreshold=sklearn.feature_selection.variance_threshold.VarianceThreshold,clf=sklearn.svm.classes.SVC)(1)","0.5844","features:[],dtype:float64""},unknown:""ignore"",values:""auto"",sparse:true,threshold:0.0,copy:true,mean:false,std:true,C:3050435943591,size:200,weight:null,coef0:8305249890870856,shape:""ovr"",degree:3,gamma:23341727361596146,kernel:""rbf"",iter:-1,probability:false,state:45863,shrinking:true,tol:067641518993416e-05,verbose:false,axis:0,features:[],copy:true,empty:0,values:""NaN"",strategy:""mean"",nominal:""most_frequent"",verbose:0,memory:null"
"9202609","sklearn.pipeline.Pipeline(imputation=openmlstudy14.preprocessing.ConditionalImputer,hotencoding=sklearn.preprocessing.data.OneHotEncoder,scaling=sklearn.preprocessing.data.StandardScaler,variencethreshold=sklearn.feature_selection.variance_threshold.VarianceThreshold,classifier=sklearn.svm.classes.SVC)(2)","0.5844","axis:0,features:[],copy:true,empty:0,values:""NaN"",strategy:""mean"",nominal:""most_frequent"",verbose:0,features:[],dtype:float64""},unknown:""ignore"",values:""auto"",sparse:true,threshold:0.0,C:712322327520354,size:200,weight:null,coef0:8283664306755429,shape:null,degree:4,gamma:0926056820731789,kernel:""rbf"",iter:-1,probability:true,state:19745,shrinking:false,tol:00025344818417231155,verbose:false,copy:true,mean:false,std:true"
"8734854","sklearn.pipeline.Pipeline(imputation=openmlstudy14.preprocessing.ConditionalImputer,hotencoding=sklearn.preprocessing.data.OneHotEncoder,scaling=sklearn.preprocessing.data.StandardScaler,variencethreshold=sklearn.feature_selection.variance_threshold.VarianceThreshold,classifier=sklearn.svm.classes.SVC)(1)","0.5844","axis:0,features:[],copy:true,empty:0,values:""NaN"",strategy:""mean"",nominal:""most_frequent"",verbose:0,features:[],dtype:float64""},unknown:""ignore"",values:""auto"",sparse:true,threshold:0.0,copy:true,mean:false,std:true,C:87822691420151,size:200,weight:null,coef0:8702718498857454,shape:null,degree:2,gamma:29017877561467303,kernel:""rbf"",iter:-1,probability:true,state:31382,shrinking:true,tol:0007958922036337305,verbose:false"
"9822450","sklearn.pipeline.Pipeline(columntransformer=sklearn.compose._column_transformer.ColumnTransformer(numeric=sklearn.pipeline.Pipeline(imputer=sklearn.preprocessing.imputation.Imputer,standardscaler=sklearn.preprocessing.data.StandardScaler),nominal=sklearn.pipeline.Pipeline(simpleimputer=sklearn.impute.SimpleImputer,onehotencoder=sklearn.preprocessing._encoders.OneHotEncoder)),variancethreshold=sklearn.feature_selection.variance_threshold.VarianceThreshold,svc=sklearn.svm.classes.SVC)(1)","0.5843","axis:0,copy:true,values:""NaN"",strategy:""median"",verbose:0,copy:true,mean:true,std:true,memory:null,copy:true,value:-1,values:NaN,strategy:""constant"",verbose:0,features:null,categories:null,dtype:float64""},unknown:""ignore"",values:null,sparse:true,C:114677356427,size:200,weight:null,coef0:0.0,shape:""ovr"",degree:3,gamma:22711833900054695,kernel:""rbf"",iter:-1,probability:false,state:4018,shrinking:true,tol:7027857466708326e-05,verbose:false,jobs:null,remainder:""passthrough"",threshold:0.3,weights:null,memory:null,threshold:0.0,memory:null"
"9862500","sklearn.pipeline.Pipeline(columntransformer=sklearn.compose._column_transformer.ColumnTransformer(numeric=sklearn.pipeline.Pipeline(imputer=sklearn.preprocessing.imputation.Imputer,standardscaler=sklearn.preprocessing.data.StandardScaler),nominal=sklearn.pipeline.Pipeline(simpleimputer=sklearn.impute.SimpleImputer,onehotencoder=sklearn.preprocessing._encoders.OneHotEncoder)),variancethreshold=sklearn.feature_selection.variance_threshold.VarianceThreshold,svc=sklearn.svm.classes.SVC)(1)","0.5843","axis:0,copy:true,values:""NaN"",strategy:""mean"",verbose:0,copy:true,mean:true,std:true,memory:null,copy:true,value:-1,values:NaN,strategy:""constant"",verbose:0,features:null,categories:null,dtype:float64""},unknown:""ignore"",values:null,sparse:true,C:142293931186536,size:200,weight:null,coef0:0.0,shape:""ovr"",degree:3,gamma:4157136929076795,kernel:""rbf"",iter:-1,probability:false,state:49534,shrinking:true,tol:0011608275122002604,verbose:false,jobs:null,remainder:""passthrough"",threshold:0.3,weights:null,memory:null,threshold:0.0,memory:null"
"9826406","sklearn.pipeline.Pipeline(columntransformer=sklearn.compose._column_transformer.ColumnTransformer(numeric=sklearn.pipeline.Pipeline(imputer=sklearn.preprocessing.imputation.Imputer,standardscaler=sklearn.preprocessing.data.StandardScaler),nominal=sklearn.pipeline.Pipeline(simpleimputer=sklearn.impute.SimpleImputer,onehotencoder=sklearn.preprocessing._encoders.OneHotEncoder)),variancethreshold=sklearn.feature_selection.variance_threshold.VarianceThreshold,svc=sklearn.svm.classes.SVC)(1)","0.5841","axis:0,copy:true,values:""NaN"",strategy:""median"",verbose:0,copy:true,mean:true,std:true,memory:null,copy:true,value:-1,values:NaN,strategy:""constant"",verbose:0,features:null,categories:null,dtype:float64""},unknown:""ignore"",values:null,sparse:true,C:6495212640267,size:200,weight:null,coef0:0.0,shape:""ovr"",degree:3,gamma:1859526055509248,kernel:""rbf"",iter:-1,probability:false,state:54747,shrinking:false,tol:4891961420085816e-05,verbose:false,jobs:null,remainder:""passthrough"",threshold:0.3,weights:null,memory:null,threshold:0.0,memory:null"
"9638659","sklearn.pipeline.Pipeline(columntransformer=sklearn.compose._column_transformer.ColumnTransformer(numeric=sklearn.pipeline.Pipeline(imputer=sklearn.preprocessing.imputation.Imputer,standardscaler=sklearn.preprocessing.data.StandardScaler),nominal=sklearn.pipeline.Pipeline(simpleimputer=sklearn.impute.SimpleImputer,onehotencoder=sklearn.preprocessing._encoders.OneHotEncoder)),variancethreshold=sklearn.feature_selection.variance_threshold.VarianceThreshold,svc=sklearn.svm.classes.SVC)(1)","0.5841","axis:0,copy:true,values:""NaN"",strategy:""median"",verbose:0,copy:true,mean:true,std:true,memory:null,copy:true,value:-1,values:NaN,strategy:""constant"",verbose:0,features:null,categories:null,dtype:float64""},unknown:""ignore"",values:null,sparse:true,C:39714527496653,size:200,weight:null,coef0:0.0,shape:""ovr"",degree:3,gamma:24492108851258332,kernel:""rbf"",iter:-1,probability:false,state:26947,shrinking:true,tol:0065550571374703645,verbose:false,jobs:null,remainder:""passthrough"",threshold:0.3,weights:null,memory:null,threshold:0.0,memory:null"
"9160236","sklearn.pipeline.Pipeline(imputation=hyperimp.utils.preprocessing.ConditionalImputer2,hotencoding=sklearn.preprocessing.data.OneHotEncoder,scaling=sklearn.preprocessing.data.StandardScaler,variencethreshold=sklearn.feature_selection.variance_threshold.VarianceThreshold,clf=sklearn.svm.classes.SVC)(1)","0.5841","features:[],dtype:float64""},unknown:""ignore"",values:""auto"",sparse:true,threshold:0.0,copy:true,mean:false,std:true,C:581647954975047,size:200,weight:null,coef0:5584445134672159,shape:""ovr"",degree:3,gamma:13398129977591405,kernel:""rbf"",iter:-1,probability:false,state:54832,shrinking:false,tol:004564075423714317,verbose:false,axis:0,features:[],copy:true,empty:0,values:""NaN"",strategy:""mean"",nominal:""most_frequent"",verbose:0,memory:null"
"9636853","sklearn.pipeline.Pipeline(columntransformer=sklearn.compose._column_transformer.ColumnTransformer(numeric=sklearn.pipeline.Pipeline(imputer=sklearn.preprocessing.imputation.Imputer,standardscaler=sklearn.preprocessing.data.StandardScaler),nominal=sklearn.pipeline.Pipeline(simpleimputer=sklearn.impute.SimpleImputer,onehotencoder=sklearn.preprocessing._encoders.OneHotEncoder)),variancethreshold=sklearn.feature_selection.variance_threshold.VarianceThreshold,svc=sklearn.svm.classes.SVC)(1)","0.5839","axis:0,copy:true,values:""NaN"",strategy:""most_frequent"",verbose:0,copy:true,mean:true,std:true,memory:null,copy:true,value:-1,values:NaN,strategy:""constant"",verbose:0,features:null,categories:null,dtype:float64""},unknown:""ignore"",values:null,sparse:true,C:730269684019138,size:200,weight:null,coef0:0.0,shape:""ovr"",degree:3,gamma:13219518985163112,kernel:""rbf"",iter:-1,probability:false,state:27039,shrinking:false,tol:015916659893625645,verbose:false,jobs:null,remainder:""passthrough"",threshold:0.3,weights:null,memory:null,threshold:0.0,memory:null"
"9795989","sklearn.pipeline.Pipeline(columntransformer=sklearn.compose._column_transformer.ColumnTransformer(numeric=sklearn.pipeline.Pipeline(imputer=sklearn.preprocessing.imputation.Imputer,standardscaler=sklearn.preprocessing.data.StandardScaler),nominal=sklearn.pipeline.Pipeline(simpleimputer=sklearn.impute.SimpleImputer,onehotencoder=sklearn.preprocessing._encoders.OneHotEncoder)),variancethreshold=sklearn.feature_selection.variance_threshold.VarianceThreshold,svc=sklearn.svm.classes.SVC)(1)","0.5837","axis:0,copy:true,values:""NaN"",strategy:""mean"",verbose:0,copy:true,mean:true,std:true,memory:null,copy:true,value:-1,values:NaN,strategy:""constant"",verbose:0,features:null,categories:null,dtype:float64""},unknown:""ignore"",values:null,sparse:true,C:35541983022958,size:200,weight:null,coef0:0.0,shape:""ovr"",degree:3,gamma:12244810070465037,kernel:""rbf"",iter:-1,probability:false,state:43711,shrinking:true,tol:0005041967064144776,verbose:false,jobs:null,remainder:""passthrough"",threshold:0.3,weights:null,memory:null,threshold:0.0,memory:null"
"9620997","sklearn.pipeline.Pipeline(columntransformer=sklearn.compose._column_transformer.ColumnTransformer(numeric=sklearn.pipeline.Pipeline(imputer=sklearn.preprocessing.imputation.Imputer,standardscaler=sklearn.preprocessing.data.StandardScaler),nominal=sklearn.pipeline.Pipeline(simpleimputer=sklearn.impute.SimpleImputer,onehotencoder=sklearn.preprocessing._encoders.OneHotEncoder)),variancethreshold=sklearn.feature_selection.variance_threshold.VarianceThreshold,svc=sklearn.svm.classes.SVC)(1)","0.5836","axis:0,copy:true,values:""NaN"",strategy:""mean"",verbose:0,copy:true,mean:true,std:true,memory:null,copy:true,value:-1,values:NaN,strategy:""constant"",verbose:0,features:null,categories:null,dtype:float64""},unknown:""ignore"",values:null,sparse:true,C:793356634161244,size:200,weight:null,coef0:0.0,shape:""ovr"",degree:3,gamma:11967536078583106,kernel:""rbf"",iter:-1,probability:false,state:8650,shrinking:true,tol:00020205654677382188,verbose:false,jobs:null,remainder:""passthrough"",threshold:0.3,weights:null,memory:null,threshold:0.0,memory:null"
"9616310","sklearn.pipeline.Pipeline(columntransformer=sklearn.compose._column_transformer.ColumnTransformer(numeric=sklearn.pipeline.Pipeline(imputer=sklearn.preprocessing.imputation.Imputer,standardscaler=sklearn.preprocessing.data.StandardScaler),nominal=sklearn.pipeline.Pipeline(simpleimputer=sklearn.impute.SimpleImputer,onehotencoder=sklearn.preprocessing._encoders.OneHotEncoder)),variancethreshold=sklearn.feature_selection.variance_threshold.VarianceThreshold,svc=sklearn.svm.classes.SVC)(1)","0.5836","axis:0,copy:true,values:""NaN"",strategy:""mean"",verbose:0,copy:true,mean:true,std:true,memory:null,copy:true,value:-1,values:NaN,strategy:""constant"",verbose:0,features:null,categories:null,dtype:float64""},unknown:""ignore"",values:null,sparse:true,C:813717706831287,size:200,weight:null,coef0:0.0,shape:""ovr"",degree:3,gamma:28121954779052954,kernel:""rbf"",iter:-1,probability:false,state:35128,shrinking:true,tol:795418050832119e-05,verbose:false,jobs:null,remainder:""passthrough"",threshold:0.3,weights:null,memory:null,threshold:0.0,memory:null"
"9148013","sklearn.pipeline.Pipeline(imputation=hyperimp.utils.preprocessing.ConditionalImputer2,hotencoding=sklearn.preprocessing.data.OneHotEncoder,scaling=sklearn.preprocessing.data.StandardScaler,variencethreshold=sklearn.feature_selection.variance_threshold.VarianceThreshold,clf=sklearn.svm.classes.SVC)(1)","0.5835","features:[],dtype:float64""},unknown:""ignore"",values:""auto"",sparse:true,threshold:0.0,copy:true,mean:false,std:true,C:540849232022513,size:200,weight:null,coef0:5741109936951296,shape:""ovr"",degree:3,gamma:11570302956349418,kernel:""rbf"",iter:-1,probability:false,state:6194,shrinking:true,tol:02780172511865797,verbose:false,axis:0,features:[],copy:true,empty:0,values:""NaN"",strategy:""mean"",nominal:""most_frequent"",verbose:0,memory:null"
"569444","weka.IBk(7)","0.5833","K:10,W:0,A:true"
"9195666","sklearn.model_selection._search.RandomizedSearchCV(estimator=sklearn.pipeline.Pipeline(imputation=hyperimp.utils.preprocessing.ConditionalImputer,hotencoding=sklearn.preprocessing.data.OneHotEncoder,scaling=sklearn.preprocessing.data.StandardScaler,variencethreshold=sklearn.feature_selection.variance_threshold.VarianceThreshold,clf=sklearn.svm.classes.SVC))(1)","0.583","features:[],dtype:float64""},unknown:""ignore"",values:""auto"",sparse:true,threshold:0.0,copy:true,mean:false,std:true,C:1.0,size:200,weight:null,coef0:0.0,shape:""ovr"",degree:3,gamma:""auto"",kernel:""rbf"",iter:-1,probability:false,state:12002,shrinking:true,tol:0.001,verbose:false,axis:0,features:[],copy:true,empty:0,values:""NaN"",strategy:""mean"",nominal:""most_frequent"",verbose:0,memory:null,cv:5,score:""raise"",params:null,iid:true,iter:100,jobs:-1,distributions:1}}}},dispatch:""2*n_jobs"",state:878199,refit:true,score:""warn"",scoring:null,verbose:1"
"9198800","sklearn.model_selection._search.RandomizedSearchCV(estimator=sklearn.pipeline.Pipeline(imputation=hyperimp.utils.preprocessing.ConditionalImputer,hotencoding=sklearn.preprocessing.data.OneHotEncoder,scaling=sklearn.preprocessing.data.StandardScaler,variencethreshold=sklearn.feature_selection.variance_threshold.VarianceThreshold,clf=sklearn.svm.classes.SVC))(1)","0.583","features:[],dtype:float64""},unknown:""ignore"",values:""auto"",sparse:true,threshold:0.0,copy:true,mean:false,std:true,C:1.0,size:200,weight:null,coef0:0.0,shape:""ovr"",degree:3,gamma:""auto"",kernel:""rbf"",iter:-1,probability:false,state:57175,shrinking:true,tol:0.001,verbose:false,axis:0,features:[],copy:true,empty:0,values:""NaN"",strategy:""mean"",nominal:""most_frequent"",verbose:0,memory:null,cv:5,score:""raise"",params:null,iid:true,iter:100,jobs:-1,distributions:1}}}},dispatch:""2*n_jobs"",state:241849,refit:true,score:""warn"",scoring:null,verbose:1"
"9161361","sklearn.pipeline.Pipeline(imputation=hyperimp.utils.preprocessing.ConditionalImputer2,hotencoding=sklearn.preprocessing.data.OneHotEncoder,scaling=sklearn.preprocessing.data.StandardScaler,variencethreshold=sklearn.feature_selection.variance_threshold.VarianceThreshold,clf=sklearn.svm.classes.SVC)(1)","0.583","features:[],dtype:float64""},unknown:""ignore"",values:""auto"",sparse:true,threshold:0.0,copy:true,mean:false,std:true,C:04799058637201,size:200,weight:null,coef0:9122334134542488,shape:""ovr"",degree:3,gamma:12030479703468967,kernel:""rbf"",iter:-1,probability:false,state:71705,shrinking:true,tol:02767329353750637,verbose:false,axis:0,features:[],copy:true,empty:0,values:""NaN"",strategy:""mean"",nominal:""most_frequent"",verbose:0,memory:null"
"9656535","sklearn.pipeline.Pipeline(columntransformer=sklearn.compose._column_transformer.ColumnTransformer(numeric=sklearn.pipeline.Pipeline(imputer=sklearn.preprocessing.imputation.Imputer,standardscaler=sklearn.preprocessing.data.StandardScaler),nominal=sklearn.pipeline.Pipeline(simpleimputer=sklearn.impute.SimpleImputer,onehotencoder=sklearn.preprocessing._encoders.OneHotEncoder)),variancethreshold=sklearn.feature_selection.variance_threshold.VarianceThreshold,svc=sklearn.svm.classes.SVC)(1)","0.5829","axis:0,copy:true,values:""NaN"",strategy:""most_frequent"",verbose:0,copy:true,mean:true,std:true,memory:null,copy:true,value:-1,values:NaN,strategy:""constant"",verbose:0,features:null,categories:null,dtype:float64""},unknown:""ignore"",values:null,sparse:true,C:383398931337965,size:200,weight:null,coef0:0.0,shape:""ovr"",degree:3,gamma:47344049435807967,kernel:""rbf"",iter:-1,probability:false,state:42208,shrinking:true,tol:0013671203332350987,verbose:false,jobs:null,remainder:""passthrough"",threshold:0.3,weights:null,memory:null,threshold:0.0,memory:null"
"9140877","sklearn.pipeline.Pipeline(imputation=hyperimp.utils.preprocessing.ConditionalImputer2,hotencoding=sklearn.preprocessing.data.OneHotEncoder,scaling=sklearn.preprocessing.data.StandardScaler,variencethreshold=sklearn.feature_selection.variance_threshold.VarianceThreshold,clf=sklearn.svm.classes.SVC)(1)","0.5829","features:[],dtype:float64""},unknown:""ignore"",values:""auto"",sparse:true,threshold:0.0,copy:true,mean:false,std:true,C:6000840339527,size:200,weight:null,coef0:5443614922356057,shape:""ovr"",degree:3,gamma:15526291304108744,kernel:""rbf"",iter:-1,probability:false,state:52915,shrinking:false,tol:05508477490234294,verbose:false,axis:0,features:[],copy:true,empty:0,values:""NaN"",strategy:""mean"",nominal:""most_frequent"",verbose:0,memory:null"
"9141717","sklearn.pipeline.Pipeline(imputation=hyperimp.utils.preprocessing.ConditionalImputer2,hotencoding=sklearn.preprocessing.data.OneHotEncoder,scaling=sklearn.preprocessing.data.StandardScaler,variencethreshold=sklearn.feature_selection.variance_threshold.VarianceThreshold,clf=sklearn.svm.classes.SVC)(1)","0.5828","features:[],dtype:float64""},unknown:""ignore"",values:""auto"",sparse:true,threshold:0.0,copy:true,mean:false,std:true,C:223697576509,size:200,weight:null,coef0:20540801393224295,shape:""ovr"",degree:3,gamma:46084499614648233,kernel:""rbf"",iter:-1,probability:false,state:84035,shrinking:false,tol:907008586155424e-05,verbose:false,axis:0,features:[],copy:true,empty:0,values:""NaN"",strategy:""mean"",nominal:""most_frequent"",verbose:0,memory:null"
"8834156","sklearn.pipeline.Pipeline(imputation=openmlstudy14.preprocessing.ConditionalImputer,hotencoding=sklearn.preprocessing.data.OneHotEncoder,scaling=sklearn.preprocessing.data.StandardScaler,variencethreshold=sklearn.feature_selection.variance_threshold.VarianceThreshold,classifier=sklearn.svm.classes.SVC)(1)","0.5828","axis:0,features:[],copy:true,empty:0,values:""NaN"",strategy:""median"",nominal:""most_frequent"",verbose:0,features:[],dtype:float64""},unknown:""ignore"",values:""auto"",sparse:true,threshold:0.0,copy:true,mean:false,std:true,C:013344375249213,size:200,weight:null,coef0:4986025326959227,shape:null,degree:3,gamma:14201683116848024,kernel:""rbf"",iter:-1,probability:true,state:60551,shrinking:false,tol:03295888278056757,verbose:false"
"9195740","sklearn.model_selection._search.RandomizedSearchCV(estimator=sklearn.pipeline.Pipeline(imputation=hyperimp.utils.preprocessing.ConditionalImputer,hotencoding=sklearn.preprocessing.data.OneHotEncoder,scaling=sklearn.preprocessing.data.StandardScaler,variencethreshold=sklearn.feature_selection.variance_threshold.VarianceThreshold,clf=sklearn.svm.classes.SVC))(1)","0.5827","features:[],dtype:float64""},unknown:""ignore"",values:""auto"",sparse:true,threshold:0.0,copy:true,mean:false,std:true,C:1.0,size:200,weight:null,coef0:0.0,shape:""ovr"",degree:3,gamma:""auto"",kernel:""rbf"",iter:-1,probability:false,state:39037,shrinking:true,tol:0.001,verbose:false,axis:0,features:[],copy:true,empty:0,values:""NaN"",strategy:""mean"",nominal:""most_frequent"",verbose:0,memory:null,cv:5,score:""raise"",params:null,iid:true,iter:100,jobs:-1,distributions:1}}}},dispatch:""2*n_jobs"",state:878199,refit:true,score:""warn"",scoring:null,verbose:1"
"9199208","sklearn.model_selection._search.RandomizedSearchCV(estimator=sklearn.pipeline.Pipeline(imputation=hyperimp.utils.preprocessing.ConditionalImputer,hotencoding=sklearn.preprocessing.data.OneHotEncoder,scaling=sklearn.preprocessing.data.StandardScaler,variencethreshold=sklearn.feature_selection.variance_threshold.VarianceThreshold,clf=sklearn.svm.classes.SVC))(1)","0.5827","features:[],dtype:float64""},unknown:""ignore"",values:""auto"",sparse:true,threshold:0.0,copy:true,mean:false,std:true,C:1.0,size:200,weight:null,coef0:0.0,shape:""ovr"",degree:3,gamma:""auto"",kernel:""rbf"",iter:-1,probability:false,state:29169,shrinking:true,tol:0.001,verbose:false,axis:0,features:[],copy:true,empty:0,values:""NaN"",strategy:""mean"",nominal:""most_frequent"",verbose:0,memory:null,cv:5,score:""raise"",params:null,iid:true,iter:100,jobs:-1,distributions:1}}}},dispatch:""2*n_jobs"",state:241849,refit:true,score:""warn"",scoring:null,verbose:1"
"9194984","sklearn.model_selection._search.RandomizedSearchCV(estimator=sklearn.pipeline.Pipeline(imputation=hyperimp.utils.preprocessing.ConditionalImputer,hotencoding=sklearn.preprocessing.data.OneHotEncoder,scaling=sklearn.preprocessing.data.StandardScaler,variencethreshold=sklearn.feature_selection.variance_threshold.VarianceThreshold,clf=sklearn.svm.classes.SVC))(1)","0.5827","features:[],dtype:float64""},unknown:""ignore"",values:""auto"",sparse:true,threshold:0.0,copy:true,mean:false,std:true,C:1.0,size:200,weight:null,coef0:0.0,shape:""ovr"",degree:3,gamma:""auto"",kernel:""rbf"",iter:-1,probability:false,state:39900,shrinking:true,tol:0.001,verbose:false,axis:0,features:[],copy:true,empty:0,values:""NaN"",strategy:""mean"",nominal:""most_frequent"",verbose:0,memory:null,cv:5,score:""raise"",params:null,iid:true,iter:100,jobs:-1,distributions:1}}}},dispatch:""2*n_jobs"",state:878199,refit:true,score:""warn"",scoring:null,verbose:1"
"8980130","sklearn.pipeline.Pipeline(imputation=openmlstudy14.preprocessing.ConditionalImputer,hotencoding=sklearn.preprocessing.data.OneHotEncoder,scaling=sklearn.preprocessing.data.StandardScaler,variencethreshold=sklearn.feature_selection.variance_threshold.VarianceThreshold,classifier=sklearn.svm.classes.SVC)(2)","0.5827","axis:0,features:[],copy:true,empty:0,values:""NaN"",strategy:""mean"",nominal:""most_frequent"",verbose:0,features:[],dtype:float64""},unknown:""ignore"",values:""auto"",sparse:true,threshold:0.0,C:5031187555491305,size:200,weight:null,coef0:3569381453006406,shape:null,degree:4,gamma:15364377981481867,kernel:""rbf"",iter:-1,probability:true,state:27148,shrinking:false,tol:00011170178620152719,verbose:false,copy:true,mean:false,std:true"
"9763164","sklearn.pipeline.Pipeline(columntransformer=sklearn.compose._column_transformer.ColumnTransformer(numeric=sklearn.pipeline.Pipeline(imputer=sklearn.preprocessing.imputation.Imputer,standardscaler=sklearn.preprocessing.data.StandardScaler),nominal=sklearn.pipeline.Pipeline(simpleimputer=sklearn.impute.SimpleImputer,onehotencoder=sklearn.preprocessing._encoders.OneHotEncoder)),variancethreshold=sklearn.feature_selection.variance_threshold.VarianceThreshold,svc=sklearn.svm.classes.SVC)(1)","0.5826","axis:0,copy:true,values:""NaN"",strategy:""median"",verbose:0,copy:true,mean:true,std:true,memory:null,copy:true,value:-1,values:NaN,strategy:""constant"",verbose:0,features:null,categories:null,dtype:float64""},unknown:""ignore"",values:null,sparse:true,C:747696862290663,size:200,weight:null,coef0:0.0,shape:""ovr"",degree:3,gamma:4561242845817139,kernel:""rbf"",iter:-1,probability:false,state:55314,shrinking:true,tol:006248890971981587,verbose:false,jobs:null,remainder:""passthrough"",threshold:0.3,weights:null,memory:null,threshold:0.0,memory:null"
"9198131","sklearn.model_selection._search.RandomizedSearchCV(estimator=sklearn.pipeline.Pipeline(imputation=hyperimp.utils.preprocessing.ConditionalImputer,hotencoding=sklearn.preprocessing.data.OneHotEncoder,scaling=sklearn.preprocessing.data.StandardScaler,variencethreshold=sklearn.feature_selection.variance_threshold.VarianceThreshold,clf=sklearn.svm.classes.SVC))(1)","0.5826","features:[],dtype:float64""},unknown:""ignore"",values:""auto"",sparse:true,threshold:0.0,copy:true,mean:false,std:true,C:1.0,size:200,weight:null,coef0:0.0,shape:""ovr"",degree:3,gamma:""auto"",kernel:""rbf"",iter:-1,probability:false,state:4815,shrinking:true,tol:0.001,verbose:false,axis:0,features:[],copy:true,empty:0,values:""NaN"",strategy:""mean"",nominal:""most_frequent"",verbose:0,memory:null,cv:5,score:""raise"",params:null,iid:true,iter:100,jobs:-1,distributions:1}}}},dispatch:""2*n_jobs"",state:241849,refit:true,score:""warn"",scoring:null,verbose:1"
"8697848","sklearn.pipeline.Pipeline(imputation=openmlstudy14.preprocessing.ConditionalImputer,hotencoding=sklearn.preprocessing.data.OneHotEncoder,scaling=sklearn.preprocessing.data.StandardScaler,variencethreshold=sklearn.feature_selection.variance_threshold.VarianceThreshold,classifier=sklearn.svm.classes.SVC)(1)","0.5826","axis:0,features:[],copy:true,empty:0,values:""NaN"",strategy:""most_frequent"",nominal:""most_frequent"",verbose:0,features:[],dtype:float64""},unknown:""ignore"",values:""auto"",sparse:true,threshold:0.0,copy:true,mean:false,std:true,C:474882028277037,size:200,weight:null,coef0:9087230217297251,shape:null,degree:4,gamma:1449257658205107,kernel:""rbf"",iter:-1,probability:true,state:24843,shrinking:false,tol:0011852654128280912,verbose:false"
"9733992","sklearn.pipeline.Pipeline(columntransformer=sklearn.compose._column_transformer.ColumnTransformer(numeric=sklearn.pipeline.Pipeline(imputer=sklearn.preprocessing.imputation.Imputer,standardscaler=sklearn.preprocessing.data.StandardScaler),nominal=sklearn.pipeline.Pipeline(simpleimputer=sklearn.impute.SimpleImputer,onehotencoder=sklearn.preprocessing._encoders.OneHotEncoder)),variancethreshold=sklearn.feature_selection.variance_threshold.VarianceThreshold,svc=sklearn.svm.classes.SVC)(1)","0.5825","axis:0,copy:true,values:""NaN"",strategy:""mean"",verbose:0,copy:true,mean:true,std:true,memory:null,copy:true,value:-1,values:NaN,strategy:""constant"",verbose:0,features:null,categories:null,dtype:float64""},unknown:""ignore"",values:null,sparse:true,C:399164655244657,size:200,weight:null,coef0:0.0,shape:""ovr"",degree:3,gamma:09271955333394999,kernel:""rbf"",iter:-1,probability:false,state:26406,shrinking:false,tol:00019571579559674054,verbose:false,jobs:null,remainder:""passthrough"",threshold:0.3,weights:null,memory:null,threshold:0.0,memory:null"
"9192258","sklearn.model_selection._search.RandomizedSearchCV(estimator=sklearn.pipeline.Pipeline(imputation=hyperimp.utils.preprocessing.ConditionalImputer,hotencoding=sklearn.preprocessing.data.OneHotEncoder,scaling=sklearn.preprocessing.data.StandardScaler,variencethreshold=sklearn.feature_selection.variance_threshold.VarianceThreshold,clf=sklearn.svm.classes.SVC))(1)","0.5825","features:[],dtype:float64""},unknown:""ignore"",values:""auto"",sparse:true,threshold:0.0,copy:true,mean:false,std:true,C:1.0,size:200,weight:null,coef0:0.0,shape:""ovr"",degree:3,gamma:""auto"",kernel:""rbf"",iter:-1,probability:false,state:26641,shrinking:true,tol:0.001,verbose:false,axis:0,features:[],copy:true,empty:0,values:""NaN"",strategy:""mean"",nominal:""most_frequent"",verbose:0,memory:null,cv:5,score:""raise"",params:null,iid:true,iter:100,jobs:-1,distributions:1}}}},dispatch:""2*n_jobs"",state:742310,refit:true,score:""warn"",scoring:null,verbose:1"
"8963836","sklearn.pipeline.Pipeline(imputation=openmlstudy14.preprocessing.ConditionalImputer,hotencoding=sklearn.preprocessing.data.OneHotEncoder,scaling=sklearn.preprocessing.data.StandardScaler,variencethreshold=sklearn.feature_selection.variance_threshold.VarianceThreshold,classifier=sklearn.svm.classes.SVC)(2)","0.5825","axis:0,features:[],copy:true,empty:0,values:""NaN"",strategy:""mean"",nominal:""most_frequent"",verbose:0,features:[],dtype:float64""},unknown:""ignore"",values:""auto"",sparse:true,threshold:0.0,C:28444331624185,size:200,weight:null,coef0:6761671466526735,shape:null,degree:3,gamma:06960040436202845,kernel:""rbf"",iter:-1,probability:true,state:55804,shrinking:true,tol:00621242605103233,verbose:false,copy:true,mean:false,std:true"
"1669371","weka.Bagging_JRip(3)","0.5825","F:3,N:2.0,O:2,S:1,P:100,S:1,num-slots:1,I:10,W:JRip"
"9630194","sklearn.pipeline.Pipeline(columntransformer=sklearn.compose._column_transformer.ColumnTransformer(numeric=sklearn.pipeline.Pipeline(imputer=sklearn.preprocessing.imputation.Imputer,standardscaler=sklearn.preprocessing.data.StandardScaler),nominal=sklearn.pipeline.Pipeline(simpleimputer=sklearn.impute.SimpleImputer,onehotencoder=sklearn.preprocessing._encoders.OneHotEncoder)),variancethreshold=sklearn.feature_selection.variance_threshold.VarianceThreshold,svc=sklearn.svm.classes.SVC)(1)","0.5824","axis:0,copy:true,values:""NaN"",strategy:""median"",verbose:0,copy:true,mean:true,std:true,memory:null,copy:true,value:-1,values:NaN,strategy:""constant"",verbose:0,features:null,categories:null,dtype:float64""},unknown:""ignore"",values:null,sparse:true,C:100128320132778,size:200,weight:null,coef0:0.0,shape:""ovr"",degree:3,gamma:3634930115797062,kernel:""rbf"",iter:-1,probability:false,state:62256,shrinking:false,tol:002475618623988525,verbose:false,jobs:null,remainder:""passthrough"",threshold:0.3,weights:null,memory:null,threshold:0.0,memory:null"
"9787915","sklearn.pipeline.Pipeline(columntransformer=sklearn.compose._column_transformer.ColumnTransformer(numeric=sklearn.pipeline.Pipeline(imputer=sklearn.preprocessing.imputation.Imputer,standardscaler=sklearn.preprocessing.data.StandardScaler),nominal=sklearn.pipeline.Pipeline(simpleimputer=sklearn.impute.SimpleImputer,onehotencoder=sklearn.preprocessing._encoders.OneHotEncoder)),variancethreshold=sklearn.feature_selection.variance_threshold.VarianceThreshold,svc=sklearn.svm.classes.SVC)(1)","0.5824","axis:0,copy:true,values:""NaN"",strategy:""median"",verbose:0,copy:true,mean:true,std:true,memory:null,copy:true,value:-1,values:NaN,strategy:""constant"",verbose:0,features:null,categories:null,dtype:float64""},unknown:""ignore"",values:null,sparse:true,C:48499724288246,size:200,weight:null,coef0:0.0,shape:""ovr"",degree:3,gamma:20002688527647897,kernel:""rbf"",iter:-1,probability:false,state:12292,shrinking:true,tol:014517805768938184,verbose:false,jobs:null,remainder:""passthrough"",threshold:0.3,weights:null,memory:null,threshold:0.0,memory:null"
"9192106","sklearn.model_selection._search.RandomizedSearchCV(estimator=sklearn.pipeline.Pipeline(imputation=hyperimp.utils.preprocessing.ConditionalImputer,hotencoding=sklearn.preprocessing.data.OneHotEncoder,scaling=sklearn.preprocessing.data.StandardScaler,variencethreshold=sklearn.feature_selection.variance_threshold.VarianceThreshold,clf=sklearn.svm.classes.SVC))(1)","0.5824","features:[],dtype:float64""},unknown:""ignore"",values:""auto"",sparse:true,threshold:0.0,copy:true,mean:false,std:true,C:1.0,size:200,weight:null,coef0:0.0,shape:""ovr"",degree:3,gamma:""auto"",kernel:""rbf"",iter:-1,probability:false,state:48663,shrinking:true,tol:0.001,verbose:false,axis:0,features:[],copy:true,empty:0,values:""NaN"",strategy:""mean"",nominal:""most_frequent"",verbose:0,memory:null,cv:5,score:""raise"",params:null,iid:true,iter:100,jobs:-1,distributions:1}}}},dispatch:""2*n_jobs"",state:742310,refit:true,score:""warn"",scoring:null,verbose:1"
"9191794","sklearn.model_selection._search.RandomizedSearchCV(estimator=sklearn.pipeline.Pipeline(imputation=hyperimp.utils.preprocessing.ConditionalImputer,hotencoding=sklearn.preprocessing.data.OneHotEncoder,scaling=sklearn.preprocessing.data.StandardScaler,variencethreshold=sklearn.feature_selection.variance_threshold.VarianceThreshold,clf=sklearn.svm.classes.SVC))(1)","0.5824","features:[],dtype:float64""},unknown:""ignore"",values:""auto"",sparse:true,threshold:0.0,copy:true,mean:false,std:true,C:1.0,size:200,weight:null,coef0:0.0,shape:""ovr"",degree:3,gamma:""auto"",kernel:""rbf"",iter:-1,probability:false,state:38959,shrinking:true,tol:0.001,verbose:false,axis:0,features:[],copy:true,empty:0,values:""NaN"",strategy:""mean"",nominal:""most_frequent"",verbose:0,memory:null,cv:5,score:""raise"",params:null,iid:true,iter:100,jobs:-1,distributions:1}}}},dispatch:""2*n_jobs"",state:742310,refit:true,score:""warn"",scoring:null,verbose:1"
"9198053","sklearn.model_selection._search.RandomizedSearchCV(estimator=sklearn.pipeline.Pipeline(imputation=hyperimp.utils.preprocessing.ConditionalImputer,hotencoding=sklearn.preprocessing.data.OneHotEncoder,scaling=sklearn.preprocessing.data.StandardScaler,variencethreshold=sklearn.feature_selection.variance_threshold.VarianceThreshold,clf=sklearn.svm.classes.SVC))(1)","0.5818","features:[],dtype:float64""},unknown:""ignore"",values:""auto"",sparse:true,threshold:0.0,copy:true,mean:false,std:true,C:1.0,size:200,weight:null,coef0:0.0,shape:""ovr"",degree:3,gamma:""auto"",kernel:""rbf"",iter:-1,probability:false,state:7954,shrinking:true,tol:0.001,verbose:false,axis:0,features:[],copy:true,empty:0,values:""NaN"",strategy:""mean"",nominal:""most_frequent"",verbose:0,memory:null,cv:5,score:""raise"",params:null,iid:true,iter:100,jobs:-1,distributions:1}}}},dispatch:""2*n_jobs"",state:786801,refit:true,score:""warn"",scoring:null,verbose:1"
"9197786","sklearn.model_selection._search.RandomizedSearchCV(estimator=sklearn.pipeline.Pipeline(imputation=hyperimp.utils.preprocessing.ConditionalImputer,hotencoding=sklearn.preprocessing.data.OneHotEncoder,scaling=sklearn.preprocessing.data.StandardScaler,variencethreshold=sklearn.feature_selection.variance_threshold.VarianceThreshold,clf=sklearn.svm.classes.SVC))(1)","0.5818","features:[],dtype:float64""},unknown:""ignore"",values:""auto"",sparse:true,threshold:0.0,copy:true,mean:false,std:true,C:1.0,size:200,weight:null,coef0:0.0,shape:""ovr"",degree:3,gamma:""auto"",kernel:""rbf"",iter:-1,probability:false,state:40061,shrinking:true,tol:0.001,verbose:false,axis:0,features:[],copy:true,empty:0,values:""NaN"",strategy:""mean"",nominal:""most_frequent"",verbose:0,memory:null,cv:5,score:""raise"",params:null,iid:true,iter:100,jobs:-1,distributions:1}}}},dispatch:""2*n_jobs"",state:786801,refit:true,score:""warn"",scoring:null,verbose:1"
"9199152","sklearn.model_selection._search.RandomizedSearchCV(estimator=sklearn.pipeline.Pipeline(imputation=hyperimp.utils.preprocessing.ConditionalImputer,hotencoding=sklearn.preprocessing.data.OneHotEncoder,scaling=sklearn.preprocessing.data.StandardScaler,variencethreshold=sklearn.feature_selection.variance_threshold.VarianceThreshold,clf=sklearn.svm.classes.SVC))(1)","0.5818","features:[],dtype:float64""},unknown:""ignore"",values:""auto"",sparse:true,threshold:0.0,copy:true,mean:false,std:true,C:1.0,size:200,weight:null,coef0:0.0,shape:""ovr"",degree:3,gamma:""auto"",kernel:""rbf"",iter:-1,probability:false,state:55265,shrinking:true,tol:0.001,verbose:false,axis:0,features:[],copy:true,empty:0,values:""NaN"",strategy:""mean"",nominal:""most_frequent"",verbose:0,memory:null,cv:5,score:""raise"",params:null,iid:true,iter:100,jobs:-1,distributions:1}}}},dispatch:""2*n_jobs"",state:786801,refit:true,score:""warn"",scoring:null,verbose:1"
"9140973","sklearn.pipeline.Pipeline(imputation=hyperimp.utils.preprocessing.ConditionalImputer2,hotencoding=sklearn.preprocessing.data.OneHotEncoder,scaling=sklearn.preprocessing.data.StandardScaler,variencethreshold=sklearn.feature_selection.variance_threshold.VarianceThreshold,clf=sklearn.svm.classes.SVC)(1)","0.5818","features:[],dtype:float64""},unknown:""ignore"",values:""auto"",sparse:true,threshold:0.0,copy:true,mean:false,std:true,C:349020768129481,size:200,weight:null,coef0:26275470730202743,shape:""ovr"",degree:3,gamma:16051734795621597,kernel:""rbf"",iter:-1,probability:false,state:24140,shrinking:true,tol:0005854743345971728,verbose:false,axis:0,features:[],copy:true,empty:0,values:""NaN"",strategy:""mean"",nominal:""most_frequent"",verbose:0,memory:null"
"9141117","sklearn.pipeline.Pipeline(imputation=hyperimp.utils.preprocessing.ConditionalImputer2,hotencoding=sklearn.preprocessing.data.OneHotEncoder,scaling=sklearn.preprocessing.data.StandardScaler,variencethreshold=sklearn.feature_selection.variance_threshold.VarianceThreshold,clf=sklearn.svm.classes.SVC)(1)","0.5818","features:[],dtype:float64""},unknown:""ignore"",values:""auto"",sparse:true,threshold:0.0,copy:true,mean:false,std:true,C:1666010905933,size:200,weight:null,coef0:5646097586671595,shape:""ovr"",degree:3,gamma:153740831992848,kernel:""rbf"",iter:-1,probability:false,state:44085,shrinking:true,tol:585300779672125e-05,verbose:false,axis:0,features:[],copy:true,empty:0,values:""NaN"",strategy:""mean"",nominal:""most_frequent"",verbose:0,memory:null"
"9160487","sklearn.pipeline.Pipeline(imputation=hyperimp.utils.preprocessing.ConditionalImputer2,hotencoding=sklearn.preprocessing.data.OneHotEncoder,scaling=sklearn.preprocessing.data.StandardScaler,variencethreshold=sklearn.feature_selection.variance_threshold.VarianceThreshold,clf=sklearn.svm.classes.SVC)(1)","0.5818","features:[],dtype:float64""},unknown:""ignore"",values:""auto"",sparse:true,threshold:0.0,copy:true,mean:false,std:true,C:498726273089024,size:200,weight:null,coef0:9654508531986271,shape:""ovr"",degree:3,gamma:28385503259448125,kernel:""rbf"",iter:-1,probability:false,state:47537,shrinking:false,tol:000358731273340119,verbose:false,axis:0,features:[],copy:true,empty:0,values:""NaN"",strategy:""mean"",nominal:""most_frequent"",verbose:0,memory:null"
"9157788","sklearn.pipeline.Pipeline(imputation=hyperimp.utils.preprocessing.ConditionalImputer2,hotencoding=sklearn.preprocessing.data.OneHotEncoder,scaling=sklearn.preprocessing.data.StandardScaler,variencethreshold=sklearn.feature_selection.variance_threshold.VarianceThreshold,clf=sklearn.svm.classes.SVC)(1)","0.5817","features:[],dtype:float64""},unknown:""ignore"",values:""auto"",sparse:true,threshold:0.0,copy:true,mean:false,std:true,C:616167317730642,size:200,weight:null,coef0:7251234700100232,shape:""ovr"",degree:3,gamma:14693767473287184,kernel:""rbf"",iter:-1,probability:false,state:28589,shrinking:true,tol:002450697208625834,verbose:false,axis:0,features:[],copy:true,empty:0,values:""NaN"",strategy:""mean"",nominal:""most_frequent"",verbose:0,memory:null"
"8697561","sklearn.pipeline.Pipeline(imputation=openmlstudy14.preprocessing.ConditionalImputer,hotencoding=sklearn.preprocessing.data.OneHotEncoder,scaling=sklearn.preprocessing.data.StandardScaler,variencethreshold=sklearn.feature_selection.variance_threshold.VarianceThreshold,classifier=sklearn.svm.classes.SVC)(1)","0.5814","axis:0,features:[],copy:true,empty:0,values:""NaN"",strategy:""mean"",nominal:""most_frequent"",verbose:0,features:[],dtype:float64""},unknown:""ignore"",values:""auto"",sparse:true,threshold:0.0,copy:true,mean:false,std:true,C:468945577971089,size:200,weight:null,coef0:8363729801216979,shape:null,degree:5,gamma:08149534686211925,kernel:""rbf"",iter:-1,probability:true,state:55633,shrinking:false,tol:01511976724555e-05,verbose:false"
"9665766","sklearn.pipeline.Pipeline(columntransformer=sklearn.compose._column_transformer.ColumnTransformer(numeric=sklearn.pipeline.Pipeline(imputer=sklearn.preprocessing.imputation.Imputer,standardscaler=sklearn.preprocessing.data.StandardScaler),nominal=sklearn.pipeline.Pipeline(simpleimputer=sklearn.impute.SimpleImputer,onehotencoder=sklearn.preprocessing._encoders.OneHotEncoder)),variancethreshold=sklearn.feature_selection.variance_threshold.VarianceThreshold,svc=sklearn.svm.classes.SVC)(1)","0.581","axis:0,copy:true,values:""NaN"",strategy:""most_frequent"",verbose:0,copy:true,mean:true,std:true,memory:null,copy:true,value:-1,values:NaN,strategy:""constant"",verbose:0,features:null,categories:null,dtype:float64""},unknown:""ignore"",values:null,sparse:true,C:51722052685253,size:200,weight:null,coef0:0.0,shape:""ovr"",degree:3,gamma:30210858822934855,kernel:""rbf"",iter:-1,probability:false,state:49519,shrinking:false,tol:06286440060856595,verbose:false,jobs:null,remainder:""passthrough"",threshold:0.3,weights:null,memory:null,threshold:0.0,memory:null"
"9159841","sklearn.pipeline.Pipeline(imputation=hyperimp.utils.preprocessing.ConditionalImputer2,hotencoding=sklearn.preprocessing.data.OneHotEncoder,scaling=sklearn.preprocessing.data.StandardScaler,variencethreshold=sklearn.feature_selection.variance_threshold.VarianceThreshold,clf=sklearn.svm.classes.SVC)(1)","0.5809","features:[],dtype:float64""},unknown:""ignore"",values:""auto"",sparse:true,threshold:0.0,copy:true,mean:false,std:true,C:6488340541181215,size:200,weight:null,coef0:570876731502118,shape:""ovr"",degree:3,gamma:17072360316865795,kernel:""rbf"",iter:-1,probability:false,state:2450,shrinking:true,tol:006962493870979827,verbose:false,axis:0,features:[],copy:true,empty:0,values:""NaN"",strategy:""mean"",nominal:""most_frequent"",verbose:0,memory:null"
"9957744","sklearn.pipeline.Pipeline(columntransformer=sklearn.compose._column_transformer.ColumnTransformer(numeric=sklearn.pipeline.Pipeline(imputer=sklearn.preprocessing.imputation.Imputer,standardscaler=sklearn.preprocessing.data.StandardScaler),nominal=sklearn.pipeline.Pipeline(simpleimputer=sklearn.impute.SimpleImputer,onehotencoder=sklearn.preprocessing._encoders.OneHotEncoder)),variancethreshold=sklearn.feature_selection.variance_threshold.VarianceThreshold,gradientboostingclassifier=sklearn.ensemble.gradient_boosting.GradientBoostingClassifier)(3)","0.5808","memory:null,jobs:null,remainder:""passthrough"",threshold:0.3,weights:null,memory:null,axis:0,copy:true,values:""NaN"",strategy:""mean"",verbose:0,copy:true,mean:true,std:true,memory:null,copy:true,value:-1,values:NaN,strategy:""constant"",verbose:0,features:null,categories:null,dtype:float64""},unknown:""ignore"",values:null,sparse:true,threshold:0.0,criterion:""friedman_mse"",init:null,rate:27052263136982185,loss:""deviance"",depth:7,features:22741429759298115,nodes:null,decrease:2761421244905016,split:null,leaf:2,split:11,leaf:06921455342258265,estimators:367,change:206,presort:""auto"",state:36290,subsample:28198172317617154,tol:0010293545277873521,fraction:2551695618156834,verbose:0,start:false"
"9906874","sklearn.pipeline.Pipeline(columntransformer=sklearn.compose._column_transformer.ColumnTransformer(numeric=sklearn.pipeline.Pipeline(imputer=sklearn.preprocessing.imputation.Imputer,standardscaler=sklearn.preprocessing.data.StandardScaler),nominal=sklearn.pipeline.Pipeline(simpleimputer=sklearn.impute.SimpleImputer,onehotencoder=sklearn.preprocessing._encoders.OneHotEncoder)),variancethreshold=sklearn.feature_selection.variance_threshold.VarianceThreshold,gradientboostingclassifier=sklearn.ensemble.gradient_boosting.GradientBoostingClassifier)(1)","0.5807","memory:null,jobs:null,remainder:""passthrough"",threshold:0.3,weights:null,memory:null,axis:0,copy:true,values:""NaN"",strategy:""mean"",verbose:0,copy:true,mean:true,std:true,memory:null,copy:true,value:-1,values:NaN,strategy:""constant"",verbose:0,features:null,categories:null,dtype:float64""},unknown:""ignore"",values:null,sparse:true,threshold:0.0,criterion:""friedman_mse"",init:null,rate:5952232969647675,loss:""deviance"",depth:9,features:6109275435973024,nodes:null,decrease:11855195257311679,split:null,leaf:2,split:7,leaf:02538818108457025,estimators:400,change:573,presort:""auto"",state:32533,subsample:6796211621767534,tol:013428916648605207,fraction:4125958597042052,verbose:0,start:false"
"9793575","sklearn.pipeline.Pipeline(columntransformer=sklearn.compose._column_transformer.ColumnTransformer(numeric=sklearn.pipeline.Pipeline(imputer=sklearn.preprocessing.imputation.Imputer,standardscaler=sklearn.preprocessing.data.StandardScaler),nominal=sklearn.pipeline.Pipeline(simpleimputer=sklearn.impute.SimpleImputer,onehotencoder=sklearn.preprocessing._encoders.OneHotEncoder)),variancethreshold=sklearn.feature_selection.variance_threshold.VarianceThreshold,svc=sklearn.svm.classes.SVC)(1)","0.5806","axis:0,copy:true,values:""NaN"",strategy:""mean"",verbose:0,copy:true,mean:true,std:true,memory:null,copy:true,value:-1,values:NaN,strategy:""constant"",verbose:0,features:null,categories:null,dtype:float64""},unknown:""ignore"",values:null,sparse:true,C:605028026891304,size:200,weight:null,coef0:0.0,shape:""ovr"",degree:3,gamma:07581352808842595,kernel:""rbf"",iter:-1,probability:false,state:20072,shrinking:false,tol:020549122506299335,verbose:false,jobs:null,remainder:""passthrough"",threshold:0.3,weights:null,memory:null,threshold:0.0,memory:null"
"9725623","sklearn.pipeline.Pipeline(columntransformer=sklearn.compose._column_transformer.ColumnTransformer(numeric=sklearn.pipeline.Pipeline(imputer=sklearn.preprocessing.imputation.Imputer,standardscaler=sklearn.preprocessing.data.StandardScaler),nominal=sklearn.pipeline.Pipeline(simpleimputer=sklearn.impute.SimpleImputer,onehotencoder=sklearn.preprocessing._encoders.OneHotEncoder)),variancethreshold=sklearn.feature_selection.variance_threshold.VarianceThreshold,svc=sklearn.svm.classes.SVC)(1)","0.5806","axis:0,copy:true,values:""NaN"",strategy:""most_frequent"",verbose:0,copy:true,mean:true,std:true,memory:null,copy:true,value:-1,values:NaN,strategy:""constant"",verbose:0,features:null,categories:null,dtype:float64""},unknown:""ignore"",values:null,sparse:true,C:50112593757396,size:200,weight:null,coef0:0.0,shape:""ovr"",degree:3,gamma:41308359875680645,kernel:""rbf"",iter:-1,probability:false,state:21506,shrinking:false,tol:0026815729848602555,verbose:false,jobs:null,remainder:""passthrough"",threshold:0.3,weights:null,memory:null,threshold:0.0,memory:null"
"9143378","sklearn.pipeline.Pipeline(imputation=hyperimp.utils.preprocessing.ConditionalImputer2,hotencoding=sklearn.preprocessing.data.OneHotEncoder,scaling=sklearn.preprocessing.data.StandardScaler,variencethreshold=sklearn.feature_selection.variance_threshold.VarianceThreshold,clf=sklearn.svm.classes.SVC)(1)","0.5805","features:[],dtype:float64""},unknown:""ignore"",values:""auto"",sparse:true,threshold:0.0,copy:true,mean:false,std:true,C:421608275106955,size:200,weight:null,coef0:501656338272764,shape:""ovr"",degree:3,gamma:2705305038584009,kernel:""rbf"",iter:-1,probability:false,state:14990,shrinking:false,tol:27486813934726e-05,verbose:false,axis:0,features:[],copy:true,empty:0,values:""NaN"",strategy:""mean"",nominal:""most_frequent"",verbose:0,memory:null"
"9719562","sklearn.pipeline.Pipeline(columntransformer=sklearn.compose._column_transformer.ColumnTransformer(numeric=sklearn.pipeline.Pipeline(imputer=sklearn.preprocessing.imputation.Imputer,standardscaler=sklearn.preprocessing.data.StandardScaler),nominal=sklearn.pipeline.Pipeline(simpleimputer=sklearn.impute.SimpleImputer,onehotencoder=sklearn.preprocessing._encoders.OneHotEncoder)),variancethreshold=sklearn.feature_selection.variance_threshold.VarianceThreshold,svc=sklearn.svm.classes.SVC)(1)","0.5803","axis:0,copy:true,values:""NaN"",strategy:""median"",verbose:0,copy:true,mean:true,std:true,memory:null,copy:true,value:-1,values:NaN,strategy:""constant"",verbose:0,features:null,categories:null,dtype:float64""},unknown:""ignore"",values:null,sparse:true,C:15444847896435,size:200,weight:null,coef0:0.0,shape:""ovr"",degree:3,gamma:3966554124798096,kernel:""rbf"",iter:-1,probability:false,state:556,shrinking:true,tol:004684354755684072,verbose:false,jobs:null,remainder:""passthrough"",threshold:0.3,weights:null,memory:null,threshold:0.0,memory:null"
"9161281","sklearn.pipeline.Pipeline(imputation=hyperimp.utils.preprocessing.ConditionalImputer2,hotencoding=sklearn.preprocessing.data.OneHotEncoder,scaling=sklearn.preprocessing.data.StandardScaler,variencethreshold=sklearn.feature_selection.variance_threshold.VarianceThreshold,clf=sklearn.svm.classes.SVC)(1)","0.5803","features:[],dtype:float64""},unknown:""ignore"",values:""auto"",sparse:true,threshold:0.0,copy:true,mean:false,std:true,C:943308081900707,size:200,weight:null,coef0:4592754058347792,shape:""ovr"",degree:3,gamma:13548741983298268,kernel:""rbf"",iter:-1,probability:false,state:44962,shrinking:false,tol:0008889424799873291,verbose:false,axis:0,features:[],copy:true,empty:0,values:""NaN"",strategy:""mean"",nominal:""most_frequent"",verbose:0,memory:null"
"9157491","sklearn.pipeline.Pipeline(imputation=hyperimp.utils.preprocessing.ConditionalImputer2,hotencoding=sklearn.preprocessing.data.OneHotEncoder,scaling=sklearn.preprocessing.data.StandardScaler,variencethreshold=sklearn.feature_selection.variance_threshold.VarianceThreshold,clf=sklearn.svm.classes.SVC)(1)","0.5802","features:[],dtype:float64""},unknown:""ignore"",values:""auto"",sparse:true,threshold:0.0,copy:true,mean:false,std:true,C:99063351351511,size:200,weight:null,coef0:5521222763674021,shape:""ovr"",degree:3,gamma:08350348935070025,kernel:""rbf"",iter:-1,probability:false,state:35871,shrinking:false,tol:6044760210462184e-05,verbose:false,axis:0,features:[],copy:true,empty:0,values:""NaN"",strategy:""mean"",nominal:""most_frequent"",verbose:0,memory:null"
"9627304","sklearn.pipeline.Pipeline(columntransformer=sklearn.compose._column_transformer.ColumnTransformer(numeric=sklearn.pipeline.Pipeline(imputer=sklearn.preprocessing.imputation.Imputer,standardscaler=sklearn.preprocessing.data.StandardScaler),nominal=sklearn.pipeline.Pipeline(simpleimputer=sklearn.impute.SimpleImputer,onehotencoder=sklearn.preprocessing._encoders.OneHotEncoder)),variancethreshold=sklearn.feature_selection.variance_threshold.VarianceThreshold,svc=sklearn.svm.classes.SVC)(1)","0.5801","axis:0,copy:true,values:""NaN"",strategy:""median"",verbose:0,copy:true,mean:true,std:true,memory:null,copy:true,value:-1,values:NaN,strategy:""constant"",verbose:0,features:null,categories:null,dtype:float64""},unknown:""ignore"",values:null,sparse:true,C:2904853191183,size:200,weight:null,coef0:0.0,shape:""ovr"",degree:3,gamma:17476282035247304,kernel:""rbf"",iter:-1,probability:false,state:48669,shrinking:false,tol:0014020243782933018,verbose:false,jobs:null,remainder:""passthrough"",threshold:0.3,weights:null,memory:null,threshold:0.0,memory:null"
"9796420","sklearn.pipeline.Pipeline(columntransformer=sklearn.compose._column_transformer.ColumnTransformer(numeric=sklearn.pipeline.Pipeline(imputer=sklearn.preprocessing.imputation.Imputer,standardscaler=sklearn.preprocessing.data.StandardScaler),nominal=sklearn.pipeline.Pipeline(simpleimputer=sklearn.impute.SimpleImputer,onehotencoder=sklearn.preprocessing._encoders.OneHotEncoder)),variancethreshold=sklearn.feature_selection.variance_threshold.VarianceThreshold,svc=sklearn.svm.classes.SVC)(1)","0.5801","axis:0,copy:true,values:""NaN"",strategy:""most_frequent"",verbose:0,copy:true,mean:true,std:true,memory:null,copy:true,value:-1,values:NaN,strategy:""constant"",verbose:0,features:null,categories:null,dtype:float64""},unknown:""ignore"",values:null,sparse:true,C:93170851741826,size:200,weight:null,coef0:0.0,shape:""ovr"",degree:3,gamma:36635081100346534,kernel:""rbf"",iter:-1,probability:false,state:44974,shrinking:true,tol:662859441083201e-05,verbose:false,jobs:null,remainder:""passthrough"",threshold:0.3,weights:null,memory:null,threshold:0.0,memory:null"
"570286","weka.AttributeSelectedClassifier_IBk(1)","0.58","K:2,W:0,A:true,E:CfsSubsetEval -P 1 -E 1,S:BestFirst -D 1 -N 5,W:IBk"
"9817543","sklearn.pipeline.Pipeline(columntransformer=sklearn.compose._column_transformer.ColumnTransformer(numeric=sklearn.pipeline.Pipeline(imputer=sklearn.preprocessing.imputation.Imputer,standardscaler=sklearn.preprocessing.data.StandardScaler),nominal=sklearn.pipeline.Pipeline(simpleimputer=sklearn.impute.SimpleImputer,onehotencoder=sklearn.preprocessing._encoders.OneHotEncoder)),variancethreshold=sklearn.feature_selection.variance_threshold.VarianceThreshold,svc=sklearn.svm.classes.SVC)(1)","0.58","axis:0,copy:true,values:""NaN"",strategy:""mean"",verbose:0,copy:true,mean:true,std:true,memory:null,copy:true,value:-1,values:NaN,strategy:""constant"",verbose:0,features:null,categories:null,dtype:float64""},unknown:""ignore"",values:null,sparse:true,C:62291669288173,size:200,weight:null,coef0:0.0,shape:""ovr"",degree:3,gamma:07342554965088195,kernel:""rbf"",iter:-1,probability:false,state:41242,shrinking:true,tol:894900360797845e-05,verbose:false,jobs:null,remainder:""passthrough"",threshold:0.3,weights:null,memory:null,threshold:0.0,memory:null"
"9786712","sklearn.pipeline.Pipeline(columntransformer=sklearn.compose._column_transformer.ColumnTransformer(numeric=sklearn.pipeline.Pipeline(imputer=sklearn.preprocessing.imputation.Imputer,standardscaler=sklearn.preprocessing.data.StandardScaler),nominal=sklearn.pipeline.Pipeline(simpleimputer=sklearn.impute.SimpleImputer,onehotencoder=sklearn.preprocessing._encoders.OneHotEncoder)),variancethreshold=sklearn.feature_selection.variance_threshold.VarianceThreshold,svc=sklearn.svm.classes.SVC)(1)","0.58","axis:0,copy:true,values:""NaN"",strategy:""median"",verbose:0,copy:true,mean:true,std:true,memory:null,copy:true,value:-1,values:NaN,strategy:""constant"",verbose:0,features:null,categories:null,dtype:float64""},unknown:""ignore"",values:null,sparse:true,C:777048007848185,size:200,weight:null,coef0:0.0,shape:""ovr"",degree:3,gamma:13543349328683407,kernel:""rbf"",iter:-1,probability:false,state:40124,shrinking:false,tol:6896880224242516e-05,verbose:false,jobs:null,remainder:""passthrough"",threshold:0.3,weights:null,memory:null,threshold:0.0,memory:null"
"9152133","sklearn.pipeline.Pipeline(imputation=hyperimp.utils.preprocessing.ConditionalImputer2,hotencoding=sklearn.preprocessing.data.OneHotEncoder,scaling=sklearn.preprocessing.data.StandardScaler,variencethreshold=sklearn.feature_selection.variance_threshold.VarianceThreshold,clf=sklearn.svm.classes.SVC)(1)","0.58","features:[],dtype:float64""},unknown:""ignore"",values:""auto"",sparse:true,threshold:0.0,copy:true,mean:false,std:true,C:9022525037321,size:200,weight:null,coef0:8876650316524716,shape:""ovr"",degree:3,gamma:31827226488368454,kernel:""rbf"",iter:-1,probability:false,state:49579,shrinking:false,tol:00011886902220301993,verbose:false,axis:0,features:[],copy:true,empty:0,values:""NaN"",strategy:""mean"",nominal:""most_frequent"",verbose:0,memory:null"
"8992045","sklearn.pipeline.Pipeline(imputation=hyperimp.utils.preprocessing.ConditionalImputer,hotencoding=sklearn.preprocessing.data.OneHotEncoder,scaling=sklearn.preprocessing.data.StandardScaler,variencethreshold=sklearn.feature_selection.variance_threshold.VarianceThreshold,clf=sklearn.svm.classes.SVC)(1)","0.58","features:[],dtype:float64""},unknown:""ignore"",values:""auto"",sparse:true,threshold:0.0,copy:true,mean:false,std:true,C:9242960495205,size:200,weight:null,coef0:6947294148040578,shape:""ovr"",degree:3,gamma:17740633913510295,kernel:""rbf"",iter:-1,probability:false,state:1,shrinking:false,tol:006010597677543006,verbose:false,axis:0,features:[],copy:true,empty:0,values:""NaN"",strategy:""mean"",nominal:""most_frequent"",verbose:0,memory:null"
"9193387","sklearn.model_selection._search.RandomizedSearchCV(estimator=sklearn.pipeline.Pipeline(imputation=hyperimp.utils.preprocessing.ConditionalImputer,hotencoding=sklearn.preprocessing.data.OneHotEncoder,scaling=sklearn.preprocessing.data.StandardScaler,variencethreshold=sklearn.feature_selection.variance_threshold.VarianceThreshold,clf=sklearn.svm.classes.SVC))(1)","0.5799","features:[],dtype:float64""},unknown:""ignore"",values:""auto"",sparse:true,threshold:0.0,copy:true,mean:false,std:true,C:1.0,size:200,weight:null,coef0:0.0,shape:""ovr"",degree:3,gamma:""auto"",kernel:""rbf"",iter:-1,probability:false,state:46022,shrinking:true,tol:0.001,verbose:false,axis:0,features:[],copy:true,empty:0,values:""NaN"",strategy:""mean"",nominal:""most_frequent"",verbose:0,memory:null,cv:5,score:""raise"",params:null,iid:true,iter:100,jobs:-1,distributions:1}}}},dispatch:""2*n_jobs"",state:85956,refit:true,score:""warn"",scoring:null,verbose:1"
"8838695","sklearn.pipeline.Pipeline(imputation=openmlstudy14.preprocessing.ConditionalImputer,hotencoding=sklearn.preprocessing.data.OneHotEncoder,scaling=sklearn.preprocessing.data.StandardScaler,variencethreshold=sklearn.feature_selection.variance_threshold.VarianceThreshold,classifier=sklearn.svm.classes.SVC)(1)","0.5799","axis:0,features:[],copy:true,empty:0,values:""NaN"",strategy:""most_frequent"",nominal:""most_frequent"",verbose:0,features:[],dtype:float64""},unknown:""ignore"",values:""auto"",sparse:true,threshold:0.0,copy:true,mean:false,std:true,C:50542061244744,size:200,weight:null,coef0:39399536076417396,shape:null,degree:2,gamma:19343781754720343,kernel:""rbf"",iter:-1,probability:true,state:37847,shrinking:false,tol:00015999532450520115,verbose:false"
"8993455","sklearn.pipeline.Pipeline(imputation=hyperimp.utils.preprocessing.ConditionalImputer,hotencoding=sklearn.preprocessing.data.OneHotEncoder,scaling=sklearn.preprocessing.data.StandardScaler,variencethreshold=sklearn.feature_selection.variance_threshold.VarianceThreshold,clf=sklearn.svm.classes.SVC)(1)","0.5799","features:[],dtype:float64""},unknown:""ignore"",values:""auto"",sparse:true,threshold:0.0,copy:true,mean:false,std:true,C:18280552465814,size:200,weight:null,coef0:693392168357938,shape:""ovr"",degree:3,gamma:17447098416098158,kernel:""rbf"",iter:-1,probability:false,state:1,shrinking:false,tol:005937022207761651,verbose:false,axis:0,features:[],copy:true,empty:0,values:""NaN"",strategy:""mean"",nominal:""most_frequent"",verbose:0,memory:null"
"8992029","sklearn.pipeline.Pipeline(imputation=hyperimp.utils.preprocessing.ConditionalImputer,hotencoding=sklearn.preprocessing.data.OneHotEncoder,scaling=sklearn.preprocessing.data.StandardScaler,variencethreshold=sklearn.feature_selection.variance_threshold.VarianceThreshold,clf=sklearn.svm.classes.SVC)(1)","0.5799","features:[],dtype:float64""},unknown:""ignore"",values:""auto"",sparse:true,threshold:0.0,copy:true,mean:false,std:true,C:4034656019163,size:200,weight:null,coef0:6575897617408635,shape:""ovr"",degree:3,gamma:11161599658681415,kernel:""rbf"",iter:-1,probability:false,state:1,shrinking:true,tol:004269323333480595,verbose:false,axis:0,features:[],copy:true,empty:0,values:""NaN"",strategy:""mean"",nominal:""most_frequent"",verbose:0,memory:null"
"9141379","sklearn.pipeline.Pipeline(imputation=hyperimp.utils.preprocessing.ConditionalImputer2,hotencoding=sklearn.preprocessing.data.OneHotEncoder,scaling=sklearn.preprocessing.data.StandardScaler,variencethreshold=sklearn.feature_selection.variance_threshold.VarianceThreshold,clf=sklearn.svm.classes.SVC)(1)","0.5798","features:[],dtype:float64""},unknown:""ignore"",values:""auto"",sparse:true,threshold:0.0,copy:true,mean:false,std:true,C:22283945931434,size:200,weight:null,coef0:31138166839173265,shape:""ovr"",degree:3,gamma:1171219562264555,kernel:""rbf"",iter:-1,probability:false,state:8599,shrinking:true,tol:0117198177632066,verbose:false,axis:0,features:[],copy:true,empty:0,values:""NaN"",strategy:""mean"",nominal:""most_frequent"",verbose:0,memory:null"
"8992184","sklearn.pipeline.Pipeline(imputation=hyperimp.utils.preprocessing.ConditionalImputer,hotencoding=sklearn.preprocessing.data.OneHotEncoder,scaling=sklearn.preprocessing.data.StandardScaler,variencethreshold=sklearn.feature_selection.variance_threshold.VarianceThreshold,clf=sklearn.svm.classes.SVC)(1)","0.5798","features:[],dtype:float64""},unknown:""ignore"",values:""auto"",sparse:true,threshold:0.0,copy:true,mean:false,std:true,C:39146145469397,size:200,weight:null,coef0:6913895957475134,shape:""ovr"",degree:3,gamma:17016576528634988,kernel:""rbf"",iter:-1,probability:false,state:1,shrinking:false,tol:00582852123391565,verbose:false,axis:0,features:[],copy:true,empty:0,values:""NaN"",strategy:""mean"",nominal:""most_frequent"",verbose:0,memory:null"
"8993015","sklearn.pipeline.Pipeline(imputation=hyperimp.utils.preprocessing.ConditionalImputer,hotencoding=sklearn.preprocessing.data.OneHotEncoder,scaling=sklearn.preprocessing.data.StandardScaler,variencethreshold=sklearn.feature_selection.variance_threshold.VarianceThreshold,clf=sklearn.svm.classes.SVC)(1)","0.5798","features:[],dtype:float64""},unknown:""ignore"",values:""auto"",sparse:true,threshold:0.0,copy:true,mean:false,std:true,C:53481758339404,size:200,weight:null,coef0:6884976458070907,shape:""ovr"",degree:3,gamma:1641353195525217,kernel:""rbf"",iter:-1,probability:false,state:1,shrinking:true,tol:005675322995188234,verbose:false,axis:0,features:[],copy:true,empty:0,values:""NaN"",strategy:""mean"",nominal:""most_frequent"",verbose:0,memory:null"
"9158285","sklearn.pipeline.Pipeline(imputation=hyperimp.utils.preprocessing.ConditionalImputer2,hotencoding=sklearn.preprocessing.data.OneHotEncoder,scaling=sklearn.preprocessing.data.StandardScaler,variencethreshold=sklearn.feature_selection.variance_threshold.VarianceThreshold,clf=sklearn.svm.classes.SVC)(1)","0.5797","features:[],dtype:float64""},unknown:""ignore"",values:""auto"",sparse:true,threshold:0.0,copy:true,mean:false,std:true,C:34937474005582,size:200,weight:null,coef0:7243685224662908,shape:""ovr"",degree:3,gamma:5168100237690842,kernel:""rbf"",iter:-1,probability:false,state:76058,shrinking:true,tol:07061898755239453,verbose:false,axis:0,features:[],copy:true,empty:0,values:""NaN"",strategy:""mean"",nominal:""most_frequent"",verbose:0,memory:null"
"9748452","sklearn.pipeline.Pipeline(columntransformer=sklearn.compose._column_transformer.ColumnTransformer(numeric=sklearn.pipeline.Pipeline(imputer=sklearn.preprocessing.imputation.Imputer,standardscaler=sklearn.preprocessing.data.StandardScaler),nominal=sklearn.pipeline.Pipeline(simpleimputer=sklearn.impute.SimpleImputer,onehotencoder=sklearn.preprocessing._encoders.OneHotEncoder)),variancethreshold=sklearn.feature_selection.variance_threshold.VarianceThreshold,svc=sklearn.svm.classes.SVC)(1)","0.5796","axis:0,copy:true,values:""NaN"",strategy:""mean"",verbose:0,copy:true,mean:true,std:true,memory:null,copy:true,value:-1,values:NaN,strategy:""constant"",verbose:0,features:null,categories:null,dtype:float64""},unknown:""ignore"",values:null,sparse:true,C:8168207533051,size:200,weight:null,coef0:0.0,shape:""ovr"",degree:3,gamma:18179337779827326,kernel:""rbf"",iter:-1,probability:false,state:59284,shrinking:false,tol:0031054687783275002,verbose:false,jobs:null,remainder:""passthrough"",threshold:0.3,weights:null,memory:null,threshold:0.0,memory:null"
"8993589","sklearn.pipeline.Pipeline(imputation=hyperimp.utils.preprocessing.ConditionalImputer,hotencoding=sklearn.preprocessing.data.OneHotEncoder,scaling=sklearn.preprocessing.data.StandardScaler,variencethreshold=sklearn.feature_selection.variance_threshold.VarianceThreshold,clf=sklearn.svm.classes.SVC)(1)","0.5796","features:[],dtype:float64""},unknown:""ignore"",values:""auto"",sparse:true,threshold:0.0,copy:true,mean:false,std:true,C:3136661902528,size:200,weight:null,coef0:6921667949601246,shape:""ovr"",degree:3,gamma:17182386198001,kernel:""rbf"",iter:-1,probability:false,state:1,shrinking:false,tol:005870393044493696,verbose:false,axis:0,features:[],copy:true,empty:0,values:""NaN"",strategy:""mean"",nominal:""most_frequent"",verbose:0,memory:null"
"8993297","sklearn.pipeline.Pipeline(imputation=hyperimp.utils.preprocessing.ConditionalImputer,hotencoding=sklearn.preprocessing.data.OneHotEncoder,scaling=sklearn.preprocessing.data.StandardScaler,variencethreshold=sklearn.feature_selection.variance_threshold.VarianceThreshold,clf=sklearn.svm.classes.SVC)(1)","0.5796","features:[],dtype:float64""},unknown:""ignore"",values:""auto"",sparse:true,threshold:0.0,copy:true,mean:false,std:true,C:440209254922,size:200,weight:null,coef0:6940465500718073,shape:""ovr"",degree:3,gamma:17590128184298973,kernel:""rbf"",iter:-1,probability:false,state:1,shrinking:true,tol:005972913155713404,verbose:false,axis:0,features:[],copy:true,empty:0,values:""NaN"",strategy:""mean"",nominal:""most_frequent"",verbose:0,memory:null"
"9153878","sklearn.pipeline.Pipeline(imputation=hyperimp.utils.preprocessing.ConditionalImputer2,hotencoding=sklearn.preprocessing.data.OneHotEncoder,scaling=sklearn.preprocessing.data.StandardScaler,variencethreshold=sklearn.feature_selection.variance_threshold.VarianceThreshold,clf=sklearn.svm.classes.SVC)(1)","0.5795","features:[],dtype:float64""},unknown:""ignore"",values:""auto"",sparse:true,threshold:0.0,copy:true,mean:false,std:true,C:775222482171643,size:200,weight:null,coef0:27333162879808937,shape:""ovr"",degree:3,gamma:11793960896549939,kernel:""rbf"",iter:-1,probability:false,state:27346,shrinking:false,tol:818267375256111e-05,verbose:false,axis:0,features:[],copy:true,empty:0,values:""NaN"",strategy:""mean"",nominal:""most_frequent"",verbose:0,memory:null"
"8993208","sklearn.pipeline.Pipeline(imputation=hyperimp.utils.preprocessing.ConditionalImputer,hotencoding=sklearn.preprocessing.data.OneHotEncoder,scaling=sklearn.preprocessing.data.StandardScaler,variencethreshold=sklearn.feature_selection.variance_threshold.VarianceThreshold,clf=sklearn.svm.classes.SVC)(1)","0.5795","features:[],dtype:float64""},unknown:""ignore"",values:""auto"",sparse:true,threshold:0.0,copy:true,mean:false,std:true,C:24054577516404,size:200,weight:null,coef0:695230308058074,shape:""ovr"",degree:3,gamma:17851850623780366,kernel:""rbf"",iter:-1,probability:false,state:1,shrinking:false,tol:0060383910145566985,verbose:false,axis:0,features:[],copy:true,empty:0,values:""NaN"",strategy:""mean"",nominal:""most_frequent"",verbose:0,memory:null"
"8993430","sklearn.pipeline.Pipeline(imputation=hyperimp.utils.preprocessing.ConditionalImputer,hotencoding=sklearn.preprocessing.data.OneHotEncoder,scaling=sklearn.preprocessing.data.StandardScaler,variencethreshold=sklearn.feature_selection.variance_threshold.VarianceThreshold,clf=sklearn.svm.classes.SVC)(1)","0.5795","features:[],dtype:float64""},unknown:""ignore"",values:""auto"",sparse:true,threshold:0.0,copy:true,mean:false,std:true,C:3063007832867,size:200,weight:null,coef0:703211041183151,shape:""ovr"",degree:3,gamma:19720919723585173,kernel:""rbf"",iter:-1,probability:false,state:1,shrinking:false,tol:0064989645007930376,verbose:false,axis:0,features:[],copy:true,empty:0,values:""NaN"",strategy:""mean"",nominal:""most_frequent"",verbose:0,memory:null"
"8838596","sklearn.pipeline.Pipeline(imputation=openmlstudy14.preprocessing.ConditionalImputer,hotencoding=sklearn.preprocessing.data.OneHotEncoder,scaling=sklearn.preprocessing.data.StandardScaler,variencethreshold=sklearn.feature_selection.variance_threshold.VarianceThreshold,classifier=sklearn.svm.classes.SVC)(1)","0.5794","axis:0,features:[],copy:true,empty:0,values:""NaN"",strategy:""mean"",nominal:""most_frequent"",verbose:0,features:[],dtype:float64""},unknown:""ignore"",values:""auto"",sparse:true,threshold:0.0,copy:true,mean:false,std:true,C:721325890998295,size:200,weight:null,coef0:3233226832031757,shape:null,degree:3,gamma:08468421698320909,kernel:""rbf"",iter:-1,probability:true,state:32714,shrinking:false,tol:0401920442303537,verbose:false"
"8994090","sklearn.pipeline.Pipeline(imputation=hyperimp.utils.preprocessing.ConditionalImputer,hotencoding=sklearn.preprocessing.data.OneHotEncoder,scaling=sklearn.preprocessing.data.StandardScaler,variencethreshold=sklearn.feature_selection.variance_threshold.VarianceThreshold,clf=sklearn.svm.classes.SVC)(1)","0.5794","features:[],dtype:float64""},unknown:""ignore"",values:""auto"",sparse:true,threshold:0.0,copy:true,mean:false,std:true,C:3652732076205,size:200,weight:null,coef0:7044215612723137,shape:""ovr"",degree:3,gamma:2002103001324436,kernel:""rbf"",iter:-1,probability:false,state:1,shrinking:true,tol:006571828857580922,verbose:false,axis:0,features:[],copy:true,empty:0,values:""NaN"",strategy:""mean"",nominal:""most_frequent"",verbose:0,memory:null"
"8994467","sklearn.pipeline.Pipeline(imputation=hyperimp.utils.preprocessing.ConditionalImputer,hotencoding=sklearn.preprocessing.data.OneHotEncoder,scaling=sklearn.preprocessing.data.StandardScaler,variencethreshold=sklearn.feature_selection.variance_threshold.VarianceThreshold,clf=sklearn.svm.classes.SVC)(1)","0.5793","features:[],dtype:float64""},unknown:""ignore"",values:""auto"",sparse:true,threshold:0.0,copy:true,mean:false,std:true,C:38804428717174,size:200,weight:null,coef0:6964463525855864,shape:""ovr"",degree:3,gamma:18124766905940393,kernel:""rbf"",iter:-1,probability:false,state:1,shrinking:true,tol:006106402263303204,verbose:false,axis:0,features:[],copy:true,empty:0,values:""NaN"",strategy:""mean"",nominal:""most_frequent"",verbose:0,memory:null"
"8992450","sklearn.pipeline.Pipeline(imputation=hyperimp.utils.preprocessing.ConditionalImputer,hotencoding=sklearn.preprocessing.data.OneHotEncoder,scaling=sklearn.preprocessing.data.StandardScaler,variencethreshold=sklearn.feature_selection.variance_threshold.VarianceThreshold,clf=sklearn.svm.classes.SVC)(1)","0.5792","features:[],dtype:float64""},unknown:""ignore"",values:""auto"",sparse:true,threshold:0.0,copy:true,mean:false,std:true,C:2169636584725,size:200,weight:null,coef0:7025219509011498,shape:""ovr"",degree:3,gamma:19552095149542983,kernel:""rbf"",iter:-1,probability:false,state:1,shrinking:true,tol:006457847775498183,verbose:false,axis:0,features:[],copy:true,empty:0,values:""NaN"",strategy:""mean"",nominal:""most_frequent"",verbose:0,memory:null"
"8994221","sklearn.pipeline.Pipeline(imputation=hyperimp.utils.preprocessing.ConditionalImputer,hotencoding=sklearn.preprocessing.data.OneHotEncoder,scaling=sklearn.preprocessing.data.StandardScaler,variencethreshold=sklearn.feature_selection.variance_threshold.VarianceThreshold,clf=sklearn.svm.classes.SVC)(1)","0.5792","features:[],dtype:float64""},unknown:""ignore"",values:""auto"",sparse:true,threshold:0.0,copy:true,mean:false,std:true,C:3877871668426,size:200,weight:null,coef0:7018619427328489,shape:""ovr"",degree:3,gamma:19391750798088833,kernel:""rbf"",iter:-1,probability:false,state:1,shrinking:true,tol:006418710242534356,verbose:false,axis:0,features:[],copy:true,empty:0,values:""NaN"",strategy:""mean"",nominal:""most_frequent"",verbose:0,memory:null"
"8994381","sklearn.pipeline.Pipeline(imputation=hyperimp.utils.preprocessing.ConditionalImputer,hotencoding=sklearn.preprocessing.data.OneHotEncoder,scaling=sklearn.preprocessing.data.StandardScaler,variencethreshold=sklearn.feature_selection.variance_threshold.VarianceThreshold,clf=sklearn.svm.classes.SVC)(1)","0.5792","features:[],dtype:float64""},unknown:""ignore"",values:""auto"",sparse:true,threshold:0.0,copy:true,mean:false,std:true,C:8988372862864,size:200,weight:null,coef0:6989925272418037,shape:""ovr"",degree:3,gamma:18709792846369275,kernel:""rbf"",iter:-1,probability:false,state:1,shrinking:true,tol:006251296657164765,verbose:false,axis:0,features:[],copy:true,empty:0,values:""NaN"",strategy:""mean"",nominal:""most_frequent"",verbose:0,memory:null"
"8994493","sklearn.pipeline.Pipeline(imputation=hyperimp.utils.preprocessing.ConditionalImputer,hotencoding=sklearn.preprocessing.data.OneHotEncoder,scaling=sklearn.preprocessing.data.StandardScaler,variencethreshold=sklearn.feature_selection.variance_threshold.VarianceThreshold,clf=sklearn.svm.classes.SVC)(1)","0.5792","features:[],dtype:float64""},unknown:""ignore"",values:""auto"",sparse:true,threshold:0.0,copy:true,mean:false,std:true,C:8697811813373,size:200,weight:null,coef0:6830657078203917,shape:""ovr"",degree:3,gamma:15338004900157812,kernel:""rbf"",iter:-1,probability:false,state:1,shrinking:true,tol:005398372285187795,verbose:false,axis:0,features:[],copy:true,empty:0,values:""NaN"",strategy:""mean"",nominal:""most_frequent"",verbose:0,memory:null"
"9896019","sklearn.pipeline.Pipeline(columntransformer=sklearn.compose._column_transformer.ColumnTransformer(numeric=sklearn.pipeline.Pipeline(imputer=sklearn.preprocessing.imputation.Imputer,standardscaler=sklearn.preprocessing.data.StandardScaler),nominal=sklearn.pipeline.Pipeline(simpleimputer=sklearn.impute.SimpleImputer,onehotencoder=sklearn.preprocessing._encoders.OneHotEncoder)),variancethreshold=sklearn.feature_selection.variance_threshold.VarianceThreshold,gradientboostingclassifier=sklearn.ensemble.gradient_boosting.GradientBoostingClassifier)(1)","0.5791","memory:null,jobs:null,remainder:""passthrough"",threshold:0.3,weights:null,memory:null,axis:0,copy:true,values:""NaN"",strategy:""most_frequent"",verbose:0,copy:true,mean:true,std:true,memory:null,copy:true,value:-1,values:NaN,strategy:""constant"",verbose:0,features:null,categories:null,dtype:float64""},unknown:""ignore"",values:null,sparse:true,threshold:0.0,criterion:""friedman_mse"",init:null,rate:468839505708758,loss:""deviance"",depth:7,features:9553701188450587,nodes:null,decrease:903835464764354,split:null,leaf:6,split:16,leaf:04068527447930265,estimators:245,change:488,presort:""auto"",state:47535,subsample:3887529495322919,tol:5344241107106316e-05,fraction:016241301898708316,verbose:0,start:false"
"9798060","sklearn.pipeline.Pipeline(columntransformer=sklearn.compose._column_transformer.ColumnTransformer(numeric=sklearn.pipeline.Pipeline(imputer=sklearn.preprocessing.imputation.Imputer,standardscaler=sklearn.preprocessing.data.StandardScaler),nominal=sklearn.pipeline.Pipeline(simpleimputer=sklearn.impute.SimpleImputer,onehotencoder=sklearn.preprocessing._encoders.OneHotEncoder)),variancethreshold=sklearn.feature_selection.variance_threshold.VarianceThreshold,svc=sklearn.svm.classes.SVC)(1)","0.5791","axis:0,copy:true,values:""NaN"",strategy:""median"",verbose:0,copy:true,mean:true,std:true,memory:null,copy:true,value:-1,values:NaN,strategy:""constant"",verbose:0,features:null,categories:null,dtype:float64""},unknown:""ignore"",values:null,sparse:true,C:87114371512672,size:200,weight:null,coef0:0.0,shape:""ovr"",degree:3,gamma:2860976600100596,kernel:""rbf"",iter:-1,probability:false,state:35268,shrinking:true,tol:0397142059453964,verbose:false,jobs:null,remainder:""passthrough"",threshold:0.3,weights:null,memory:null,threshold:0.0,memory:null"
"8994180","sklearn.pipeline.Pipeline(imputation=hyperimp.utils.preprocessing.ConditionalImputer,hotencoding=sklearn.preprocessing.data.OneHotEncoder,scaling=sklearn.preprocessing.data.StandardScaler,variencethreshold=sklearn.feature_selection.variance_threshold.VarianceThreshold,clf=sklearn.svm.classes.SVC)(1)","0.5791","features:[],dtype:float64""},unknown:""ignore"",values:""auto"",sparse:true,threshold:0.0,copy:true,mean:false,std:true,C:9548564291154,size:200,weight:null,coef0:70476389765759,shape:""ovr"",degree:3,gamma:2010672694151006,kernel:""rbf"",iter:-1,probability:false,state:1,shrinking:false,tol:006592582763249684,verbose:false,axis:0,features:[],copy:true,empty:0,values:""NaN"",strategy:""mean"",nominal:""most_frequent"",verbose:0,memory:null"
"9196275","sklearn.model_selection._search.RandomizedSearchCV(estimator=sklearn.pipeline.Pipeline(imputation=hyperimp.utils.preprocessing.ConditionalImputer,hotencoding=sklearn.preprocessing.data.OneHotEncoder,scaling=sklearn.preprocessing.data.StandardScaler,variencethreshold=sklearn.feature_selection.variance_threshold.VarianceThreshold,clf=sklearn.svm.classes.SVC))(1)","0.579","features:[],dtype:float64""},unknown:""ignore"",values:""auto"",sparse:true,threshold:0.0,copy:true,mean:false,std:true,C:1.0,size:200,weight:null,coef0:0.0,shape:""ovr"",degree:3,gamma:""auto"",kernel:""rbf"",iter:-1,probability:false,state:62793,shrinking:true,tol:0.001,verbose:false,axis:0,features:[],copy:true,empty:0,values:""NaN"",strategy:""mean"",nominal:""most_frequent"",verbose:0,memory:null,cv:5,score:""raise"",params:null,iid:true,iter:100,jobs:-1,distributions:1}}}},dispatch:""2*n_jobs"",state:196453,refit:true,score:""warn"",scoring:null,verbose:1"
"9154148","sklearn.pipeline.Pipeline(imputation=hyperimp.utils.preprocessing.ConditionalImputer2,hotencoding=sklearn.preprocessing.data.OneHotEncoder,scaling=sklearn.preprocessing.data.StandardScaler,variencethreshold=sklearn.feature_selection.variance_threshold.VarianceThreshold,clf=sklearn.svm.classes.SVC)(1)","0.579","features:[],dtype:float64""},unknown:""ignore"",values:""auto"",sparse:true,threshold:0.0,copy:true,mean:false,std:true,C:648381122202122,size:200,weight:null,coef0:450372809059567,shape:""ovr"",degree:3,gamma:09073930498447753,kernel:""rbf"",iter:-1,probability:false,state:56802,shrinking:true,tol:011305603471329922,verbose:false,axis:0,features:[],copy:true,empty:0,values:""NaN"",strategy:""mean"",nominal:""most_frequent"",verbose:0,memory:null"
"9156170","sklearn.pipeline.Pipeline(imputation=hyperimp.utils.preprocessing.ConditionalImputer2,hotencoding=sklearn.preprocessing.data.OneHotEncoder,scaling=sklearn.preprocessing.data.StandardScaler,variencethreshold=sklearn.feature_selection.variance_threshold.VarianceThreshold,clf=sklearn.svm.classes.SVC)(1)","0.579","features:[],dtype:float64""},unknown:""ignore"",values:""auto"",sparse:true,threshold:0.0,copy:true,mean:false,std:true,C:26163719203728,size:200,weight:null,coef0:31905932592937203,shape:""ovr"",degree:3,gamma:1292407995658351,kernel:""rbf"",iter:-1,probability:false,state:81663,shrinking:false,tol:0006613751250928346,verbose:false,axis:0,features:[],copy:true,empty:0,values:""NaN"",strategy:""mean"",nominal:""most_frequent"",verbose:0,memory:null"
"8993429","sklearn.pipeline.Pipeline(imputation=hyperimp.utils.preprocessing.ConditionalImputer,hotencoding=sklearn.preprocessing.data.OneHotEncoder,scaling=sklearn.preprocessing.data.StandardScaler,variencethreshold=sklearn.feature_selection.variance_threshold.VarianceThreshold,clf=sklearn.svm.classes.SVC)(1)","0.579","features:[],dtype:float64""},unknown:""ignore"",values:""auto"",sparse:true,threshold:0.0,copy:true,mean:false,std:true,C:26069486542286,size:200,weight:null,coef0:689763134851078,shape:""ovr"",degree:3,gamma:1667474295617379,kernel:""rbf"",iter:-1,probability:false,state:1,shrinking:false,tol:005741859209796848,verbose:false,axis:0,features:[],copy:true,empty:0,values:""NaN"",strategy:""mean"",nominal:""most_frequent"",verbose:0,memory:null"
"8993020","sklearn.pipeline.Pipeline(imputation=hyperimp.utils.preprocessing.ConditionalImputer,hotencoding=sklearn.preprocessing.data.OneHotEncoder,scaling=sklearn.preprocessing.data.StandardScaler,variencethreshold=sklearn.feature_selection.variance_threshold.VarianceThreshold,clf=sklearn.svm.classes.SVC)(1)","0.579","features:[],dtype:float64""},unknown:""ignore"",values:""auto"",sparse:true,threshold:0.0,copy:true,mean:false,std:true,C:5329658864374,size:200,weight:null,coef0:7027007680413732,shape:""ovr"",degree:3,gamma:19595765328055684,kernel:""rbf"",iter:-1,probability:false,state:1,shrinking:true,tol:006468492399169085,verbose:false,axis:0,features:[],copy:true,empty:0,values:""NaN"",strategy:""mean"",nominal:""most_frequent"",verbose:0,memory:null"
"8992075","sklearn.pipeline.Pipeline(imputation=hyperimp.utils.preprocessing.ConditionalImputer,hotencoding=sklearn.preprocessing.data.OneHotEncoder,scaling=sklearn.preprocessing.data.StandardScaler,variencethreshold=sklearn.feature_selection.variance_threshold.VarianceThreshold,clf=sklearn.svm.classes.SVC)(1)","0.5789","features:[],dtype:float64""},unknown:""ignore"",values:""auto"",sparse:true,threshold:0.0,copy:true,mean:false,std:true,C:1371667885354,size:200,weight:null,coef0:703992526138017,shape:""ovr"",degree:3,gamma:19914145351305793,kernel:""rbf"",iter:-1,probability:false,state:1,shrinking:true,tol:006545911125505004,verbose:false,axis:0,features:[],copy:true,empty:0,values:""NaN"",strategy:""mean"",nominal:""most_frequent"",verbose:0,memory:null"
"8994744","sklearn.pipeline.Pipeline(imputation=hyperimp.utils.preprocessing.ConditionalImputer,hotencoding=sklearn.preprocessing.data.OneHotEncoder,scaling=sklearn.preprocessing.data.StandardScaler,variencethreshold=sklearn.feature_selection.variance_threshold.VarianceThreshold,clf=sklearn.svm.classes.SVC)(1)","0.5789","features:[],dtype:float64""},unknown:""ignore"",values:""auto"",sparse:true,threshold:0.0,copy:true,mean:false,std:true,C:60743132008315,size:200,weight:null,coef0:6759046110057534,shape:""ovr"",degree:3,gamma:1402704477258988,kernel:""rbf"",iter:-1,probability:false,state:1,shrinking:false,tol:005053804572659186,verbose:false,axis:0,features:[],copy:true,empty:0,values:""NaN"",strategy:""mean"",nominal:""most_frequent"",verbose:0,memory:null"
"9656743","sklearn.pipeline.Pipeline(columntransformer=sklearn.compose._column_transformer.ColumnTransformer(numeric=sklearn.pipeline.Pipeline(imputer=sklearn.preprocessing.imputation.Imputer,standardscaler=sklearn.preprocessing.data.StandardScaler),nominal=sklearn.pipeline.Pipeline(simpleimputer=sklearn.impute.SimpleImputer,onehotencoder=sklearn.preprocessing._encoders.OneHotEncoder)),variancethreshold=sklearn.feature_selection.variance_threshold.VarianceThreshold,svc=sklearn.svm.classes.SVC)(1)","0.5788","axis:0,copy:true,values:""NaN"",strategy:""most_frequent"",verbose:0,copy:true,mean:true,std:true,memory:null,copy:true,value:-1,values:NaN,strategy:""constant"",verbose:0,features:null,categories:null,dtype:float64""},unknown:""ignore"",values:null,sparse:true,C:6450797191399,size:200,weight:null,coef0:0.0,shape:""ovr"",degree:3,gamma:2847447570910531,kernel:""rbf"",iter:-1,probability:false,state:49325,shrinking:false,tol:025078919063746236,verbose:false,jobs:null,remainder:""passthrough"",threshold:0.3,weights:null,memory:null,threshold:0.0,memory:null"
"9195386","sklearn.model_selection._search.RandomizedSearchCV(estimator=sklearn.pipeline.Pipeline(imputation=hyperimp.utils.preprocessing.ConditionalImputer,hotencoding=sklearn.preprocessing.data.OneHotEncoder,scaling=sklearn.preprocessing.data.StandardScaler,variencethreshold=sklearn.feature_selection.variance_threshold.VarianceThreshold,clf=sklearn.svm.classes.SVC))(1)","0.5788","features:[],dtype:float64""},unknown:""ignore"",values:""auto"",sparse:true,threshold:0.0,copy:true,mean:false,std:true,C:1.0,size:200,weight:null,coef0:0.0,shape:""ovr"",degree:3,gamma:""auto"",kernel:""rbf"",iter:-1,probability:false,state:25637,shrinking:true,tol:0.001,verbose:false,axis:0,features:[],copy:true,empty:0,values:""NaN"",strategy:""mean"",nominal:""most_frequent"",verbose:0,memory:null,cv:5,score:""raise"",params:null,iid:true,iter:100,jobs:-1,distributions:1}}}},dispatch:""2*n_jobs"",state:878199,refit:true,score:""warn"",scoring:null,verbose:1"
"9140429","sklearn.pipeline.Pipeline(imputation=hyperimp.utils.preprocessing.ConditionalImputer2,hotencoding=sklearn.preprocessing.data.OneHotEncoder,scaling=sklearn.preprocessing.data.StandardScaler,variencethreshold=sklearn.feature_selection.variance_threshold.VarianceThreshold,clf=sklearn.svm.classes.SVC)(1)","0.5788","features:[],dtype:float64""},unknown:""ignore"",values:""auto"",sparse:true,threshold:0.0,copy:true,mean:false,std:true,C:734014637369283,size:200,weight:null,coef0:010441327346047857,shape:""ovr"",degree:3,gamma:08778983778305961,kernel:""rbf"",iter:-1,probability:false,state:98892,shrinking:false,tol:0411055231061895,verbose:false,axis:0,features:[],copy:true,empty:0,values:""NaN"",strategy:""mean"",nominal:""most_frequent"",verbose:0,memory:null"
"8991937","sklearn.pipeline.Pipeline(imputation=hyperimp.utils.preprocessing.ConditionalImputer,hotencoding=sklearn.preprocessing.data.OneHotEncoder,scaling=sklearn.preprocessing.data.StandardScaler,variencethreshold=sklearn.feature_selection.variance_threshold.VarianceThreshold,clf=sklearn.svm.classes.SVC)(1)","0.5788","features:[],dtype:float64""},unknown:""ignore"",values:""auto"",sparse:true,threshold:0.0,copy:true,mean:false,std:true,C:5130720383368,size:200,weight:null,coef0:6756889596372453,shape:""ovr"",degree:3,gamma:13989354242886679,kernel:""rbf"",iter:-1,probability:false,state:1,shrinking:true,tol:005043776554512296,verbose:false,axis:0,features:[],copy:true,empty:0,values:""NaN"",strategy:""mean"",nominal:""most_frequent"",verbose:0,memory:null"
"8991517","sklearn.pipeline.Pipeline(imputation=hyperimp.utils.preprocessing.ConditionalImputer,hotencoding=sklearn.preprocessing.data.OneHotEncoder,scaling=sklearn.preprocessing.data.StandardScaler,variencethreshold=sklearn.feature_selection.variance_threshold.VarianceThreshold,clf=sklearn.svm.classes.SVC)(1)","0.5788","features:[],dtype:float64""},unknown:""ignore"",values:""auto"",sparse:true,threshold:0.0,copy:true,mean:false,std:true,C:2328194229603,size:200,weight:null,coef0:6514596173965764,shape:""ovr"",degree:3,gamma:10339749313423953,kernel:""rbf"",iter:-1,probability:false,state:1,shrinking:false,tol:004034952900163109,verbose:false,axis:0,features:[],copy:true,empty:0,values:""NaN"",strategy:""mean"",nominal:""most_frequent"",verbose:0,memory:null"
"9734873","sklearn.pipeline.Pipeline(columntransformer=sklearn.compose._column_transformer.ColumnTransformer(numeric=sklearn.pipeline.Pipeline(imputer=sklearn.preprocessing.imputation.Imputer,standardscaler=sklearn.preprocessing.data.StandardScaler),nominal=sklearn.pipeline.Pipeline(simpleimputer=sklearn.impute.SimpleImputer,onehotencoder=sklearn.preprocessing._encoders.OneHotEncoder)),variancethreshold=sklearn.feature_selection.variance_threshold.VarianceThreshold,svc=sklearn.svm.classes.SVC)(1)","0.5786","axis:0,copy:true,values:""NaN"",strategy:""most_frequent"",verbose:0,copy:true,mean:true,std:true,memory:null,copy:true,value:-1,values:NaN,strategy:""constant"",verbose:0,features:null,categories:null,dtype:float64""},unknown:""ignore"",values:null,sparse:true,C:59976034789138,size:200,weight:null,coef0:0.0,shape:""ovr"",degree:3,gamma:06849515285375696,kernel:""rbf"",iter:-1,probability:false,state:4487,shrinking:false,tol:00025867062111836634,verbose:false,jobs:null,remainder:""passthrough"",threshold:0.3,weights:null,memory:null,threshold:0.0,memory:null"
"9644648","sklearn.pipeline.Pipeline(columntransformer=sklearn.compose._column_transformer.ColumnTransformer(numeric=sklearn.pipeline.Pipeline(imputer=sklearn.preprocessing.imputation.Imputer,standardscaler=sklearn.preprocessing.data.StandardScaler),nominal=sklearn.pipeline.Pipeline(simpleimputer=sklearn.impute.SimpleImputer,onehotencoder=sklearn.preprocessing._encoders.OneHotEncoder)),variancethreshold=sklearn.feature_selection.variance_threshold.VarianceThreshold,svc=sklearn.svm.classes.SVC)(1)","0.5786","axis:0,copy:true,values:""NaN"",strategy:""most_frequent"",verbose:0,copy:true,mean:true,std:true,memory:null,copy:true,value:-1,values:NaN,strategy:""constant"",verbose:0,features:null,categories:null,dtype:float64""},unknown:""ignore"",values:null,sparse:true,C:699701399428288,size:200,weight:null,coef0:0.0,shape:""ovr"",degree:3,gamma:08873787816967761,kernel:""rbf"",iter:-1,probability:false,state:60274,shrinking:true,tol:0048896207156572625,verbose:false,jobs:null,remainder:""passthrough"",threshold:0.3,weights:null,memory:null,threshold:0.0,memory:null"
"9153605","sklearn.pipeline.Pipeline(imputation=hyperimp.utils.preprocessing.ConditionalImputer2,hotencoding=sklearn.preprocessing.data.OneHotEncoder,scaling=sklearn.preprocessing.data.StandardScaler,variencethreshold=sklearn.feature_selection.variance_threshold.VarianceThreshold,clf=sklearn.svm.classes.SVC)(1)","0.5786","features:[],dtype:float64""},unknown:""ignore"",values:""auto"",sparse:true,threshold:0.0,copy:true,mean:false,std:true,C:810847270071166,size:200,weight:null,coef0:8476150979112177,shape:""ovr"",degree:3,gamma:3437077726784663,kernel:""rbf"",iter:-1,probability:false,state:51945,shrinking:true,tol:217901574627412e-05,verbose:false,axis:0,features:[],copy:true,empty:0,values:""NaN"",strategy:""mean"",nominal:""most_frequent"",verbose:0,memory:null"
"8992972","sklearn.pipeline.Pipeline(imputation=hyperimp.utils.preprocessing.ConditionalImputer,hotencoding=sklearn.preprocessing.data.OneHotEncoder,scaling=sklearn.preprocessing.data.StandardScaler,variencethreshold=sklearn.feature_selection.variance_threshold.VarianceThreshold,clf=sklearn.svm.classes.SVC)(1)","0.5786","features:[],dtype:float64""},unknown:""ignore"",values:""auto"",sparse:true,threshold:0.0,copy:true,mean:false,std:true,C:4836054951404,size:200,weight:null,coef0:6999272094002756,shape:""ovr"",degree:3,gamma:18929258046404773,kernel:""rbf"",iter:-1,probability:false,state:1,shrinking:false,tol:006305344759127089,verbose:false,axis:0,features:[],copy:true,empty:0,values:""NaN"",strategy:""mean"",nominal:""most_frequent"",verbose:0,memory:null"
"8994241","sklearn.pipeline.Pipeline(imputation=hyperimp.utils.preprocessing.ConditionalImputer,hotencoding=sklearn.preprocessing.data.OneHotEncoder,scaling=sklearn.preprocessing.data.StandardScaler,variencethreshold=sklearn.feature_selection.variance_threshold.VarianceThreshold,clf=sklearn.svm.classes.SVC)(1)","0.5786","features:[],dtype:float64""},unknown:""ignore"",values:""auto"",sparse:true,threshold:0.0,copy:true,mean:false,std:true,C:30825008407857,size:200,weight:null,coef0:6512038613160932,shape:""ovr"",degree:3,gamma:10306807976939222,kernel:""rbf"",iter:-1,probability:false,state:1,shrinking:true,tol:004025459348775639,verbose:false,axis:0,features:[],copy:true,empty:0,values:""NaN"",strategy:""mean"",nominal:""most_frequent"",verbose:0,memory:null"
"8994657","sklearn.pipeline.Pipeline(imputation=hyperimp.utils.preprocessing.ConditionalImputer,hotencoding=sklearn.preprocessing.data.OneHotEncoder,scaling=sklearn.preprocessing.data.StandardScaler,variencethreshold=sklearn.feature_selection.variance_threshold.VarianceThreshold,clf=sklearn.svm.classes.SVC)(1)","0.5786","features:[],dtype:float64""},unknown:""ignore"",values:""auto"",sparse:true,threshold:0.0,copy:true,mean:false,std:true,C:1224700061151,size:200,weight:null,coef0:6997349920056217,shape:""ovr"",degree:3,gamma:18883915742912033,kernel:""rbf"",iter:-1,probability:false,state:1,shrinking:true,tol:006294191730266748,verbose:false,axis:0,features:[],copy:true,empty:0,values:""NaN"",strategy:""mean"",nominal:""most_frequent"",verbose:0,memory:null"
"8994395","sklearn.pipeline.Pipeline(imputation=hyperimp.utils.preprocessing.ConditionalImputer,hotencoding=sklearn.preprocessing.data.OneHotEncoder,scaling=sklearn.preprocessing.data.StandardScaler,variencethreshold=sklearn.feature_selection.variance_threshold.VarianceThreshold,clf=sklearn.svm.classes.SVC)(1)","0.5786","features:[],dtype:float64""},unknown:""ignore"",values:""auto"",sparse:true,threshold:0.0,copy:true,mean:false,std:true,C:8285863077039,size:200,weight:null,coef0:6749581291259396,shape:""ovr"",degree:3,gamma:13862374690585164,kernel:""rbf"",iter:-1,probability:false,state:1,shrinking:true,tol:00500993990539684,verbose:false,axis:0,features:[],copy:true,empty:0,values:""NaN"",strategy:""mean"",nominal:""most_frequent"",verbose:0,memory:null"
"9795869","sklearn.pipeline.Pipeline(columntransformer=sklearn.compose._column_transformer.ColumnTransformer(numeric=sklearn.pipeline.Pipeline(imputer=sklearn.preprocessing.imputation.Imputer,standardscaler=sklearn.preprocessing.data.StandardScaler),nominal=sklearn.pipeline.Pipeline(simpleimputer=sklearn.impute.SimpleImputer,onehotencoder=sklearn.preprocessing._encoders.OneHotEncoder)),variancethreshold=sklearn.feature_selection.variance_threshold.VarianceThreshold,svc=sklearn.svm.classes.SVC)(1)","0.5785","axis:0,copy:true,values:""NaN"",strategy:""median"",verbose:0,copy:true,mean:true,std:true,memory:null,copy:true,value:-1,values:NaN,strategy:""constant"",verbose:0,features:null,categories:null,dtype:float64""},unknown:""ignore"",values:null,sparse:true,C:7994809093303,size:200,weight:null,coef0:0.0,shape:""ovr"",degree:3,gamma:09998038508496107,kernel:""rbf"",iter:-1,probability:false,state:41953,shrinking:false,tol:09421540534239475,verbose:false,jobs:null,remainder:""passthrough"",threshold:0.3,weights:null,memory:null,threshold:0.0,memory:null"
"9743660","sklearn.pipeline.Pipeline(columntransformer=sklearn.compose._column_transformer.ColumnTransformer(numeric=sklearn.pipeline.Pipeline(imputer=sklearn.preprocessing.imputation.Imputer,standardscaler=sklearn.preprocessing.data.StandardScaler),nominal=sklearn.pipeline.Pipeline(simpleimputer=sklearn.impute.SimpleImputer,onehotencoder=sklearn.preprocessing._encoders.OneHotEncoder)),variancethreshold=sklearn.feature_selection.variance_threshold.VarianceThreshold,svc=sklearn.svm.classes.SVC)(1)","0.5785","axis:0,copy:true,values:""NaN"",strategy:""most_frequent"",verbose:0,copy:true,mean:true,std:true,memory:null,copy:true,value:-1,values:NaN,strategy:""constant"",verbose:0,features:null,categories:null,dtype:float64""},unknown:""ignore"",values:null,sparse:true,C:34501891017721,size:200,weight:null,coef0:0.0,shape:""ovr"",degree:3,gamma:08173060401040373,kernel:""rbf"",iter:-1,probability:false,state:19809,shrinking:false,tol:0578362456833632,verbose:false,jobs:null,remainder:""passthrough"",threshold:0.3,weights:null,memory:null,threshold:0.0,memory:null"
"9191838","sklearn.model_selection._search.RandomizedSearchCV(estimator=sklearn.pipeline.Pipeline(imputation=hyperimp.utils.preprocessing.ConditionalImputer,hotencoding=sklearn.preprocessing.data.OneHotEncoder,scaling=sklearn.preprocessing.data.StandardScaler,variencethreshold=sklearn.feature_selection.variance_threshold.VarianceThreshold,clf=sklearn.svm.classes.SVC))(1)","0.5785","features:[],dtype:float64""},unknown:""ignore"",values:""auto"",sparse:true,threshold:0.0,copy:true,mean:false,std:true,C:1.0,size:200,weight:null,coef0:0.0,shape:""ovr"",degree:3,gamma:""auto"",kernel:""rbf"",iter:-1,probability:false,state:18473,shrinking:true,tol:0.001,verbose:false,axis:0,features:[],copy:true,empty:0,values:""NaN"",strategy:""mean"",nominal:""most_frequent"",verbose:0,memory:null,cv:5,score:""raise"",params:null,iid:true,iter:100,jobs:-1,distributions:1}}}},dispatch:""2*n_jobs"",state:742310,refit:true,score:""warn"",scoring:null,verbose:1"
"8992293","sklearn.pipeline.Pipeline(imputation=hyperimp.utils.preprocessing.ConditionalImputer,hotencoding=sklearn.preprocessing.data.OneHotEncoder,scaling=sklearn.preprocessing.data.StandardScaler,variencethreshold=sklearn.feature_selection.variance_threshold.VarianceThreshold,clf=sklearn.svm.classes.SVC)(1)","0.5784","features:[],dtype:float64""},unknown:""ignore"",values:""auto"",sparse:true,threshold:0.0,copy:true,mean:false,std:true,C:7101398301243,size:200,weight:null,coef0:6790054157604889,shape:""ovr"",degree:3,gamma:1458035229140793,kernel:""rbf"",iter:-1,probability:false,state:1,shrinking:true,tol:005200219350994219,verbose:false,axis:0,features:[],copy:true,empty:0,values:""NaN"",strategy:""mean"",nominal:""most_frequent"",verbose:0,memory:null"
"8993231","sklearn.pipeline.Pipeline(imputation=hyperimp.utils.preprocessing.ConditionalImputer,hotencoding=sklearn.preprocessing.data.OneHotEncoder,scaling=sklearn.preprocessing.data.StandardScaler,variencethreshold=sklearn.feature_selection.variance_threshold.VarianceThreshold,clf=sklearn.svm.classes.SVC)(1)","0.5784","features:[],dtype:float64""},unknown:""ignore"",values:""auto"",sparse:true,threshold:0.0,copy:true,mean:false,std:true,C:5967638959413,size:200,weight:null,coef0:699518923611949,shape:""ovr"",degree:3,gamma:18833076859049944,kernel:""rbf"",iter:-1,probability:false,state:1,shrinking:true,tol:006281678344706531,verbose:false,axis:0,features:[],copy:true,empty:0,values:""NaN"",strategy:""mean"",nominal:""most_frequent"",verbose:0,memory:null"
"9819729","sklearn.pipeline.Pipeline(columntransformer=sklearn.compose._column_transformer.ColumnTransformer(numeric=sklearn.pipeline.Pipeline(imputer=sklearn.preprocessing.imputation.Imputer,standardscaler=sklearn.preprocessing.data.StandardScaler),nominal=sklearn.pipeline.Pipeline(simpleimputer=sklearn.impute.SimpleImputer,onehotencoder=sklearn.preprocessing._encoders.OneHotEncoder)),variancethreshold=sklearn.feature_selection.variance_threshold.VarianceThreshold,svc=sklearn.svm.classes.SVC)(1)","0.5783","axis:0,copy:true,values:""NaN"",strategy:""most_frequent"",verbose:0,copy:true,mean:true,std:true,memory:null,copy:true,value:-1,values:NaN,strategy:""constant"",verbose:0,features:null,categories:null,dtype:float64""},unknown:""ignore"",values:null,sparse:true,C:164800495274882,size:200,weight:null,coef0:0.0,shape:""ovr"",degree:3,gamma:08416342876872146,kernel:""rbf"",iter:-1,probability:false,state:52146,shrinking:true,tol:0004418760625845033,verbose:false,jobs:null,remainder:""passthrough"",threshold:0.3,weights:null,memory:null,threshold:0.0,memory:null"
"9192692","sklearn.model_selection._search.RandomizedSearchCV(estimator=sklearn.pipeline.Pipeline(imputation=hyperimp.utils.preprocessing.ConditionalImputer,hotencoding=sklearn.preprocessing.data.OneHotEncoder,scaling=sklearn.preprocessing.data.StandardScaler,variencethreshold=sklearn.feature_selection.variance_threshold.VarianceThreshold,clf=sklearn.svm.classes.SVC))(1)","0.5783","features:[],dtype:float64""},unknown:""ignore"",values:""auto"",sparse:true,threshold:0.0,copy:true,mean:false,std:true,C:1.0,size:200,weight:null,coef0:0.0,shape:""ovr"",degree:3,gamma:""auto"",kernel:""rbf"",iter:-1,probability:false,state:35258,shrinking:true,tol:0.001,verbose:false,axis:0,features:[],copy:true,empty:0,values:""NaN"",strategy:""mean"",nominal:""most_frequent"",verbose:0,memory:null,cv:5,score:""raise"",params:null,iid:true,iter:100,jobs:-1,distributions:1}}}},dispatch:""2*n_jobs"",state:334195,refit:true,score:""warn"",scoring:null,verbose:1"
"8993700","sklearn.pipeline.Pipeline(imputation=hyperimp.utils.preprocessing.ConditionalImputer,hotencoding=sklearn.preprocessing.data.OneHotEncoder,scaling=sklearn.preprocessing.data.StandardScaler,variencethreshold=sklearn.feature_selection.variance_threshold.VarianceThreshold,clf=sklearn.svm.classes.SVC)(1)","0.5783","features:[],dtype:float64""},unknown:""ignore"",values:""auto"",sparse:true,threshold:0.0,copy:true,mean:false,std:true,C:7837902631364,size:200,weight:null,coef0:6710577538965083,shape:""ovr"",degree:3,gamma:13203932468453922,kernel:""rbf"",iter:-1,probability:false,state:1,shrinking:false,tol:004833158253326174,verbose:false,axis:0,features:[],copy:true,empty:0,values:""NaN"",strategy:""mean"",nominal:""most_frequent"",verbose:0,memory:null"
"8994459","sklearn.pipeline.Pipeline(imputation=hyperimp.utils.preprocessing.ConditionalImputer,hotencoding=sklearn.preprocessing.data.OneHotEncoder,scaling=sklearn.preprocessing.data.StandardScaler,variencethreshold=sklearn.feature_selection.variance_threshold.VarianceThreshold,clf=sklearn.svm.classes.SVC)(1)","0.5783","features:[],dtype:float64""},unknown:""ignore"",values:""auto"",sparse:true,threshold:0.0,copy:true,mean:false,std:true,C:215802297566,size:200,weight:null,coef0:6978864169001762,shape:""ovr"",degree:3,gamma:18453360921189177,kernel:""rbf"",iter:-1,probability:false,state:1,shrinking:false,tol:006187933924459227,verbose:false,axis:0,features:[],copy:true,empty:0,values:""NaN"",strategy:""mean"",nominal:""most_frequent"",verbose:0,memory:null"
"8993927","sklearn.pipeline.Pipeline(imputation=hyperimp.utils.preprocessing.ConditionalImputer,hotencoding=sklearn.preprocessing.data.OneHotEncoder,scaling=sklearn.preprocessing.data.StandardScaler,variencethreshold=sklearn.feature_selection.variance_threshold.VarianceThreshold,clf=sklearn.svm.classes.SVC)(1)","0.5783","features:[],dtype:float64""},unknown:""ignore"",values:""auto"",sparse:true,threshold:0.0,copy:true,mean:false,std:true,C:2658053847107,size:200,weight:null,coef0:6541781694423221,shape:""ovr"",degree:3,gamma:10696472826915385,kernel:""rbf"",iter:-1,probability:false,state:1,shrinking:true,tol:004137258698887929,verbose:false,axis:0,features:[],copy:true,empty:0,values:""NaN"",strategy:""mean"",nominal:""most_frequent"",verbose:0,memory:null"
"9198897","sklearn.model_selection._search.RandomizedSearchCV(estimator=sklearn.pipeline.Pipeline(imputation=hyperimp.utils.preprocessing.ConditionalImputer,hotencoding=sklearn.preprocessing.data.OneHotEncoder,scaling=sklearn.preprocessing.data.StandardScaler,variencethreshold=sklearn.feature_selection.variance_threshold.VarianceThreshold,clf=sklearn.svm.classes.SVC))(1)","0.5782","features:[],dtype:float64""},unknown:""ignore"",values:""auto"",sparse:true,threshold:0.0,copy:true,mean:false,std:true,C:1.0,size:200,weight:null,coef0:0.0,shape:""ovr"",degree:3,gamma:""auto"",kernel:""rbf"",iter:-1,probability:false,state:21224,shrinking:true,tol:0.001,verbose:false,axis:0,features:[],copy:true,empty:0,values:""NaN"",strategy:""mean"",nominal:""most_frequent"",verbose:0,memory:null,cv:5,score:""raise"",params:null,iid:true,iter:100,jobs:-1,distributions:1}}}},dispatch:""2*n_jobs"",state:786801,refit:true,score:""warn"",scoring:null,verbose:1"
"8993540","sklearn.pipeline.Pipeline(imputation=hyperimp.utils.preprocessing.ConditionalImputer,hotencoding=sklearn.preprocessing.data.OneHotEncoder,scaling=sklearn.preprocessing.data.StandardScaler,variencethreshold=sklearn.feature_selection.variance_threshold.VarianceThreshold,clf=sklearn.svm.classes.SVC)(1)","0.5782","features:[],dtype:float64""},unknown:""ignore"",values:""auto"",sparse:true,threshold:0.0,copy:true,mean:false,std:true,C:5574810159366,size:200,weight:null,coef0:6690895794079383,shape:""ovr"",degree:3,gamma:12883642413094465,kernel:""rbf"",iter:-1,probability:false,state:1,shrinking:false,tol:004746334233098957,verbose:false,axis:0,features:[],copy:true,empty:0,values:""NaN"",strategy:""mean"",nominal:""most_frequent"",verbose:0,memory:null"
"8992387","sklearn.pipeline.Pipeline(imputation=hyperimp.utils.preprocessing.ConditionalImputer,hotencoding=sklearn.preprocessing.data.OneHotEncoder,scaling=sklearn.preprocessing.data.StandardScaler,variencethreshold=sklearn.feature_selection.variance_threshold.VarianceThreshold,clf=sklearn.svm.classes.SVC)(1)","0.5782","features:[],dtype:float64""},unknown:""ignore"",values:""auto"",sparse:true,threshold:0.0,copy:true,mean:false,std:true,C:82761443644273,size:200,weight:null,coef0:6745581049051672,shape:""ovr"",degree:3,gamma:13793360473666175,kernel:""rbf"",iter:-1,probability:false,state:1,shrinking:true,tol:0049915154490626805,verbose:false,axis:0,features:[],copy:true,empty:0,values:""NaN"",strategy:""mean"",nominal:""most_frequent"",verbose:0,memory:null"
"8993427","sklearn.pipeline.Pipeline(imputation=hyperimp.utils.preprocessing.ConditionalImputer,hotencoding=sklearn.preprocessing.data.OneHotEncoder,scaling=sklearn.preprocessing.data.StandardScaler,variencethreshold=sklearn.feature_selection.variance_threshold.VarianceThreshold,clf=sklearn.svm.classes.SVC)(1)","0.5782","features:[],dtype:float64""},unknown:""ignore"",values:""auto"",sparse:true,threshold:0.0,copy:true,mean:false,std:true,C:57499722916276,size:200,weight:null,coef0:6983721211361004,shape:""ovr"",degree:3,gamma:18565527093984693,kernel:""rbf"",iter:-1,probability:false,state:1,shrinking:true,tol:006215677664680281,verbose:false,axis:0,features:[],copy:true,empty:0,values:""NaN"",strategy:""mean"",nominal:""most_frequent"",verbose:0,memory:null"
"8994162","sklearn.pipeline.Pipeline(imputation=hyperimp.utils.preprocessing.ConditionalImputer,hotencoding=sklearn.preprocessing.data.OneHotEncoder,scaling=sklearn.preprocessing.data.StandardScaler,variencethreshold=sklearn.feature_selection.variance_threshold.VarianceThreshold,clf=sklearn.svm.classes.SVC)(1)","0.5782","features:[],dtype:float64""},unknown:""ignore"",values:""auto"",sparse:true,threshold:0.0,copy:true,mean:false,std:true,C:766039236299,size:200,weight:null,coef0:6540451495182366,shape:""ovr"",degree:3,gamma:10678735224461844,kernel:""rbf"",iter:-1,probability:false,state:1,shrinking:false,tol:004132193003853933,verbose:false,axis:0,features:[],copy:true,empty:0,values:""NaN"",strategy:""mean"",nominal:""most_frequent"",verbose:0,memory:null"
"8993125","sklearn.pipeline.Pipeline(imputation=hyperimp.utils.preprocessing.ConditionalImputer,hotencoding=sklearn.preprocessing.data.OneHotEncoder,scaling=sklearn.preprocessing.data.StandardScaler,variencethreshold=sklearn.feature_selection.variance_threshold.VarianceThreshold,clf=sklearn.svm.classes.SVC)(1)","0.5782","features:[],dtype:float64""},unknown:""ignore"",values:""auto"",sparse:true,threshold:0.0,copy:true,mean:false,std:true,C:0652120122576,size:200,weight:null,coef0:7092518492567785,shape:""ovr"",degree:3,gamma:21264712967606322,kernel:""rbf"",iter:-1,probability:false,state:1,shrinking:false,tol:006870801424589404,verbose:false,axis:0,features:[],copy:true,empty:0,values:""NaN"",strategy:""mean"",nominal:""most_frequent"",verbose:0,memory:null"
"9729175","sklearn.pipeline.Pipeline(columntransformer=sklearn.compose._column_transformer.ColumnTransformer(numeric=sklearn.pipeline.Pipeline(imputer=sklearn.preprocessing.imputation.Imputer,standardscaler=sklearn.preprocessing.data.StandardScaler),nominal=sklearn.pipeline.Pipeline(simpleimputer=sklearn.impute.SimpleImputer,onehotencoder=sklearn.preprocessing._encoders.OneHotEncoder)),variancethreshold=sklearn.feature_selection.variance_threshold.VarianceThreshold,svc=sklearn.svm.classes.SVC)(1)","0.5781","axis:0,copy:true,values:""NaN"",strategy:""median"",verbose:0,copy:true,mean:true,std:true,memory:null,copy:true,value:-1,values:NaN,strategy:""constant"",verbose:0,features:null,categories:null,dtype:float64""},unknown:""ignore"",values:null,sparse:true,C:7815673160563272,size:200,weight:null,coef0:0.0,shape:""ovr"",degree:3,gamma:08932698485938523,kernel:""rbf"",iter:-1,probability:false,state:44239,shrinking:true,tol:006359091828095547,verbose:false,jobs:null,remainder:""passthrough"",threshold:0.3,weights:null,memory:null,threshold:0.0,memory:null"
"8994196","sklearn.pipeline.Pipeline(imputation=hyperimp.utils.preprocessing.ConditionalImputer,hotencoding=sklearn.preprocessing.data.OneHotEncoder,scaling=sklearn.preprocessing.data.StandardScaler,variencethreshold=sklearn.feature_selection.variance_threshold.VarianceThreshold,clf=sklearn.svm.classes.SVC)(1)","0.5781","features:[],dtype:float64""},unknown:""ignore"",values:""auto"",sparse:true,threshold:0.0,copy:true,mean:false,std:true,C:90240417877976,size:200,weight:null,coef0:6538147008783177,shape:""ovr"",degree:3,gamma:10648075536117252,kernel:""rbf"",iter:-1,probability:false,state:1,shrinking:true,tol:004123431682466342,verbose:false,axis:0,features:[],copy:true,empty:0,values:""NaN"",strategy:""mean"",nominal:""most_frequent"",verbose:0,memory:null"
"8993063","sklearn.pipeline.Pipeline(imputation=hyperimp.utils.preprocessing.ConditionalImputer,hotencoding=sklearn.preprocessing.data.OneHotEncoder,scaling=sklearn.preprocessing.data.StandardScaler,variencethreshold=sklearn.feature_selection.variance_threshold.VarianceThreshold,clf=sklearn.svm.classes.SVC)(1)","0.5781","features:[],dtype:float64""},unknown:""ignore"",values:""auto"",sparse:true,threshold:0.0,copy:true,mean:false,std:true,C:39440077592366,size:200,weight:null,coef0:6531412722783655,shape:""ovr"",degree:3,gamma:10558983799677227,kernel:""rbf"",iter:-1,probability:false,state:1,shrinking:false,tol:004097935222870769,verbose:false,axis:0,features:[],copy:true,empty:0,values:""NaN"",strategy:""mean"",nominal:""most_frequent"",verbose:0,memory:null"
"8994358","sklearn.pipeline.Pipeline(imputation=hyperimp.utils.preprocessing.ConditionalImputer,hotencoding=sklearn.preprocessing.data.OneHotEncoder,scaling=sklearn.preprocessing.data.StandardScaler,variencethreshold=sklearn.feature_selection.variance_threshold.VarianceThreshold,clf=sklearn.svm.classes.SVC)(1)","0.5781","features:[],dtype:float64""},unknown:""ignore"",values:""auto"",sparse:true,threshold:0.0,copy:true,mean:false,std:true,C:17561059290875,size:200,weight:null,coef0:6742261646192211,shape:""ovr"",degree:3,gamma:13736353365532408,kernel:""rbf"",iter:-1,probability:false,state:1,shrinking:false,tol:004976278277693577,verbose:false,axis:0,features:[],copy:true,empty:0,values:""NaN"",strategy:""mean"",nominal:""most_frequent"",verbose:0,memory:null"
"9765171","sklearn.pipeline.Pipeline(columntransformer=sklearn.compose._column_transformer.ColumnTransformer(numeric=sklearn.pipeline.Pipeline(imputer=sklearn.preprocessing.imputation.Imputer,standardscaler=sklearn.preprocessing.data.StandardScaler),nominal=sklearn.pipeline.Pipeline(simpleimputer=sklearn.impute.SimpleImputer,onehotencoder=sklearn.preprocessing._encoders.OneHotEncoder)),variancethreshold=sklearn.feature_selection.variance_threshold.VarianceThreshold,svc=sklearn.svm.classes.SVC)(1)","0.578","axis:0,copy:true,values:""NaN"",strategy:""mean"",verbose:0,copy:true,mean:true,std:true,memory:null,copy:true,value:-1,values:NaN,strategy:""constant"",verbose:0,features:null,categories:null,dtype:float64""},unknown:""ignore"",values:null,sparse:true,C:8172459942764,size:200,weight:null,coef0:0.0,shape:""ovr"",degree:3,gamma:16273466047816276,kernel:""rbf"",iter:-1,probability:false,state:39212,shrinking:false,tol:036367472570708013,verbose:false,jobs:null,remainder:""passthrough"",threshold:0.3,weights:null,memory:null,threshold:0.0,memory:null"
"9151140","sklearn.pipeline.Pipeline(imputation=hyperimp.utils.preprocessing.ConditionalImputer2,hotencoding=sklearn.preprocessing.data.OneHotEncoder,scaling=sklearn.preprocessing.data.StandardScaler,variencethreshold=sklearn.feature_selection.variance_threshold.VarianceThreshold,clf=sklearn.svm.classes.SVC)(1)","0.578","features:[],dtype:float64""},unknown:""ignore"",values:""auto"",sparse:true,threshold:0.0,copy:true,mean:false,std:true,C:5951906784117,size:200,weight:null,coef0:15411335673037974,shape:""ovr"",degree:3,gamma:09606024614881523,kernel:""rbf"",iter:-1,probability:false,state:40759,shrinking:false,tol:00046842695846746894,verbose:false,axis:0,features:[],copy:true,empty:0,values:""NaN"",strategy:""mean"",nominal:""most_frequent"",verbose:0,memory:null"
"9154949","sklearn.pipeline.Pipeline(imputation=hyperimp.utils.preprocessing.ConditionalImputer2,hotencoding=sklearn.preprocessing.data.OneHotEncoder,scaling=sklearn.preprocessing.data.StandardScaler,variencethreshold=sklearn.feature_selection.variance_threshold.VarianceThreshold,clf=sklearn.svm.classes.SVC)(1)","0.578","features:[],dtype:float64""},unknown:""ignore"",values:""auto"",sparse:true,threshold:0.0,copy:true,mean:false,std:true,C:594738780011067,size:200,weight:null,coef0:5617963370987168,shape:""ovr"",degree:3,gamma:0725803332777134,kernel:""rbf"",iter:-1,probability:false,state:21231,shrinking:false,tol:0008701979078429287,verbose:false,axis:0,features:[],copy:true,empty:0,values:""NaN"",strategy:""mean"",nominal:""most_frequent"",verbose:0,memory:null"
"8993098","sklearn.pipeline.Pipeline(imputation=hyperimp.utils.preprocessing.ConditionalImputer,hotencoding=sklearn.preprocessing.data.OneHotEncoder,scaling=sklearn.preprocessing.data.StandardScaler,variencethreshold=sklearn.feature_selection.variance_threshold.VarianceThreshold,clf=sklearn.svm.classes.SVC)(1)","0.578","features:[],dtype:float64""},unknown:""ignore"",values:""auto"",sparse:true,threshold:0.0,copy:true,mean:false,std:true,C:8792790503939,size:200,weight:null,coef0:6540753114184857,shape:""ovr"",degree:3,gamma:1068275459646603,kernel:""rbf"",iter:-1,probability:false,state:1,shrinking:true,tol:004133341092184298,verbose:false,axis:0,features:[],copy:true,empty:0,values:""NaN"",strategy:""mean"",nominal:""most_frequent"",verbose:0,memory:null"
"9645208","sklearn.pipeline.Pipeline(columntransformer=sklearn.compose._column_transformer.ColumnTransformer(numeric=sklearn.pipeline.Pipeline(imputer=sklearn.preprocessing.imputation.Imputer,standardscaler=sklearn.preprocessing.data.StandardScaler),nominal=sklearn.pipeline.Pipeline(simpleimputer=sklearn.impute.SimpleImputer,onehotencoder=sklearn.preprocessing._encoders.OneHotEncoder)),variancethreshold=sklearn.feature_selection.variance_threshold.VarianceThreshold,svc=sklearn.svm.classes.SVC)(1)","0.5779","axis:0,copy:true,values:""NaN"",strategy:""median"",verbose:0,copy:true,mean:true,std:true,memory:null,copy:true,value:-1,values:NaN,strategy:""constant"",verbose:0,features:null,categories:null,dtype:float64""},unknown:""ignore"",values:null,sparse:true,C:127799147789061,size:200,weight:null,coef0:0.0,shape:""ovr"",degree:3,gamma:08762783582803925,kernel:""rbf"",iter:-1,probability:false,state:45722,shrinking:false,tol:08336015813021183,verbose:false,jobs:null,remainder:""passthrough"",threshold:0.3,weights:null,memory:null,threshold:0.0,memory:null"
"9778515","sklearn.pipeline.Pipeline(columntransformer=sklearn.compose._column_transformer.ColumnTransformer(numeric=sklearn.pipeline.Pipeline(imputer=sklearn.preprocessing.imputation.Imputer,standardscaler=sklearn.preprocessing.data.StandardScaler),nominal=sklearn.pipeline.Pipeline(simpleimputer=sklearn.impute.SimpleImputer,onehotencoder=sklearn.preprocessing._encoders.OneHotEncoder)),variancethreshold=sklearn.feature_selection.variance_threshold.VarianceThreshold,svc=sklearn.svm.classes.SVC)(1)","0.5779","axis:0,copy:true,values:""NaN"",strategy:""most_frequent"",verbose:0,copy:true,mean:true,std:true,memory:null,copy:true,value:-1,values:NaN,strategy:""constant"",verbose:0,features:null,categories:null,dtype:float64""},unknown:""ignore"",values:null,sparse:true,C:435184847801799,size:200,weight:null,coef0:0.0,shape:""ovr"",degree:3,gamma:3602501338037274,kernel:""rbf"",iter:-1,probability:false,state:24013,shrinking:false,tol:0238400376273794,verbose:false,jobs:null,remainder:""passthrough"",threshold:0.3,weights:null,memory:null,threshold:0.0,memory:null"
"9144443","sklearn.pipeline.Pipeline(imputation=hyperimp.utils.preprocessing.ConditionalImputer2,hotencoding=sklearn.preprocessing.data.OneHotEncoder,scaling=sklearn.preprocessing.data.StandardScaler,variencethreshold=sklearn.feature_selection.variance_threshold.VarianceThreshold,clf=sklearn.svm.classes.SVC)(1)","0.5779","features:[],dtype:float64""},unknown:""ignore"",values:""auto"",sparse:true,threshold:0.0,copy:true,mean:false,std:true,C:9303665961391,size:200,weight:null,coef0:10217938031525542,shape:""ovr"",degree:3,gamma:08977306219750039,kernel:""rbf"",iter:-1,probability:false,state:16227,shrinking:false,tol:166244597526946e-05,verbose:false,axis:0,features:[],copy:true,empty:0,values:""NaN"",strategy:""mean"",nominal:""most_frequent"",verbose:0,memory:null"
"9888946","sklearn.pipeline.Pipeline(columntransformer=sklearn.compose._column_transformer.ColumnTransformer(numeric=sklearn.pipeline.Pipeline(imputer=sklearn.preprocessing.imputation.Imputer,standardscaler=sklearn.preprocessing.data.StandardScaler),nominal=sklearn.pipeline.Pipeline(simpleimputer=sklearn.impute.SimpleImputer,onehotencoder=sklearn.preprocessing._encoders.OneHotEncoder)),variancethreshold=sklearn.feature_selection.variance_threshold.VarianceThreshold,gradientboostingclassifier=sklearn.ensemble.gradient_boosting.GradientBoostingClassifier)(2)","0.5779","axis:0,copy:true,values:""NaN"",strategy:""mean"",verbose:0,copy:true,mean:true,std:true,memory:null,copy:true,value:-1,values:NaN,strategy:""constant"",verbose:0,features:null,categories:null,dtype:float64""},unknown:""ignore"",values:null,sparse:true,criterion:""friedman_mse"",init:null,rate:1669004747530494,loss:""deviance"",depth:4,features:27277459633372936,nodes:null,decrease:12972073958417152,split:null,leaf:20,split:15,leaf:05173377458358852,estimators:247,change:607,presort:""auto"",state:49078,subsample:3699582953906442,tol:00152935559475396,fraction:4386269189353771,verbose:0,start:false,jobs:null,remainder:""passthrough"",threshold:0.3,weights:null,memory:null,threshold:0.0,memory:null"
"8993795","sklearn.pipeline.Pipeline(imputation=hyperimp.utils.preprocessing.ConditionalImputer,hotencoding=sklearn.preprocessing.data.OneHotEncoder,scaling=sklearn.preprocessing.data.StandardScaler,variencethreshold=sklearn.feature_selection.variance_threshold.VarianceThreshold,clf=sklearn.svm.classes.SVC)(1)","0.5779","features:[],dtype:float64""},unknown:""ignore"",values:""auto"",sparse:true,threshold:0.0,copy:true,mean:false,std:true,C:8559642471845,size:200,weight:null,coef0:6782752824939688,shape:""ovr"",degree:3,gamma:1444813401434283,kernel:""rbf"",iter:-1,probability:false,state:1,shrinking:false,tol:005165366361835826,verbose:false,axis:0,features:[],copy:true,empty:0,values:""NaN"",strategy:""mean"",nominal:""most_frequent"",verbose:0,memory:null"
"8994279","sklearn.pipeline.Pipeline(imputation=hyperimp.utils.preprocessing.ConditionalImputer,hotencoding=sklearn.preprocessing.data.OneHotEncoder,scaling=sklearn.preprocessing.data.StandardScaler,variencethreshold=sklearn.feature_selection.variance_threshold.VarianceThreshold,clf=sklearn.svm.classes.SVC)(1)","0.5779","features:[],dtype:float64""},unknown:""ignore"",values:""auto"",sparse:true,threshold:0.0,copy:true,mean:false,std:true,C:0257161930346,size:200,weight:null,coef0:709246954413844,shape:""ovr"",degree:3,gamma:21263414344905218,kernel:""rbf"",iter:-1,probability:false,state:1,shrinking:false,tol:006870491674066537,verbose:false,axis:0,features:[],copy:true,empty:0,values:""NaN"",strategy:""mean"",nominal:""most_frequent"",verbose:0,memory:null"
"8993424","sklearn.pipeline.Pipeline(imputation=hyperimp.utils.preprocessing.ConditionalImputer,hotencoding=sklearn.preprocessing.data.OneHotEncoder,scaling=sklearn.preprocessing.data.StandardScaler,variencethreshold=sklearn.feature_selection.variance_threshold.VarianceThreshold,clf=sklearn.svm.classes.SVC)(1)","0.5779","features:[],dtype:float64""},unknown:""ignore"",values:""auto"",sparse:true,threshold:0.0,copy:true,mean:false,std:true,C:57737133841226,size:200,weight:null,coef0:6728849203352649,shape:""ovr"",degree:3,gamma:13508398650683154,kernel:""rbf"",iter:-1,probability:false,state:1,shrinking:false,tol:004915182880086497,verbose:false,axis:0,features:[],copy:true,empty:0,values:""NaN"",strategy:""mean"",nominal:""most_frequent"",verbose:0,memory:null"
"8993075","sklearn.pipeline.Pipeline(imputation=hyperimp.utils.preprocessing.ConditionalImputer,hotencoding=sklearn.preprocessing.data.OneHotEncoder,scaling=sklearn.preprocessing.data.StandardScaler,variencethreshold=sklearn.feature_selection.variance_threshold.VarianceThreshold,clf=sklearn.svm.classes.SVC)(1)","0.5779","features:[],dtype:float64""},unknown:""ignore"",values:""auto"",sparse:true,threshold:0.0,copy:true,mean:false,std:true,C:3294153142966,size:200,weight:null,coef0:6536613997424202,shape:""ovr"",degree:3,gamma:10627728591906194,kernel:""rbf"",iter:-1,probability:false,state:1,shrinking:false,tol:0041176136881833905,verbose:false,axis:0,features:[],copy:true,empty:0,values:""NaN"",strategy:""mean"",nominal:""most_frequent"",verbose:0,memory:null"
"9161295","sklearn.pipeline.Pipeline(imputation=hyperimp.utils.preprocessing.ConditionalImputer2,hotencoding=sklearn.preprocessing.data.OneHotEncoder,scaling=sklearn.preprocessing.data.StandardScaler,variencethreshold=sklearn.feature_selection.variance_threshold.VarianceThreshold,clf=sklearn.svm.classes.SVC)(1)","0.5778","features:[],dtype:float64""},unknown:""ignore"",values:""auto"",sparse:true,threshold:0.0,copy:true,mean:false,std:true,C:9999836934104187,size:200,weight:null,coef0:1539242617296599,shape:""ovr"",degree:3,gamma:11651193454819773,kernel:""rbf"",iter:-1,probability:false,state:16944,shrinking:false,tol:0014843389305859286,verbose:false,axis:0,features:[],copy:true,empty:0,values:""NaN"",strategy:""mean"",nominal:""most_frequent"",verbose:0,memory:null"
"8994185","sklearn.pipeline.Pipeline(imputation=hyperimp.utils.preprocessing.ConditionalImputer,hotencoding=sklearn.preprocessing.data.OneHotEncoder,scaling=sklearn.preprocessing.data.StandardScaler,variencethreshold=sklearn.feature_selection.variance_threshold.VarianceThreshold,clf=sklearn.svm.classes.SVC)(1)","0.5778","features:[],dtype:float64""},unknown:""ignore"",values:""auto"",sparse:true,threshold:0.0,copy:true,mean:false,std:true,C:0774287203309,size:200,weight:null,coef0:7088806227165929,shape:""ovr"",degree:3,gamma:2116644971306258,kernel:""rbf"",iter:-1,probability:false,state:1,shrinking:true,tol:006847349426329307,verbose:false,axis:0,features:[],copy:true,empty:0,values:""NaN"",strategy:""mean"",nominal:""most_frequent"",verbose:0,memory:null"
"8993948","sklearn.pipeline.Pipeline(imputation=hyperimp.utils.preprocessing.ConditionalImputer,hotencoding=sklearn.preprocessing.data.OneHotEncoder,scaling=sklearn.preprocessing.data.StandardScaler,variencethreshold=sklearn.feature_selection.variance_threshold.VarianceThreshold,clf=sklearn.svm.classes.SVC)(1)","0.5778","features:[],dtype:float64""},unknown:""ignore"",values:""auto"",sparse:true,threshold:0.0,copy:true,mean:false,std:true,C:1302409576298,size:200,weight:null,coef0:7137049559073277,shape:""ovr"",degree:3,gamma:22479614594095385,kernel:""rbf"",iter:-1,probability:false,state:1,shrinking:false,tol:007158463643977885,verbose:false,axis:0,features:[],copy:true,empty:0,values:""NaN"",strategy:""mean"",nominal:""most_frequent"",verbose:0,memory:null"
"9832434","sklearn.pipeline.Pipeline(columntransformer=sklearn.compose._column_transformer.ColumnTransformer(numeric=sklearn.pipeline.Pipeline(imputer=sklearn.preprocessing.imputation.Imputer,standardscaler=sklearn.preprocessing.data.StandardScaler),nominal=sklearn.pipeline.Pipeline(simpleimputer=sklearn.impute.SimpleImputer,onehotencoder=sklearn.preprocessing._encoders.OneHotEncoder)),variancethreshold=sklearn.feature_selection.variance_threshold.VarianceThreshold,svc=sklearn.svm.classes.SVC)(1)","0.5777","axis:0,copy:true,values:""NaN"",strategy:""most_frequent"",verbose:0,copy:true,mean:true,std:true,memory:null,copy:true,value:-1,values:NaN,strategy:""constant"",verbose:0,features:null,categories:null,dtype:float64""},unknown:""ignore"",values:null,sparse:true,C:6006322942775526,size:200,weight:null,coef0:0.0,shape:""ovr"",degree:3,gamma:13726279111142345,kernel:""rbf"",iter:-1,probability:false,state:3621,shrinking:false,tol:578123033354155e-05,verbose:false,jobs:null,remainder:""passthrough"",threshold:0.3,weights:null,memory:null,threshold:0.0,memory:null"
"9849720","sklearn.pipeline.Pipeline(columntransformer=sklearn.compose._column_transformer.ColumnTransformer(numeric=sklearn.pipeline.Pipeline(imputer=sklearn.preprocessing.imputation.Imputer,standardscaler=sklearn.preprocessing.data.StandardScaler),nominal=sklearn.pipeline.Pipeline(simpleimputer=sklearn.impute.SimpleImputer,onehotencoder=sklearn.preprocessing._encoders.OneHotEncoder)),variancethreshold=sklearn.feature_selection.variance_threshold.VarianceThreshold,svc=sklearn.svm.classes.SVC)(1)","0.5777","axis:0,copy:true,values:""NaN"",strategy:""median"",verbose:0,copy:true,mean:true,std:true,memory:null,copy:true,value:-1,values:NaN,strategy:""constant"",verbose:0,features:null,categories:null,dtype:float64""},unknown:""ignore"",values:null,sparse:true,C:85000857115215,size:200,weight:null,coef0:0.0,shape:""ovr"",degree:3,gamma:09371072322494893,kernel:""rbf"",iter:-1,probability:false,state:56395,shrinking:false,tol:5466337928991383e-05,verbose:false,jobs:null,remainder:""passthrough"",threshold:0.3,weights:null,memory:null,threshold:0.0,memory:null"
"9146580","sklearn.pipeline.Pipeline(imputation=hyperimp.utils.preprocessing.ConditionalImputer2,hotencoding=sklearn.preprocessing.data.OneHotEncoder,scaling=sklearn.preprocessing.data.StandardScaler,variencethreshold=sklearn.feature_selection.variance_threshold.VarianceThreshold,clf=sklearn.svm.classes.SVC)(1)","0.5777","features:[],dtype:float64""},unknown:""ignore"",values:""auto"",sparse:true,threshold:0.0,copy:true,mean:false,std:true,C:1582096261914,size:200,weight:null,coef0:5764001916282768,shape:""ovr"",degree:3,gamma:12668082223777352,kernel:""rbf"",iter:-1,probability:false,state:18302,shrinking:false,tol:00032394594373492134,verbose:false,axis:0,features:[],copy:true,empty:0,values:""NaN"",strategy:""mean"",nominal:""most_frequent"",verbose:0,memory:null"
"8994188","sklearn.pipeline.Pipeline(imputation=hyperimp.utils.preprocessing.ConditionalImputer,hotencoding=sklearn.preprocessing.data.OneHotEncoder,scaling=sklearn.preprocessing.data.StandardScaler,variencethreshold=sklearn.feature_selection.variance_threshold.VarianceThreshold,clf=sklearn.svm.classes.SVC)(1)","0.5777","features:[],dtype:float64""},unknown:""ignore"",values:""auto"",sparse:true,threshold:0.0,copy:true,mean:false,std:true,C:7760637300116,size:200,weight:null,coef0:7104453766542606,shape:""ovr"",degree:3,gamma:21583740000248622,kernel:""rbf"",iter:-1,probability:false,state:1,shrinking:false,tol:006946747390718791,verbose:false,axis:0,features:[],copy:true,empty:0,values:""NaN"",strategy:""mean"",nominal:""most_frequent"",verbose:0,memory:null"
"9649645","sklearn.pipeline.Pipeline(columntransformer=sklearn.compose._column_transformer.ColumnTransformer(numeric=sklearn.pipeline.Pipeline(imputer=sklearn.preprocessing.imputation.Imputer,standardscaler=sklearn.preprocessing.data.StandardScaler),nominal=sklearn.pipeline.Pipeline(simpleimputer=sklearn.impute.SimpleImputer,onehotencoder=sklearn.preprocessing._encoders.OneHotEncoder)),variancethreshold=sklearn.feature_selection.variance_threshold.VarianceThreshold,svc=sklearn.svm.classes.SVC)(1)","0.5776","axis:0,copy:true,values:""NaN"",strategy:""most_frequent"",verbose:0,copy:true,mean:true,std:true,memory:null,copy:true,value:-1,values:NaN,strategy:""constant"",verbose:0,features:null,categories:null,dtype:float64""},unknown:""ignore"",values:null,sparse:true,C:5486996425594,size:200,weight:null,coef0:0.0,shape:""ovr"",degree:3,gamma:13340042583091408,kernel:""rbf"",iter:-1,probability:false,state:60501,shrinking:true,tol:0005332946010531346,verbose:false,jobs:null,remainder:""passthrough"",threshold:0.3,weights:null,memory:null,threshold:0.0,memory:null"
"9196990","sklearn.model_selection._search.RandomizedSearchCV(estimator=sklearn.pipeline.Pipeline(imputation=hyperimp.utils.preprocessing.ConditionalImputer,hotencoding=sklearn.preprocessing.data.OneHotEncoder,scaling=sklearn.preprocessing.data.StandardScaler,variencethreshold=sklearn.feature_selection.variance_threshold.VarianceThreshold,clf=sklearn.svm.classes.SVC))(1)","0.5776","features:[],dtype:float64""},unknown:""ignore"",values:""auto"",sparse:true,threshold:0.0,copy:true,mean:false,std:true,C:1.0,size:200,weight:null,coef0:0.0,shape:""ovr"",degree:3,gamma:""auto"",kernel:""rbf"",iter:-1,probability:false,state:49229,shrinking:true,tol:0.001,verbose:false,axis:0,features:[],copy:true,empty:0,values:""NaN"",strategy:""mean"",nominal:""most_frequent"",verbose:0,memory:null,cv:5,score:""raise"",params:null,iid:true,iter:100,jobs:-1,distributions:1}}}},dispatch:""2*n_jobs"",state:3645,refit:true,score:""warn"",scoring:null,verbose:1"
"8992128","sklearn.pipeline.Pipeline(imputation=hyperimp.utils.preprocessing.ConditionalImputer,hotencoding=sklearn.preprocessing.data.OneHotEncoder,scaling=sklearn.preprocessing.data.StandardScaler,variencethreshold=sklearn.feature_selection.variance_threshold.VarianceThreshold,clf=sklearn.svm.classes.SVC)(1)","0.5776","features:[],dtype:float64""},unknown:""ignore"",values:""auto"",sparse:true,threshold:0.0,copy:true,mean:false,std:true,C:2742807939476,size:200,weight:null,coef0:7140703404615939,shape:""ovr"",degree:3,gamma:225823280432922,kernel:""rbf"",iter:-1,probability:false,state:1,shrinking:true,tol:007182594718584898,verbose:false,axis:0,features:[],copy:true,empty:0,values:""NaN"",strategy:""mean"",nominal:""most_frequent"",verbose:0,memory:null"
"9627246","sklearn.pipeline.Pipeline(columntransformer=sklearn.compose._column_transformer.ColumnTransformer(numeric=sklearn.pipeline.Pipeline(imputer=sklearn.preprocessing.imputation.Imputer,standardscaler=sklearn.preprocessing.data.StandardScaler),nominal=sklearn.pipeline.Pipeline(simpleimputer=sklearn.impute.SimpleImputer,onehotencoder=sklearn.preprocessing._encoders.OneHotEncoder)),variancethreshold=sklearn.feature_selection.variance_threshold.VarianceThreshold,svc=sklearn.svm.classes.SVC)(1)","0.5775","axis:0,copy:true,values:""NaN"",strategy:""mean"",verbose:0,copy:true,mean:true,std:true,memory:null,copy:true,value:-1,values:NaN,strategy:""constant"",verbose:0,features:null,categories:null,dtype:float64""},unknown:""ignore"",values:null,sparse:true,C:1003275875844,size:200,weight:null,coef0:0.0,shape:""ovr"",degree:3,gamma:2821501851464442,kernel:""rbf"",iter:-1,probability:false,state:31595,shrinking:true,tol:0007287818904685863,verbose:false,jobs:null,remainder:""passthrough"",threshold:0.3,weights:null,memory:null,threshold:0.0,memory:null"
"8993958","sklearn.pipeline.Pipeline(imputation=hyperimp.utils.preprocessing.ConditionalImputer,hotencoding=sklearn.preprocessing.data.OneHotEncoder,scaling=sklearn.preprocessing.data.StandardScaler,variencethreshold=sklearn.feature_selection.variance_threshold.VarianceThreshold,clf=sklearn.svm.classes.SVC)(1)","0.5775","features:[],dtype:float64""},unknown:""ignore"",values:""auto"",sparse:true,threshold:0.0,copy:true,mean:false,std:true,C:0666853752843,size:200,weight:null,coef0:6500187879164011,shape:""ovr"",degree:3,gamma:10155535236944205,kernel:""rbf"",iter:-1,probability:false,state:1,shrinking:false,tol:003981760662151741,verbose:false,axis:0,features:[],copy:true,empty:0,values:""NaN"",strategy:""mean"",nominal:""most_frequent"",verbose:0,memory:null"
"9865316","sklearn.pipeline.Pipeline(columntransformer=sklearn.compose._column_transformer.ColumnTransformer(numeric=sklearn.pipeline.Pipeline(imputer=sklearn.preprocessing.imputation.Imputer,standardscaler=sklearn.preprocessing.data.StandardScaler),nominal=sklearn.pipeline.Pipeline(simpleimputer=sklearn.impute.SimpleImputer,onehotencoder=sklearn.preprocessing._encoders.OneHotEncoder)),variancethreshold=sklearn.feature_selection.variance_threshold.VarianceThreshold,gradientboostingclassifier=sklearn.ensemble.gradient_boosting.GradientBoostingClassifier)(1)","0.5774","memory:null,jobs:null,remainder:""passthrough"",threshold:0.3,weights:null,memory:null,axis:0,copy:true,values:""NaN"",strategy:""mean"",verbose:0,copy:true,mean:true,std:true,memory:null,copy:true,value:-1,values:NaN,strategy:""constant"",verbose:0,features:null,categories:null,dtype:float64""},unknown:""ignore"",values:null,sparse:true,threshold:0.0,criterion:""friedman_mse"",init:null,rate:08829800081275502,loss:""deviance"",depth:5,features:2796931164271872,nodes:null,decrease:21391548182516074,split:null,leaf:20,split:10,leaf:13020221619900374,estimators:267,change:497,presort:""auto"",state:55916,subsample:7475466925371123,tol:639306400687804e-05,fraction:157074523099348,verbose:0,start:false"
"9194980","sklearn.model_selection._search.RandomizedSearchCV(estimator=sklearn.pipeline.Pipeline(imputation=hyperimp.utils.preprocessing.ConditionalImputer,hotencoding=sklearn.preprocessing.data.OneHotEncoder,scaling=sklearn.preprocessing.data.StandardScaler,variencethreshold=sklearn.feature_selection.variance_threshold.VarianceThreshold,clf=sklearn.svm.classes.SVC))(1)","0.5774","features:[],dtype:float64""},unknown:""ignore"",values:""auto"",sparse:true,threshold:0.0,copy:true,mean:false,std:true,C:1.0,size:200,weight:null,coef0:0.0,shape:""ovr"",degree:3,gamma:""auto"",kernel:""rbf"",iter:-1,probability:false,state:409,shrinking:true,tol:0.001,verbose:false,axis:0,features:[],copy:true,empty:0,values:""NaN"",strategy:""mean"",nominal:""most_frequent"",verbose:0,memory:null,cv:5,score:""raise"",params:null,iid:true,iter:100,jobs:-1,distributions:1}}}},dispatch:""2*n_jobs"",state:333412,refit:true,score:""warn"",scoring:null,verbose:1"
"9145040","sklearn.pipeline.Pipeline(imputation=hyperimp.utils.preprocessing.ConditionalImputer2,hotencoding=sklearn.preprocessing.data.OneHotEncoder,scaling=sklearn.preprocessing.data.StandardScaler,variencethreshold=sklearn.feature_selection.variance_threshold.VarianceThreshold,clf=sklearn.svm.classes.SVC)(1)","0.5774","features:[],dtype:float64""},unknown:""ignore"",values:""auto"",sparse:true,threshold:0.0,copy:true,mean:false,std:true,C:1520256365682444,size:200,weight:null,coef0:23318643872806777,shape:""ovr"",degree:3,gamma:29275587606820325,kernel:""rbf"",iter:-1,probability:false,state:59624,shrinking:true,tol:01339312123970508,verbose:false,axis:0,features:[],copy:true,empty:0,values:""NaN"",strategy:""mean"",nominal:""most_frequent"",verbose:0,memory:null"
"9817376","sklearn.pipeline.Pipeline(columntransformer=sklearn.compose._column_transformer.ColumnTransformer(numeric=sklearn.pipeline.Pipeline(imputer=sklearn.preprocessing.imputation.Imputer,standardscaler=sklearn.preprocessing.data.StandardScaler),nominal=sklearn.pipeline.Pipeline(simpleimputer=sklearn.impute.SimpleImputer,onehotencoder=sklearn.preprocessing._encoders.OneHotEncoder)),variancethreshold=sklearn.feature_selection.variance_threshold.VarianceThreshold,svc=sklearn.svm.classes.SVC)(1)","0.5773","axis:0,copy:true,values:""NaN"",strategy:""median"",verbose:0,copy:true,mean:true,std:true,memory:null,copy:true,value:-1,values:NaN,strategy:""constant"",verbose:0,features:null,categories:null,dtype:float64""},unknown:""ignore"",values:null,sparse:true,C:017519893587826,size:200,weight:null,coef0:0.0,shape:""ovr"",degree:3,gamma:17686086095117928,kernel:""rbf"",iter:-1,probability:false,state:40232,shrinking:true,tol:005216502561340375,verbose:false,jobs:null,remainder:""passthrough"",threshold:0.3,weights:null,memory:null,threshold:0.0,memory:null"
"9142198","sklearn.pipeline.Pipeline(imputation=hyperimp.utils.preprocessing.ConditionalImputer2,hotencoding=sklearn.preprocessing.data.OneHotEncoder,scaling=sklearn.preprocessing.data.StandardScaler,variencethreshold=sklearn.feature_selection.variance_threshold.VarianceThreshold,clf=sklearn.svm.classes.SVC)(1)","0.5773","features:[],dtype:float64""},unknown:""ignore"",values:""auto"",sparse:true,threshold:0.0,copy:true,mean:false,std:true,C:9119389831895,size:200,weight:null,coef0:8778373178682026,shape:""ovr"",degree:3,gamma:11258237820521146,kernel:""rbf"",iter:-1,probability:false,state:64103,shrinking:false,tol:0007323934617577565,verbose:false,axis:0,features:[],copy:true,empty:0,values:""NaN"",strategy:""mean"",nominal:""most_frequent"",verbose:0,memory:null"
"9820099","sklearn.pipeline.Pipeline(columntransformer=sklearn.compose._column_transformer.ColumnTransformer(numeric=sklearn.pipeline.Pipeline(imputer=sklearn.preprocessing.imputation.Imputer,standardscaler=sklearn.preprocessing.data.StandardScaler),nominal=sklearn.pipeline.Pipeline(simpleimputer=sklearn.impute.SimpleImputer,onehotencoder=sklearn.preprocessing._encoders.OneHotEncoder)),variancethreshold=sklearn.feature_selection.variance_threshold.VarianceThreshold,svc=sklearn.svm.classes.SVC)(1)","0.5772","axis:0,copy:true,values:""NaN"",strategy:""most_frequent"",verbose:0,copy:true,mean:true,std:true,memory:null,copy:true,value:-1,values:NaN,strategy:""constant"",verbose:0,features:null,categories:null,dtype:float64""},unknown:""ignore"",values:null,sparse:true,C:66833647790037,size:200,weight:null,coef0:0.0,shape:""ovr"",degree:3,gamma:09347444684190621,kernel:""rbf"",iter:-1,probability:false,state:60713,shrinking:false,tol:003698855132463225,verbose:false,jobs:null,remainder:""passthrough"",threshold:0.3,weights:null,memory:null,threshold:0.0,memory:null"
"570122","weka.AttributeSelectedClassifier_IBk(1)","0.5771","K:10,W:0,A:true,E:CfsSubsetEval -P 1 -E 1,S:BestFirst -D 1 -N 5,W:IBk"
"9158080","sklearn.pipeline.Pipeline(imputation=hyperimp.utils.preprocessing.ConditionalImputer2,hotencoding=sklearn.preprocessing.data.OneHotEncoder,scaling=sklearn.preprocessing.data.StandardScaler,variencethreshold=sklearn.feature_selection.variance_threshold.VarianceThreshold,clf=sklearn.svm.classes.SVC)(1)","0.5771","features:[],dtype:float64""},unknown:""ignore"",values:""auto"",sparse:true,threshold:0.0,copy:true,mean:false,std:true,C:729314371161194,size:200,weight:null,coef0:9773849753825187,shape:""ovr"",degree:3,gamma:14428767631758882,kernel:""rbf"",iter:-1,probability:false,state:97139,shrinking:false,tol:0022605366224666985,verbose:false,axis:0,features:[],copy:true,empty:0,values:""NaN"",strategy:""mean"",nominal:""most_frequent"",verbose:0,memory:null"
"9196703","sklearn.model_selection._search.RandomizedSearchCV(estimator=sklearn.pipeline.Pipeline(imputation=hyperimp.utils.preprocessing.ConditionalImputer,hotencoding=sklearn.preprocessing.data.OneHotEncoder,scaling=sklearn.preprocessing.data.StandardScaler,variencethreshold=sklearn.feature_selection.variance_threshold.VarianceThreshold,clf=sklearn.svm.classes.SVC))(1)","0.577","features:[],dtype:float64""},unknown:""ignore"",values:""auto"",sparse:true,threshold:0.0,copy:true,mean:false,std:true,C:1.0,size:200,weight:null,coef0:0.0,shape:""ovr"",degree:3,gamma:""auto"",kernel:""rbf"",iter:-1,probability:false,state:56891,shrinking:true,tol:0.001,verbose:false,axis:0,features:[],copy:true,empty:0,values:""NaN"",strategy:""mean"",nominal:""most_frequent"",verbose:0,memory:null,cv:5,score:""raise"",params:null,iid:true,iter:100,jobs:-1,distributions:1}}}},dispatch:""2*n_jobs"",state:979806,refit:true,score:""warn"",scoring:null,verbose:1"
"8993064","sklearn.pipeline.Pipeline(imputation=hyperimp.utils.preprocessing.ConditionalImputer,hotencoding=sklearn.preprocessing.data.OneHotEncoder,scaling=sklearn.preprocessing.data.StandardScaler,variencethreshold=sklearn.feature_selection.variance_threshold.VarianceThreshold,clf=sklearn.svm.classes.SVC)(1)","0.577","features:[],dtype:float64""},unknown:""ignore"",values:""auto"",sparse:true,threshold:0.0,copy:true,mean:false,std:true,C:26506183965998,size:200,weight:null,coef0:6442131246747318,shape:""ovr"",degree:3,gamma:09445927313111656,kernel:""rbf"",iter:-1,probability:false,state:1,shrinking:true,tol:0037744397623405215,verbose:false,axis:0,features:[],copy:true,empty:0,values:""NaN"",strategy:""mean"",nominal:""most_frequent"",verbose:0,memory:null"
"9908173","sklearn.pipeline.Pipeline(columntransformer=sklearn.compose._column_transformer.ColumnTransformer(numeric=sklearn.pipeline.Pipeline(imputer=sklearn.preprocessing.imputation.Imputer,standardscaler=sklearn.preprocessing.data.StandardScaler),nominal=sklearn.pipeline.Pipeline(simpleimputer=sklearn.impute.SimpleImputer,onehotencoder=sklearn.preprocessing._encoders.OneHotEncoder)),variancethreshold=sklearn.feature_selection.variance_threshold.VarianceThreshold,gradientboostingclassifier=sklearn.ensemble.gradient_boosting.GradientBoostingClassifier)(1)","0.5769","memory:null,jobs:null,remainder:""passthrough"",threshold:0.3,weights:null,memory:null,axis:0,copy:true,values:""NaN"",strategy:""most_frequent"",verbose:0,copy:true,mean:true,std:true,memory:null,copy:true,value:-1,values:NaN,strategy:""constant"",verbose:0,features:null,categories:null,dtype:float64""},unknown:""ignore"",values:null,sparse:true,threshold:0.0,criterion:""friedman_mse"",init:null,rate:05693701189639992,loss:""deviance"",depth:10,features:5743946175288981,nodes:null,decrease:3531483530806725,split:null,leaf:2,split:2,leaf:12359271014601331,estimators:362,change:45,presort:""auto"",state:36590,subsample:37916848120941027,tol:004251210493889578,fraction:10618243967305852,verbose:0,start:false"
"9149454","sklearn.pipeline.Pipeline(imputation=hyperimp.utils.preprocessing.ConditionalImputer2,hotencoding=sklearn.preprocessing.data.OneHotEncoder,scaling=sklearn.preprocessing.data.StandardScaler,variencethreshold=sklearn.feature_selection.variance_threshold.VarianceThreshold,clf=sklearn.svm.classes.SVC)(1)","0.5769","features:[],dtype:float64""},unknown:""ignore"",values:""auto"",sparse:true,threshold:0.0,copy:true,mean:false,std:true,C:8261953537906623,size:200,weight:null,coef0:6454470155753512,shape:""ovr"",degree:3,gamma:10417362188816277,kernel:""rbf"",iter:-1,probability:false,state:33668,shrinking:false,tol:659902446151338e-05,verbose:false,axis:0,features:[],copy:true,empty:0,values:""NaN"",strategy:""mean"",nominal:""most_frequent"",verbose:0,memory:null"
"8963461","sklearn.pipeline.Pipeline(imputation=openmlstudy14.preprocessing.ConditionalImputer,hotencoding=sklearn.preprocessing.data.OneHotEncoder,scaling=sklearn.preprocessing.data.StandardScaler,variencethreshold=sklearn.feature_selection.variance_threshold.VarianceThreshold,classifier=sklearn.svm.classes.SVC)(2)","0.5769","axis:0,features:[],copy:true,empty:0,values:""NaN"",strategy:""mean"",nominal:""most_frequent"",verbose:0,features:[],dtype:float64""},unknown:""ignore"",values:""auto"",sparse:true,threshold:0.0,C:04152454608119,size:200,weight:null,coef0:5770504843974962,shape:null,degree:4,gamma:43003800238203893,kernel:""rbf"",iter:-1,probability:true,state:37664,shrinking:false,tol:00016511758728800918,verbose:false,copy:true,mean:false,std:true"
"8993747","sklearn.pipeline.Pipeline(imputation=hyperimp.utils.preprocessing.ConditionalImputer,hotencoding=sklearn.preprocessing.data.OneHotEncoder,scaling=sklearn.preprocessing.data.StandardScaler,variencethreshold=sklearn.feature_selection.variance_threshold.VarianceThreshold,clf=sklearn.svm.classes.SVC)(1)","0.5769","features:[],dtype:float64""},unknown:""ignore"",values:""auto"",sparse:true,threshold:0.0,copy:true,mean:false,std:true,C:34426469558775,size:200,weight:null,coef0:6457474366381898,shape:""ovr"",degree:3,gamma:09628493242946602,kernel:""rbf"",iter:-1,probability:false,state:1,shrinking:true,tol:00382815705147711,verbose:false,axis:0,features:[],copy:true,empty:0,values:""NaN"",strategy:""mean"",nominal:""most_frequent"",verbose:0,memory:null"
"9153459","sklearn.pipeline.Pipeline(imputation=hyperimp.utils.preprocessing.ConditionalImputer2,hotencoding=sklearn.preprocessing.data.OneHotEncoder,scaling=sklearn.preprocessing.data.StandardScaler,variencethreshold=sklearn.feature_selection.variance_threshold.VarianceThreshold,clf=sklearn.svm.classes.SVC)(1)","0.5768","features:[],dtype:float64""},unknown:""ignore"",values:""auto"",sparse:true,threshold:0.0,copy:true,mean:false,std:true,C:0540317363881178,size:200,weight:null,coef0:6751327275423811,shape:""ovr"",degree:3,gamma:3087112444315621,kernel:""rbf"",iter:-1,probability:false,state:63996,shrinking:true,tol:009388648450703543,verbose:false,axis:0,features:[],copy:true,empty:0,values:""NaN"",strategy:""mean"",nominal:""most_frequent"",verbose:0,memory:null"
"9139029","sklearn.pipeline.Pipeline(imputation=hyperimp.utils.preprocessing.ConditionalImputer2,hotencoding=sklearn.preprocessing.data.OneHotEncoder,scaling=sklearn.preprocessing.data.StandardScaler,variencethreshold=sklearn.feature_selection.variance_threshold.VarianceThreshold,clf=sklearn.svm.classes.SVC)(1)","0.5768","features:[],dtype:float64""},unknown:""ignore"",values:""auto"",sparse:true,threshold:0.0,copy:true,mean:false,std:true,C:269255272831851,size:200,weight:null,coef0:43329055165156016,shape:""ovr"",degree:3,gamma:32605686072866635,kernel:""rbf"",iter:-1,probability:false,state:3970,shrinking:false,tol:819571007210556e-05,verbose:false,axis:0,features:[],copy:true,empty:0,values:""NaN"",strategy:""mean"",nominal:""most_frequent"",verbose:0,memory:null"
"8994540","sklearn.pipeline.Pipeline(imputation=hyperimp.utils.preprocessing.ConditionalImputer,hotencoding=sklearn.preprocessing.data.OneHotEncoder,scaling=sklearn.preprocessing.data.StandardScaler,variencethreshold=sklearn.feature_selection.variance_threshold.VarianceThreshold,clf=sklearn.svm.classes.SVC)(1)","0.5768","features:[],dtype:float64""},unknown:""ignore"",values:""auto"",sparse:true,threshold:0.0,copy:true,mean:false,std:true,C:96003350042886,size:200,weight:null,coef0:6373962320537575,shape:""ovr"",degree:3,gamma:08675749313039628,kernel:""rbf"",iter:-1,probability:false,state:1,shrinking:false,tol:0035447444255539305,verbose:false,axis:0,features:[],copy:true,empty:0,values:""NaN"",strategy:""mean"",nominal:""most_frequent"",verbose:0,memory:null"
"8993704","sklearn.pipeline.Pipeline(imputation=hyperimp.utils.preprocessing.ConditionalImputer,hotencoding=sklearn.preprocessing.data.OneHotEncoder,scaling=sklearn.preprocessing.data.StandardScaler,variencethreshold=sklearn.feature_selection.variance_threshold.VarianceThreshold,clf=sklearn.svm.classes.SVC)(1)","0.5768","features:[],dtype:float64""},unknown:""ignore"",values:""auto"",sparse:true,threshold:0.0,copy:true,mean:false,std:true,C:77796229156579,size:200,weight:null,coef0:6479357440714801,shape:""ovr"",degree:3,gamma:09894999148072246,kernel:""rbf"",iter:-1,probability:false,state:1,shrinking:true,tol:003906096571674618,verbose:false,axis:0,features:[],copy:true,empty:0,values:""NaN"",strategy:""mean"",nominal:""most_frequent"",verbose:0,memory:null"
"8993182","sklearn.pipeline.Pipeline(imputation=hyperimp.utils.preprocessing.ConditionalImputer,hotencoding=sklearn.preprocessing.data.OneHotEncoder,scaling=sklearn.preprocessing.data.StandardScaler,variencethreshold=sklearn.feature_selection.variance_threshold.VarianceThreshold,clf=sklearn.svm.classes.SVC)(1)","0.5767","features:[],dtype:float64""},unknown:""ignore"",values:""auto"",sparse:true,threshold:0.0,copy:true,mean:false,std:true,C:82509833875787,size:200,weight:null,coef0:637350937258624,shape:""ovr"",degree:3,gamma:08670847795621131,kernel:""rbf"",iter:-1,probability:false,state:1,shrinking:false,tol:003543265935792062,verbose:false,axis:0,features:[],copy:true,empty:0,values:""NaN"",strategy:""mean"",nominal:""most_frequent"",verbose:0,memory:null"
"8993992","sklearn.pipeline.Pipeline(imputation=hyperimp.utils.preprocessing.ConditionalImputer,hotencoding=sklearn.preprocessing.data.OneHotEncoder,scaling=sklearn.preprocessing.data.StandardScaler,variencethreshold=sklearn.feature_selection.variance_threshold.VarianceThreshold,clf=sklearn.svm.classes.SVC)(1)","0.5767","features:[],dtype:float64""},unknown:""ignore"",values:""auto"",sparse:true,threshold:0.0,copy:true,mean:false,std:true,C:8239385476288,size:200,weight:null,coef0:6618781712290066,shape:""ovr"",degree:3,gamma:11775066250981449,kernel:""rbf"",iter:-1,probability:false,state:1,shrinking:true,tol:004441326334458693,verbose:false,axis:0,features:[],copy:true,empty:0,values:""NaN"",strategy:""mean"",nominal:""most_frequent"",verbose:0,memory:null"
"9837610","sklearn.pipeline.Pipeline(columntransformer=sklearn.compose._column_transformer.ColumnTransformer(numeric=sklearn.pipeline.Pipeline(imputer=sklearn.preprocessing.imputation.Imputer,standardscaler=sklearn.preprocessing.data.StandardScaler),nominal=sklearn.pipeline.Pipeline(simpleimputer=sklearn.impute.SimpleImputer,onehotencoder=sklearn.preprocessing._encoders.OneHotEncoder)),variancethreshold=sklearn.feature_selection.variance_threshold.VarianceThreshold,svc=sklearn.svm.classes.SVC)(1)","0.5766","axis:0,copy:true,values:""NaN"",strategy:""mean"",verbose:0,copy:true,mean:true,std:true,memory:null,copy:true,value:-1,values:NaN,strategy:""constant"",verbose:0,features:null,categories:null,dtype:float64""},unknown:""ignore"",values:null,sparse:true,C:787099002845852,size:200,weight:null,coef0:0.0,shape:""ovr"",degree:3,gamma:20879742485476568,kernel:""rbf"",iter:-1,probability:false,state:1074,shrinking:true,tol:029940872455699572,verbose:false,jobs:null,remainder:""passthrough"",threshold:0.3,weights:null,memory:null,threshold:0.0,memory:null"
"9199313","sklearn.model_selection._search.RandomizedSearchCV(estimator=sklearn.pipeline.Pipeline(imputation=hyperimp.utils.preprocessing.ConditionalImputer,hotencoding=sklearn.preprocessing.data.OneHotEncoder,scaling=sklearn.preprocessing.data.StandardScaler,variencethreshold=sklearn.feature_selection.variance_threshold.VarianceThreshold,clf=sklearn.svm.classes.SVC))(1)","0.5765","features:[],dtype:float64""},unknown:""ignore"",values:""auto"",sparse:true,threshold:0.0,copy:true,mean:false,std:true,C:1.0,size:200,weight:null,coef0:0.0,shape:""ovr"",degree:3,gamma:""auto"",kernel:""rbf"",iter:-1,probability:false,state:18869,shrinking:true,tol:0.001,verbose:false,axis:0,features:[],copy:true,empty:0,values:""NaN"",strategy:""mean"",nominal:""most_frequent"",verbose:0,memory:null,cv:5,score:""raise"",params:null,iid:true,iter:100,jobs:-1,distributions:1}}}},dispatch:""2*n_jobs"",state:241849,refit:true,score:""warn"",scoring:null,verbose:1"
"9158983","sklearn.pipeline.Pipeline(imputation=hyperimp.utils.preprocessing.ConditionalImputer2,hotencoding=sklearn.preprocessing.data.OneHotEncoder,scaling=sklearn.preprocessing.data.StandardScaler,variencethreshold=sklearn.feature_selection.variance_threshold.VarianceThreshold,clf=sklearn.svm.classes.SVC)(1)","0.5765","features:[],dtype:float64""},unknown:""ignore"",values:""auto"",sparse:true,threshold:0.0,copy:true,mean:false,std:true,C:8955305055988,size:200,weight:null,coef0:9246276763195815,shape:""ovr"",degree:3,gamma:1410609327366135,kernel:""rbf"",iter:-1,probability:false,state:96121,shrinking:true,tol:170648377980734e-05,verbose:false,axis:0,features:[],copy:true,empty:0,values:""NaN"",strategy:""mean"",nominal:""most_frequent"",verbose:0,memory:null"
"8991866","sklearn.pipeline.Pipeline(imputation=hyperimp.utils.preprocessing.ConditionalImputer,hotencoding=sklearn.preprocessing.data.OneHotEncoder,scaling=sklearn.preprocessing.data.StandardScaler,variencethreshold=sklearn.feature_selection.variance_threshold.VarianceThreshold,clf=sklearn.svm.classes.SVC)(1)","0.5765","features:[],dtype:float64""},unknown:""ignore"",values:""auto"",sparse:true,threshold:0.0,copy:true,mean:false,std:true,C:98812515315223,size:200,weight:null,coef0:648860596931679,shape:""ovr"",degree:3,gamma:10009839484683114,kernel:""rbf"",iter:-1,probability:false,state:1,shrinking:false,tol:003939511637350263,verbose:false,axis:0,features:[],copy:true,empty:0,values:""NaN"",strategy:""mean"",nominal:""most_frequent"",verbose:0,memory:null"
"9161206","sklearn.pipeline.Pipeline(imputation=hyperimp.utils.preprocessing.ConditionalImputer2,hotencoding=sklearn.preprocessing.data.OneHotEncoder,scaling=sklearn.preprocessing.data.StandardScaler,variencethreshold=sklearn.feature_selection.variance_threshold.VarianceThreshold,clf=sklearn.svm.classes.SVC)(1)","0.5764","features:[],dtype:float64""},unknown:""ignore"",values:""auto"",sparse:true,threshold:0.0,copy:true,mean:false,std:true,C:4099311702132,size:200,weight:null,coef0:5113153413144605,shape:""ovr"",degree:3,gamma:23324367084116823,kernel:""rbf"",iter:-1,probability:false,state:63091,shrinking:false,tol:02986717353403048,verbose:false,axis:0,features:[],copy:true,empty:0,values:""NaN"",strategy:""mean"",nominal:""most_frequent"",verbose:0,memory:null"
"9156828","sklearn.pipeline.Pipeline(imputation=hyperimp.utils.preprocessing.ConditionalImputer2,hotencoding=sklearn.preprocessing.data.OneHotEncoder,scaling=sklearn.preprocessing.data.StandardScaler,variencethreshold=sklearn.feature_selection.variance_threshold.VarianceThreshold,clf=sklearn.svm.classes.SVC)(1)","0.5763","features:[],dtype:float64""},unknown:""ignore"",values:""auto"",sparse:true,threshold:0.0,copy:true,mean:false,std:true,C:53989312143905,size:200,weight:null,coef0:36017681176497995,shape:""ovr"",degree:3,gamma:08543379646273946,kernel:""rbf"",iter:-1,probability:false,state:98565,shrinking:true,tol:0008249400865580794,verbose:false,axis:0,features:[],copy:true,empty:0,values:""NaN"",strategy:""mean"",nominal:""most_frequent"",verbose:0,memory:null"
"9193262","sklearn.model_selection._search.RandomizedSearchCV(estimator=sklearn.pipeline.Pipeline(imputation=hyperimp.utils.preprocessing.ConditionalImputer,hotencoding=sklearn.preprocessing.data.OneHotEncoder,scaling=sklearn.preprocessing.data.StandardScaler,variencethreshold=sklearn.feature_selection.variance_threshold.VarianceThreshold,clf=sklearn.svm.classes.SVC))(1)","0.5761","features:[],dtype:float64""},unknown:""ignore"",values:""auto"",sparse:true,threshold:0.0,copy:true,mean:false,std:true,C:1.0,size:200,weight:null,coef0:0.0,shape:""ovr"",degree:3,gamma:""auto"",kernel:""rbf"",iter:-1,probability:false,state:55658,shrinking:true,tol:0.001,verbose:false,axis:0,features:[],copy:true,empty:0,values:""NaN"",strategy:""mean"",nominal:""most_frequent"",verbose:0,memory:null,cv:5,score:""raise"",params:null,iid:true,iter:100,jobs:-1,distributions:1}}}},dispatch:""2*n_jobs"",state:334195,refit:true,score:""warn"",scoring:null,verbose:1"
"9193179","sklearn.model_selection._search.RandomizedSearchCV(estimator=sklearn.pipeline.Pipeline(imputation=hyperimp.utils.preprocessing.ConditionalImputer,hotencoding=sklearn.preprocessing.data.OneHotEncoder,scaling=sklearn.preprocessing.data.StandardScaler,variencethreshold=sklearn.feature_selection.variance_threshold.VarianceThreshold,clf=sklearn.svm.classes.SVC))(1)","0.5761","features:[],dtype:float64""},unknown:""ignore"",values:""auto"",sparse:true,threshold:0.0,copy:true,mean:false,std:true,C:1.0,size:200,weight:null,coef0:0.0,shape:""ovr"",degree:3,gamma:""auto"",kernel:""rbf"",iter:-1,probability:false,state:4398,shrinking:true,tol:0.001,verbose:false,axis:0,features:[],copy:true,empty:0,values:""NaN"",strategy:""mean"",nominal:""most_frequent"",verbose:0,memory:null,cv:5,score:""raise"",params:null,iid:true,iter:100,jobs:-1,distributions:1}}}},dispatch:""2*n_jobs"",state:334195,refit:true,score:""warn"",scoring:null,verbose:1"
"9193096","sklearn.model_selection._search.RandomizedSearchCV(estimator=sklearn.pipeline.Pipeline(imputation=hyperimp.utils.preprocessing.ConditionalImputer,hotencoding=sklearn.preprocessing.data.OneHotEncoder,scaling=sklearn.preprocessing.data.StandardScaler,variencethreshold=sklearn.feature_selection.variance_threshold.VarianceThreshold,clf=sklearn.svm.classes.SVC))(1)","0.5761","features:[],dtype:float64""},unknown:""ignore"",values:""auto"",sparse:true,threshold:0.0,copy:true,mean:false,std:true,C:1.0,size:200,weight:null,coef0:0.0,shape:""ovr"",degree:3,gamma:""auto"",kernel:""rbf"",iter:-1,probability:false,state:64694,shrinking:true,tol:0.001,verbose:false,axis:0,features:[],copy:true,empty:0,values:""NaN"",strategy:""mean"",nominal:""most_frequent"",verbose:0,memory:null,cv:5,score:""raise"",params:null,iid:true,iter:100,jobs:-1,distributions:1}}}},dispatch:""2*n_jobs"",state:334195,refit:true,score:""warn"",scoring:null,verbose:1"
"9144003","sklearn.pipeline.Pipeline(imputation=hyperimp.utils.preprocessing.ConditionalImputer2,hotencoding=sklearn.preprocessing.data.OneHotEncoder,scaling=sklearn.preprocessing.data.StandardScaler,variencethreshold=sklearn.feature_selection.variance_threshold.VarianceThreshold,clf=sklearn.svm.classes.SVC)(1)","0.5761","features:[],dtype:float64""},unknown:""ignore"",values:""auto"",sparse:true,threshold:0.0,copy:true,mean:false,std:true,C:23128695346725,size:200,weight:null,coef0:2478142506357539,shape:""ovr"",degree:3,gamma:06621505327039434,kernel:""rbf"",iter:-1,probability:false,state:49254,shrinking:false,tol:005819318321663535,verbose:false,axis:0,features:[],copy:true,empty:0,values:""NaN"",strategy:""mean"",nominal:""most_frequent"",verbose:0,memory:null"
"8982932","sklearn.pipeline.Pipeline(imputation=openmlstudy14.preprocessing.ConditionalImputer,hotencoding=sklearn.preprocessing.data.OneHotEncoder,scaling=sklearn.preprocessing.data.StandardScaler,variencethreshold=sklearn.feature_selection.variance_threshold.VarianceThreshold,classifier=sklearn.svm.classes.SVC)(2)","0.5761","axis:0,features:[],copy:true,empty:0,values:""NaN"",strategy:""most_frequent"",nominal:""most_frequent"",verbose:0,features:[],dtype:float64""},unknown:""ignore"",values:""auto"",sparse:true,threshold:0.0,C:54138249118293,size:200,weight:null,coef0:9430195931918832,shape:null,degree:4,gamma:11931689884098669,kernel:""rbf"",iter:-1,probability:true,state:27675,shrinking:true,tol:00181383761006656,verbose:false,copy:true,mean:false,std:true"
"9876308","sklearn.pipeline.Pipeline(columntransformer=sklearn.compose._column_transformer.ColumnTransformer(numeric=sklearn.pipeline.Pipeline(imputer=sklearn.preprocessing.imputation.Imputer,standardscaler=sklearn.preprocessing.data.StandardScaler),nominal=sklearn.pipeline.Pipeline(simpleimputer=sklearn.impute.SimpleImputer,onehotencoder=sklearn.preprocessing._encoders.OneHotEncoder)),variancethreshold=sklearn.feature_selection.variance_threshold.VarianceThreshold,gradientboostingclassifier=sklearn.ensemble.gradient_boosting.GradientBoostingClassifier)(2)","0.576","axis:0,copy:true,values:""NaN"",strategy:""median"",verbose:0,copy:true,mean:true,std:true,memory:null,copy:true,value:-1,values:NaN,strategy:""constant"",verbose:0,features:null,categories:null,dtype:float64""},unknown:""ignore"",values:null,sparse:true,criterion:""friedman_mse"",init:null,rate:2951725155998005,loss:""deviance"",depth:6,features:6880233376943922,nodes:null,decrease:1545156823005629,split:null,leaf:3,split:15,leaf:15607493010260737,estimators:199,change:817,presort:""auto"",state:26462,subsample:8395231225617642,tol:848892902846517e-05,fraction:3781945095362095,verbose:0,start:false,jobs:null,remainder:""passthrough"",threshold:0.3,weights:null,memory:null,threshold:0.0,memory:null"
"8992771","sklearn.pipeline.Pipeline(imputation=hyperimp.utils.preprocessing.ConditionalImputer,hotencoding=sklearn.preprocessing.data.OneHotEncoder,scaling=sklearn.preprocessing.data.StandardScaler,variencethreshold=sklearn.feature_selection.variance_threshold.VarianceThreshold,clf=sklearn.svm.classes.SVC)(1)","0.576","features:[],dtype:float64""},unknown:""ignore"",values:""auto"",sparse:true,threshold:0.0,copy:true,mean:false,std:true,C:9953164701983,size:200,weight:null,coef0:6649593283867526,shape:""ovr"",degree:3,gamma:12236542766123602,kernel:""rbf"",iter:-1,probability:false,state:1,shrinking:false,tol:004569169967189993,verbose:false,axis:0,features:[],copy:true,empty:0,values:""NaN"",strategy:""mean"",nominal:""most_frequent"",verbose:0,memory:null"
"8993247","sklearn.pipeline.Pipeline(imputation=hyperimp.utils.preprocessing.ConditionalImputer,hotencoding=sklearn.preprocessing.data.OneHotEncoder,scaling=sklearn.preprocessing.data.StandardScaler,variencethreshold=sklearn.feature_selection.variance_threshold.VarianceThreshold,clf=sklearn.svm.classes.SVC)(1)","0.5758","features:[],dtype:float64""},unknown:""ignore"",values:""auto"",sparse:true,threshold:0.0,copy:true,mean:false,std:true,C:0092646491676,size:200,weight:null,coef0:7169935314689119,shape:""ovr"",degree:3,gamma:23421145878053323,kernel:""rbf"",iter:-1,probability:false,state:1,shrinking:false,tol:007378602690430794,verbose:false,axis:0,features:[],copy:true,empty:0,values:""NaN"",strategy:""mean"",nominal:""most_frequent"",verbose:0,memory:null"
"9741642","sklearn.pipeline.Pipeline(columntransformer=sklearn.compose._column_transformer.ColumnTransformer(numeric=sklearn.pipeline.Pipeline(imputer=sklearn.preprocessing.imputation.Imputer,standardscaler=sklearn.preprocessing.data.StandardScaler),nominal=sklearn.pipeline.Pipeline(simpleimputer=sklearn.impute.SimpleImputer,onehotencoder=sklearn.preprocessing._encoders.OneHotEncoder)),variancethreshold=sklearn.feature_selection.variance_threshold.VarianceThreshold,svc=sklearn.svm.classes.SVC)(1)","0.5757","axis:0,copy:true,values:""NaN"",strategy:""mean"",verbose:0,copy:true,mean:true,std:true,memory:null,copy:true,value:-1,values:NaN,strategy:""constant"",verbose:0,features:null,categories:null,dtype:float64""},unknown:""ignore"",values:null,sparse:true,C:1596623811214,size:200,weight:null,coef0:0.0,shape:""ovr"",degree:3,gamma:15211735433331514,kernel:""rbf"",iter:-1,probability:false,state:62347,shrinking:false,tol:00026386634183478815,verbose:false,jobs:null,remainder:""passthrough"",threshold:0.3,weights:null,memory:null,threshold:0.0,memory:null"
"9157934","sklearn.pipeline.Pipeline(imputation=hyperimp.utils.preprocessing.ConditionalImputer2,hotencoding=sklearn.preprocessing.data.OneHotEncoder,scaling=sklearn.preprocessing.data.StandardScaler,variencethreshold=sklearn.feature_selection.variance_threshold.VarianceThreshold,clf=sklearn.svm.classes.SVC)(1)","0.5757","features:[],dtype:float64""},unknown:""ignore"",values:""auto"",sparse:true,threshold:0.0,copy:true,mean:false,std:true,C:56743472057829,size:200,weight:null,coef0:01390232457357421,shape:""ovr"",degree:3,gamma:09853003453582185,kernel:""rbf"",iter:-1,probability:false,state:58429,shrinking:false,tol:011824986940271086,verbose:false,axis:0,features:[],copy:true,empty:0,values:""NaN"",strategy:""mean"",nominal:""most_frequent"",verbose:0,memory:null"
"8993857","sklearn.pipeline.Pipeline(imputation=hyperimp.utils.preprocessing.ConditionalImputer,hotencoding=sklearn.preprocessing.data.OneHotEncoder,scaling=sklearn.preprocessing.data.StandardScaler,variencethreshold=sklearn.feature_selection.variance_threshold.VarianceThreshold,clf=sklearn.svm.classes.SVC)(1)","0.5757","features:[],dtype:float64""},unknown:""ignore"",values:""auto"",sparse:true,threshold:0.0,copy:true,mean:false,std:true,C:4524145684218,size:200,weight:null,coef0:7161473786246952,shape:""ovr"",degree:3,gamma:23175185878170124,kernel:""rbf"",iter:-1,probability:false,state:1,shrinking:true,tol:007321322108971656,verbose:false,axis:0,features:[],copy:true,empty:0,values:""NaN"",strategy:""mean"",nominal:""most_frequent"",verbose:0,memory:null"
"8994665","sklearn.pipeline.Pipeline(imputation=hyperimp.utils.preprocessing.ConditionalImputer,hotencoding=sklearn.preprocessing.data.OneHotEncoder,scaling=sklearn.preprocessing.data.StandardScaler,variencethreshold=sklearn.feature_selection.variance_threshold.VarianceThreshold,clf=sklearn.svm.classes.SVC)(1)","0.5757","features:[],dtype:float64""},unknown:""ignore"",values:""auto"",sparse:true,threshold:0.0,copy:true,mean:false,std:true,C:7090110871063,size:200,weight:null,coef0:7185026557969959,shape:""ovr"",degree:3,gamma:2386631616145948,kernel:""rbf"",iter:-1,probability:false,state:1,shrinking:true,tol:007481878015552294,verbose:false,axis:0,features:[],copy:true,empty:0,values:""NaN"",strategy:""mean"",nominal:""most_frequent"",verbose:0,memory:null"
"8992912","sklearn.pipeline.Pipeline(imputation=hyperimp.utils.preprocessing.ConditionalImputer,hotencoding=sklearn.preprocessing.data.OneHotEncoder,scaling=sklearn.preprocessing.data.StandardScaler,variencethreshold=sklearn.feature_selection.variance_threshold.VarianceThreshold,clf=sklearn.svm.classes.SVC)(1)","0.5757","features:[],dtype:float64""},unknown:""ignore"",values:""auto"",sparse:true,threshold:0.0,copy:true,mean:false,std:true,C:8944309082902,size:200,weight:null,coef0:7164219021588355,shape:""ovr"",degree:3,gamma:23254700087386398,kernel:""rbf"",iter:-1,probability:false,state:1,shrinking:true,tol:007339857166508977,verbose:false,axis:0,features:[],copy:true,empty:0,values:""NaN"",strategy:""mean"",nominal:""most_frequent"",verbose:0,memory:null"
"8841901","sklearn.pipeline.Pipeline(imputation=openmlstudy14.preprocessing.ConditionalImputer,hotencoding=sklearn.preprocessing.data.OneHotEncoder,scaling=sklearn.preprocessing.data.StandardScaler,variencethreshold=sklearn.feature_selection.variance_threshold.VarianceThreshold,classifier=sklearn.svm.classes.SVC)(1)","0.5756","axis:0,features:[],copy:true,empty:0,values:""NaN"",strategy:""mean"",nominal:""most_frequent"",verbose:0,features:[],dtype:float64""},unknown:""ignore"",values:""auto"",sparse:true,threshold:0.0,copy:true,mean:false,std:true,C:731905395176448,size:200,weight:null,coef0:5676867931866161,shape:null,degree:4,gamma:5045058379268417,kernel:""rbf"",iter:-1,probability:true,state:48377,shrinking:true,tol:004445222507089383,verbose:false"
"8992796","sklearn.pipeline.Pipeline(imputation=hyperimp.utils.preprocessing.ConditionalImputer,hotencoding=sklearn.preprocessing.data.OneHotEncoder,scaling=sklearn.preprocessing.data.StandardScaler,variencethreshold=sklearn.feature_selection.variance_threshold.VarianceThreshold,clf=sklearn.svm.classes.SVC)(1)","0.5755","features:[],dtype:float64""},unknown:""ignore"",values:""auto"",sparse:true,threshold:0.0,copy:true,mean:false,std:true,C:7337755750145,size:200,weight:null,coef0:7164038738787584,shape:""ovr"",degree:3,gamma:23249469937166198,kernel:""rbf"",iter:-1,probability:false,state:1,shrinking:true,tol:00733863850939232,verbose:false,axis:0,features:[],copy:true,empty:0,values:""NaN"",strategy:""mean"",nominal:""most_frequent"",verbose:0,memory:null"
"9816208","sklearn.pipeline.Pipeline(columntransformer=sklearn.compose._column_transformer.ColumnTransformer(numeric=sklearn.pipeline.Pipeline(imputer=sklearn.preprocessing.imputation.Imputer,standardscaler=sklearn.preprocessing.data.StandardScaler),nominal=sklearn.pipeline.Pipeline(simpleimputer=sklearn.impute.SimpleImputer,onehotencoder=sklearn.preprocessing._encoders.OneHotEncoder)),variancethreshold=sklearn.feature_selection.variance_threshold.VarianceThreshold,svc=sklearn.svm.classes.SVC)(1)","0.5753","axis:0,copy:true,values:""NaN"",strategy:""median"",verbose:0,copy:true,mean:true,std:true,memory:null,copy:true,value:-1,values:NaN,strategy:""constant"",verbose:0,features:null,categories:null,dtype:float64""},unknown:""ignore"",values:null,sparse:true,C:50104639927923,size:200,weight:null,coef0:0.0,shape:""ovr"",degree:3,gamma:07690856638670705,kernel:""rbf"",iter:-1,probability:false,state:23163,shrinking:false,tol:0002728386321812678,verbose:false,jobs:null,remainder:""passthrough"",threshold:0.3,weights:null,memory:null,threshold:0.0,memory:null"
"8993537","sklearn.pipeline.Pipeline(imputation=hyperimp.utils.preprocessing.ConditionalImputer,hotencoding=sklearn.preprocessing.data.OneHotEncoder,scaling=sklearn.preprocessing.data.StandardScaler,variencethreshold=sklearn.feature_selection.variance_threshold.VarianceThreshold,clf=sklearn.svm.classes.SVC)(1)","0.5753","features:[],dtype:float64""},unknown:""ignore"",values:""auto"",sparse:true,threshold:0.0,copy:true,mean:false,std:true,C:1741568067355,size:200,weight:null,coef0:7185533448205357,shape:""ovr"",degree:3,gamma:23881414689793193,kernel:""rbf"",iter:-1,probability:false,state:1,shrinking:false,tol:0074853718442713015,verbose:false,axis:0,features:[],copy:true,empty:0,values:""NaN"",strategy:""mean"",nominal:""most_frequent"",verbose:0,memory:null"
"8993659","sklearn.pipeline.Pipeline(imputation=hyperimp.utils.preprocessing.ConditionalImputer,hotencoding=sklearn.preprocessing.data.OneHotEncoder,scaling=sklearn.preprocessing.data.StandardScaler,variencethreshold=sklearn.feature_selection.variance_threshold.VarianceThreshold,clf=sklearn.svm.classes.SVC)(1)","0.5753","features:[],dtype:float64""},unknown:""ignore"",values:""auto"",sparse:true,threshold:0.0,copy:true,mean:false,std:true,C:6853468585884,size:200,weight:null,coef0:7190431104052479,shape:""ovr"",degree:3,gamma:2402779203406954,kernel:""rbf"",iter:-1,probability:false,state:1,shrinking:true,tol:007519213937938422,verbose:false,axis:0,features:[],copy:true,empty:0,values:""NaN"",strategy:""mean"",nominal:""most_frequent"",verbose:0,memory:null"
"9154122","sklearn.pipeline.Pipeline(imputation=hyperimp.utils.preprocessing.ConditionalImputer2,hotencoding=sklearn.preprocessing.data.OneHotEncoder,scaling=sklearn.preprocessing.data.StandardScaler,variencethreshold=sklearn.feature_selection.variance_threshold.VarianceThreshold,clf=sklearn.svm.classes.SVC)(1)","0.5752","features:[],dtype:float64""},unknown:""ignore"",values:""auto"",sparse:true,threshold:0.0,copy:true,mean:false,std:true,C:7768898099859243,size:200,weight:null,coef0:8891181106356048,shape:""ovr"",degree:3,gamma:14790916122510872,kernel:""rbf"",iter:-1,probability:false,state:74049,shrinking:true,tol:0002031880942172193,verbose:false,axis:0,features:[],copy:true,empty:0,values:""NaN"",strategy:""mean"",nominal:""most_frequent"",verbose:0,memory:null"
"9149990","sklearn.pipeline.Pipeline(imputation=hyperimp.utils.preprocessing.ConditionalImputer2,hotencoding=sklearn.preprocessing.data.OneHotEncoder,scaling=sklearn.preprocessing.data.StandardScaler,variencethreshold=sklearn.feature_selection.variance_threshold.VarianceThreshold,clf=sklearn.svm.classes.SVC)(1)","0.5752","features:[],dtype:float64""},unknown:""ignore"",values:""auto"",sparse:true,threshold:0.0,copy:true,mean:false,std:true,C:658912278343603,size:200,weight:null,coef0:7362384275070977,shape:""ovr"",degree:3,gamma:5894456219416458,kernel:""rbf"",iter:-1,probability:false,state:50552,shrinking:false,tol:2480419555764124e-05,verbose:false,axis:0,features:[],copy:true,empty:0,values:""NaN"",strategy:""mean"",nominal:""most_frequent"",verbose:0,memory:null"
"9140409","sklearn.pipeline.Pipeline(imputation=hyperimp.utils.preprocessing.ConditionalImputer2,hotencoding=sklearn.preprocessing.data.OneHotEncoder,scaling=sklearn.preprocessing.data.StandardScaler,variencethreshold=sklearn.feature_selection.variance_threshold.VarianceThreshold,clf=sklearn.svm.classes.SVC)(1)","0.5751","features:[],dtype:float64""},unknown:""ignore"",values:""auto"",sparse:true,threshold:0.0,copy:true,mean:false,std:true,C:5292715250463,size:200,weight:null,coef0:45083207668890146,shape:""ovr"",degree:3,gamma:30557577377117223,kernel:""rbf"",iter:-1,probability:false,state:75258,shrinking:true,tol:0011217033672637224,verbose:false,axis:0,features:[],copy:true,empty:0,values:""NaN"",strategy:""mean"",nominal:""most_frequent"",verbose:0,memory:null"
"9665573","sklearn.pipeline.Pipeline(columntransformer=sklearn.compose._column_transformer.ColumnTransformer(numeric=sklearn.pipeline.Pipeline(imputer=sklearn.preprocessing.imputation.Imputer,standardscaler=sklearn.preprocessing.data.StandardScaler),nominal=sklearn.pipeline.Pipeline(simpleimputer=sklearn.impute.SimpleImputer,onehotencoder=sklearn.preprocessing._encoders.OneHotEncoder)),variancethreshold=sklearn.feature_selection.variance_threshold.VarianceThreshold,svc=sklearn.svm.classes.SVC)(1)","0.575","axis:0,copy:true,values:""NaN"",strategy:""mean"",verbose:0,copy:true,mean:true,std:true,memory:null,copy:true,value:-1,values:NaN,strategy:""constant"",verbose:0,features:null,categories:null,dtype:float64""},unknown:""ignore"",values:null,sparse:true,C:6379548475574,size:200,weight:null,coef0:0.0,shape:""ovr"",degree:3,gamma:06507482839210581,kernel:""rbf"",iter:-1,probability:false,state:5053,shrinking:false,tol:0021603094303697693,verbose:false,jobs:null,remainder:""passthrough"",threshold:0.3,weights:null,memory:null,threshold:0.0,memory:null"
"8992210","sklearn.pipeline.Pipeline(imputation=hyperimp.utils.preprocessing.ConditionalImputer,hotencoding=sklearn.preprocessing.data.OneHotEncoder,scaling=sklearn.preprocessing.data.StandardScaler,variencethreshold=sklearn.feature_selection.variance_threshold.VarianceThreshold,clf=sklearn.svm.classes.SVC)(1)","0.575","features:[],dtype:float64""},unknown:""ignore"",values:""auto"",sparse:true,threshold:0.0,copy:true,mean:false,std:true,C:22718106328566,size:200,weight:null,coef0:6351007296894995,shape:""ovr"",degree:3,gamma:08430798766686062,kernel:""rbf"",iter:-1,probability:false,state:1,shrinking:false,tol:003470586864735269,verbose:false,axis:0,features:[],copy:true,empty:0,values:""NaN"",strategy:""mean"",nominal:""most_frequent"",verbose:0,memory:null"
"8994757","sklearn.pipeline.Pipeline(imputation=hyperimp.utils.preprocessing.ConditionalImputer,hotencoding=sklearn.preprocessing.data.OneHotEncoder,scaling=sklearn.preprocessing.data.StandardScaler,variencethreshold=sklearn.feature_selection.variance_threshold.VarianceThreshold,clf=sklearn.svm.classes.SVC)(1)","0.575","features:[],dtype:float64""},unknown:""ignore"",values:""auto"",sparse:true,threshold:0.0,copy:true,mean:false,std:true,C:3346577167254,size:200,weight:null,coef0:6627123772526117,shape:""ovr"",degree:3,gamma:11898262276335661,kernel:""rbf"",iter:-1,probability:false,state:1,shrinking:true,tol:004475581901956733,verbose:false,axis:0,features:[],copy:true,empty:0,values:""NaN"",strategy:""mean"",nominal:""most_frequent"",verbose:0,memory:null"
"9985752","sklearn.pipeline.Pipeline(columntransformer=sklearn.compose._column_transformer.ColumnTransformer(numeric=sklearn.pipeline.Pipeline(imputer=sklearn.preprocessing.imputation.Imputer,standardscaler=sklearn.preprocessing.data.StandardScaler),nominal=sklearn.pipeline.Pipeline(simpleimputer=sklearn.impute.SimpleImputer,onehotencoder=sklearn.preprocessing._encoders.OneHotEncoder)),variancethreshold=sklearn.feature_selection.variance_threshold.VarianceThreshold,gradientboostingclassifier=sklearn.ensemble.gradient_boosting.GradientBoostingClassifier)(3)","0.5749","memory:null,jobs:null,remainder:""passthrough"",threshold:0.3,weights:null,memory:null,axis:0,copy:true,values:""NaN"",strategy:""mean"",verbose:0,copy:true,mean:true,std:true,memory:null,copy:true,value:-1,values:NaN,strategy:""constant"",verbose:0,features:null,categories:null,dtype:float64""},unknown:""ignore"",values:null,sparse:true,threshold:0.0,criterion:""friedman_mse"",init:null,rate:025328835256768403,loss:""deviance"",depth:4,features:9000403602234095,nodes:null,decrease:5811769781311142,split:null,leaf:5,split:18,leaf:05014431997204011,estimators:415,change:404,presort:""auto"",state:888,subsample:2191285510070793,tol:2187099809102615e-05,fraction:3711957579358356,verbose:0,start:false"
"9806448","sklearn.pipeline.Pipeline(columntransformer=sklearn.compose._column_transformer.ColumnTransformer(numeric=sklearn.pipeline.Pipeline(imputer=sklearn.preprocessing.imputation.Imputer,standardscaler=sklearn.preprocessing.data.StandardScaler),nominal=sklearn.pipeline.Pipeline(simpleimputer=sklearn.impute.SimpleImputer,onehotencoder=sklearn.preprocessing._encoders.OneHotEncoder)),variancethreshold=sklearn.feature_selection.variance_threshold.VarianceThreshold,svc=sklearn.svm.classes.SVC)(1)","0.5749","axis:0,copy:true,values:""NaN"",strategy:""most_frequent"",verbose:0,copy:true,mean:true,std:true,memory:null,copy:true,value:-1,values:NaN,strategy:""constant"",verbose:0,features:null,categories:null,dtype:float64""},unknown:""ignore"",values:null,sparse:true,C:7557765632753,size:200,weight:null,coef0:0.0,shape:""ovr"",degree:3,gamma:13228830354906237,kernel:""rbf"",iter:-1,probability:false,state:34295,shrinking:true,tol:542829790231692e-05,verbose:false,jobs:null,remainder:""passthrough"",threshold:0.3,weights:null,memory:null,threshold:0.0,memory:null"
"8735104","sklearn.pipeline.Pipeline(imputation=openmlstudy14.preprocessing.ConditionalImputer,hotencoding=sklearn.preprocessing.data.OneHotEncoder,scaling=sklearn.preprocessing.data.StandardScaler,variencethreshold=sklearn.feature_selection.variance_threshold.VarianceThreshold,classifier=sklearn.svm.classes.SVC)(1)","0.5749","axis:0,features:[],copy:true,empty:0,values:""NaN"",strategy:""median"",nominal:""most_frequent"",verbose:0,features:[],dtype:float64""},unknown:""ignore"",values:""auto"",sparse:true,threshold:0.0,copy:true,mean:false,std:true,C:316470492184454,size:200,weight:null,coef0:07648288820241134,shape:null,degree:2,gamma:038769799186611366,kernel:""rbf"",iter:-1,probability:true,state:6446,shrinking:false,tol:0009828715079287676,verbose:false"
"10012265","sklearn.pipeline.Pipeline(columntransformer=sklearn.compose._column_transformer.ColumnTransformer(numeric=sklearn.pipeline.Pipeline(imputer=sklearn.preprocessing.imputation.Imputer,standardscaler=sklearn.preprocessing.data.StandardScaler),nominal=sklearn.pipeline.Pipeline(simpleimputer=sklearn.impute.SimpleImputer,onehotencoder=sklearn.preprocessing._encoders.OneHotEncoder)),variancethreshold=sklearn.feature_selection.variance_threshold.VarianceThreshold,gradientboostingclassifier=sklearn.ensemble.gradient_boosting.GradientBoostingClassifier)(3)","0.5748","memory:null,jobs:null,remainder:""passthrough"",threshold:0.3,weights:null,memory:null,axis:0,copy:true,values:""NaN"",strategy:""most_frequent"",verbose:0,copy:true,mean:true,std:true,memory:null,copy:true,value:-1,values:NaN,strategy:""constant"",verbose:0,features:null,categories:null,dtype:float64""},unknown:""ignore"",values:null,sparse:true,threshold:0.0,criterion:""friedman_mse"",init:null,rate:12383614034749336,loss:""deviance"",depth:5,features:6888722978111718,nodes:null,decrease:6606789766049287,split:null,leaf:6,split:20,leaf:008791753487474574,estimators:275,change:508,presort:""auto"",state:29118,subsample:5972871584434419,tol:767932615096968e-05,fraction:5843019265027093,verbose:0,start:false"
"9649164","sklearn.pipeline.Pipeline(columntransformer=sklearn.compose._column_transformer.ColumnTransformer(numeric=sklearn.pipeline.Pipeline(imputer=sklearn.preprocessing.imputation.Imputer,standardscaler=sklearn.preprocessing.data.StandardScaler),nominal=sklearn.pipeline.Pipeline(simpleimputer=sklearn.impute.SimpleImputer,onehotencoder=sklearn.preprocessing._encoders.OneHotEncoder)),variancethreshold=sklearn.feature_selection.variance_threshold.VarianceThreshold,svc=sklearn.svm.classes.SVC)(1)","0.5748","axis:0,copy:true,values:""NaN"",strategy:""median"",verbose:0,copy:true,mean:true,std:true,memory:null,copy:true,value:-1,values:NaN,strategy:""constant"",verbose:0,features:null,categories:null,dtype:float64""},unknown:""ignore"",values:null,sparse:true,C:619659842438144,size:200,weight:null,coef0:0.0,shape:""ovr"",degree:3,gamma:48958023814442697,kernel:""rbf"",iter:-1,probability:false,state:26574,shrinking:false,tol:008312934567307247,verbose:false,jobs:null,remainder:""passthrough"",threshold:0.3,weights:null,memory:null,threshold:0.0,memory:null"
"9830565","sklearn.pipeline.Pipeline(columntransformer=sklearn.compose._column_transformer.ColumnTransformer(numeric=sklearn.pipeline.Pipeline(imputer=sklearn.preprocessing.imputation.Imputer,standardscaler=sklearn.preprocessing.data.StandardScaler),nominal=sklearn.pipeline.Pipeline(simpleimputer=sklearn.impute.SimpleImputer,onehotencoder=sklearn.preprocessing._encoders.OneHotEncoder)),variancethreshold=sklearn.feature_selection.variance_threshold.VarianceThreshold,svc=sklearn.svm.classes.SVC)(1)","0.5748","axis:0,copy:true,values:""NaN"",strategy:""median"",verbose:0,copy:true,mean:true,std:true,memory:null,copy:true,value:-1,values:NaN,strategy:""constant"",verbose:0,features:null,categories:null,dtype:float64""},unknown:""ignore"",values:null,sparse:true,C:8411000472852352,size:200,weight:null,coef0:0.0,shape:""ovr"",degree:3,gamma:40888058844843167,kernel:""rbf"",iter:-1,probability:false,state:16468,shrinking:true,tol:7288988715297346e-05,verbose:false,jobs:null,remainder:""passthrough"",threshold:0.3,weights:null,memory:null,threshold:0.0,memory:null"
"9642558","sklearn.pipeline.Pipeline(columntransformer=sklearn.compose._column_transformer.ColumnTransformer(numeric=sklearn.pipeline.Pipeline(imputer=sklearn.preprocessing.imputation.Imputer,standardscaler=sklearn.preprocessing.data.StandardScaler),nominal=sklearn.pipeline.Pipeline(simpleimputer=sklearn.impute.SimpleImputer,onehotencoder=sklearn.preprocessing._encoders.OneHotEncoder)),variancethreshold=sklearn.feature_selection.variance_threshold.VarianceThreshold,svc=sklearn.svm.classes.SVC)(1)","0.5746","axis:0,copy:true,values:""NaN"",strategy:""mean"",verbose:0,copy:true,mean:true,std:true,memory:null,copy:true,value:-1,values:NaN,strategy:""constant"",verbose:0,features:null,categories:null,dtype:float64""},unknown:""ignore"",values:null,sparse:true,C:54347145981682,size:200,weight:null,coef0:0.0,shape:""ovr"",degree:3,gamma:059603603509833486,kernel:""rbf"",iter:-1,probability:false,state:44796,shrinking:true,tol:001162689543828153,verbose:false,jobs:null,remainder:""passthrough"",threshold:0.3,weights:null,memory:null,threshold:0.0,memory:null"
"9145663","sklearn.pipeline.Pipeline(imputation=hyperimp.utils.preprocessing.ConditionalImputer2,hotencoding=sklearn.preprocessing.data.OneHotEncoder,scaling=sklearn.preprocessing.data.StandardScaler,variencethreshold=sklearn.feature_selection.variance_threshold.VarianceThreshold,clf=sklearn.svm.classes.SVC)(1)","0.5746","features:[],dtype:float64""},unknown:""ignore"",values:""auto"",sparse:true,threshold:0.0,copy:true,mean:false,std:true,C:8189073127945,size:200,weight:null,coef0:4541617941343963,shape:""ovr"",degree:3,gamma:07535520272438216,kernel:""rbf"",iter:-1,probability:false,state:65953,shrinking:true,tol:00012982198212361287,verbose:false,axis:0,features:[],copy:true,empty:0,values:""NaN"",strategy:""mean"",nominal:""most_frequent"",verbose:0,memory:null"
"9156542","sklearn.pipeline.Pipeline(imputation=hyperimp.utils.preprocessing.ConditionalImputer2,hotencoding=sklearn.preprocessing.data.OneHotEncoder,scaling=sklearn.preprocessing.data.StandardScaler,variencethreshold=sklearn.feature_selection.variance_threshold.VarianceThreshold,clf=sklearn.svm.classes.SVC)(1)","0.5746","features:[],dtype:float64""},unknown:""ignore"",values:""auto"",sparse:true,threshold:0.0,copy:true,mean:false,std:true,C:60968248068438,size:200,weight:null,coef0:14228718851031508,shape:""ovr"",degree:3,gamma:5472779907471768,kernel:""rbf"",iter:-1,probability:false,state:13925,shrinking:false,tol:010216869557158344,verbose:false,axis:0,features:[],copy:true,empty:0,values:""NaN"",strategy:""mean"",nominal:""most_frequent"",verbose:0,memory:null"
"8737714","sklearn.pipeline.Pipeline(imputation=openmlstudy14.preprocessing.ConditionalImputer,hotencoding=sklearn.preprocessing.data.OneHotEncoder,scaling=sklearn.preprocessing.data.StandardScaler,variencethreshold=sklearn.feature_selection.variance_threshold.VarianceThreshold,classifier=sklearn.svm.classes.SVC)(1)","0.5746","axis:0,features:[],copy:true,empty:0,values:""NaN"",strategy:""mean"",nominal:""most_frequent"",verbose:0,features:[],dtype:float64""},unknown:""ignore"",values:""auto"",sparse:true,threshold:0.0,copy:true,mean:false,std:true,C:57654710094167,size:200,weight:null,coef0:6645636740120071,shape:null,degree:1,gamma:15018218784175175,kernel:""rbf"",iter:-1,probability:true,state:53203,shrinking:true,tol:0189783799416362e-05,verbose:false"
"8992682","sklearn.pipeline.Pipeline(imputation=hyperimp.utils.preprocessing.ConditionalImputer,hotencoding=sklearn.preprocessing.data.OneHotEncoder,scaling=sklearn.preprocessing.data.StandardScaler,variencethreshold=sklearn.feature_selection.variance_threshold.VarianceThreshold,clf=sklearn.svm.classes.SVC)(1)","0.5745","features:[],dtype:float64""},unknown:""ignore"",values:""auto"",sparse:true,threshold:0.0,copy:true,mean:false,std:true,C:8064569945806,size:200,weight:null,coef0:7222307091292389,shape:""ovr"",degree:3,gamma:25002647344210355,kernel:""rbf"",iter:-1,probability:false,state:1,shrinking:true,tol:007743242071499801,verbose:false,axis:0,features:[],copy:true,empty:0,values:""NaN"",strategy:""mean"",nominal:""most_frequent"",verbose:0,memory:null"
"9154928","sklearn.pipeline.Pipeline(imputation=hyperimp.utils.preprocessing.ConditionalImputer2,hotencoding=sklearn.preprocessing.data.OneHotEncoder,scaling=sklearn.preprocessing.data.StandardScaler,variencethreshold=sklearn.feature_selection.variance_threshold.VarianceThreshold,clf=sklearn.svm.classes.SVC)(1)","0.5743","features:[],dtype:float64""},unknown:""ignore"",values:""auto"",sparse:true,threshold:0.0,copy:true,mean:false,std:true,C:66700248112349,size:200,weight:null,coef0:4271501368413636,shape:""ovr"",degree:3,gamma:49641641696070726,kernel:""rbf"",iter:-1,probability:false,state:31806,shrinking:false,tol:3505929498875596e-05,verbose:false,axis:0,features:[],copy:true,empty:0,values:""NaN"",strategy:""mean"",nominal:""most_frequent"",verbose:0,memory:null"
"8992039","sklearn.pipeline.Pipeline(imputation=hyperimp.utils.preprocessing.ConditionalImputer,hotencoding=sklearn.preprocessing.data.OneHotEncoder,scaling=sklearn.preprocessing.data.StandardScaler,variencethreshold=sklearn.feature_selection.variance_threshold.VarianceThreshold,clf=sklearn.svm.classes.SVC)(1)","0.5743","features:[],dtype:float64""},unknown:""ignore"",values:""auto"",sparse:true,threshold:0.0,copy:true,mean:false,std:true,C:596309485635,size:200,weight:null,coef0:7235427348085783,shape:""ovr"",degree:3,gamma:2541530107650464,kernel:""rbf"",iter:-1,probability:false,state:1,shrinking:true,tol:007837380630379111,verbose:false,axis:0,features:[],copy:true,empty:0,values:""NaN"",strategy:""mean"",nominal:""most_frequent"",verbose:0,memory:null"
"9787291","sklearn.pipeline.Pipeline(columntransformer=sklearn.compose._column_transformer.ColumnTransformer(numeric=sklearn.pipeline.Pipeline(imputer=sklearn.preprocessing.imputation.Imputer,standardscaler=sklearn.preprocessing.data.StandardScaler),nominal=sklearn.pipeline.Pipeline(simpleimputer=sklearn.impute.SimpleImputer,onehotencoder=sklearn.preprocessing._encoders.OneHotEncoder)),variancethreshold=sklearn.feature_selection.variance_threshold.VarianceThreshold,svc=sklearn.svm.classes.SVC)(1)","0.5742","axis:0,copy:true,values:""NaN"",strategy:""median"",verbose:0,copy:true,mean:true,std:true,memory:null,copy:true,value:-1,values:NaN,strategy:""constant"",verbose:0,features:null,categories:null,dtype:float64""},unknown:""ignore"",values:null,sparse:true,C:67267388047075,size:200,weight:null,coef0:0.0,shape:""ovr"",degree:3,gamma:05838772495896836,kernel:""rbf"",iter:-1,probability:false,state:52778,shrinking:true,tol:07095851475661129,verbose:false,jobs:null,remainder:""passthrough"",threshold:0.3,weights:null,memory:null,threshold:0.0,memory:null"
"9152851","sklearn.pipeline.Pipeline(imputation=hyperimp.utils.preprocessing.ConditionalImputer2,hotencoding=sklearn.preprocessing.data.OneHotEncoder,scaling=sklearn.preprocessing.data.StandardScaler,variencethreshold=sklearn.feature_selection.variance_threshold.VarianceThreshold,clf=sklearn.svm.classes.SVC)(1)","0.5742","features:[],dtype:float64""},unknown:""ignore"",values:""auto"",sparse:true,threshold:0.0,copy:true,mean:false,std:true,C:8380019972817,size:200,weight:null,coef0:24480192965517877,shape:""ovr"",degree:3,gamma:08036017398517487,kernel:""rbf"",iter:-1,probability:false,state:76222,shrinking:true,tol:0011851227547687413,verbose:false,axis:0,features:[],copy:true,empty:0,values:""NaN"",strategy:""mean"",nominal:""most_frequent"",verbose:0,memory:null"
"8992663","sklearn.pipeline.Pipeline(imputation=hyperimp.utils.preprocessing.ConditionalImputer,hotencoding=sklearn.preprocessing.data.OneHotEncoder,scaling=sklearn.preprocessing.data.StandardScaler,variencethreshold=sklearn.feature_selection.variance_threshold.VarianceThreshold,clf=sklearn.svm.classes.SVC)(1)","0.5742","features:[],dtype:float64""},unknown:""ignore"",values:""auto"",sparse:true,threshold:0.0,copy:true,mean:false,std:true,C:9083936018039,size:200,weight:null,coef0:7198204342313151,shape:""ovr"",degree:3,gamma:24261956769615656,kernel:""rbf"",iter:-1,probability:false,state:1,shrinking:true,tol:007573240293999079,verbose:false,axis:0,features:[],copy:true,empty:0,values:""NaN"",strategy:""mean"",nominal:""most_frequent"",verbose:0,memory:null"
"9795709","sklearn.pipeline.Pipeline(columntransformer=sklearn.compose._column_transformer.ColumnTransformer(numeric=sklearn.pipeline.Pipeline(imputer=sklearn.preprocessing.imputation.Imputer,standardscaler=sklearn.preprocessing.data.StandardScaler),nominal=sklearn.pipeline.Pipeline(simpleimputer=sklearn.impute.SimpleImputer,onehotencoder=sklearn.preprocessing._encoders.OneHotEncoder)),variancethreshold=sklearn.feature_selection.variance_threshold.VarianceThreshold,svc=sklearn.svm.classes.SVC)(1)","0.5741","axis:0,copy:true,values:""NaN"",strategy:""mean"",verbose:0,copy:true,mean:true,std:true,memory:null,copy:true,value:-1,values:NaN,strategy:""constant"",verbose:0,features:null,categories:null,dtype:float64""},unknown:""ignore"",values:null,sparse:true,C:53364055736756,size:200,weight:null,coef0:0.0,shape:""ovr"",degree:3,gamma:5840394014507967,kernel:""rbf"",iter:-1,probability:false,state:64125,shrinking:true,tol:09132200418959842,verbose:false,jobs:null,remainder:""passthrough"",threshold:0.3,weights:null,memory:null,threshold:0.0,memory:null"
"9147625","sklearn.pipeline.Pipeline(imputation=hyperimp.utils.preprocessing.ConditionalImputer2,hotencoding=sklearn.preprocessing.data.OneHotEncoder,scaling=sklearn.preprocessing.data.StandardScaler,variencethreshold=sklearn.feature_selection.variance_threshold.VarianceThreshold,clf=sklearn.svm.classes.SVC)(1)","0.5741","features:[],dtype:float64""},unknown:""ignore"",values:""auto"",sparse:true,threshold:0.0,copy:true,mean:false,std:true,C:483351540710565,size:200,weight:null,coef0:19034073398371387,shape:""ovr"",degree:3,gamma:054169133161147374,kernel:""rbf"",iter:-1,probability:false,state:3789,shrinking:false,tol:0014977811647802748,verbose:false,axis:0,features:[],copy:true,empty:0,values:""NaN"",strategy:""mean"",nominal:""most_frequent"",verbose:0,memory:null"
"8994573","sklearn.pipeline.Pipeline(imputation=hyperimp.utils.preprocessing.ConditionalImputer,hotencoding=sklearn.preprocessing.data.OneHotEncoder,scaling=sklearn.preprocessing.data.StandardScaler,variencethreshold=sklearn.feature_selection.variance_threshold.VarianceThreshold,clf=sklearn.svm.classes.SVC)(1)","0.5741","features:[],dtype:float64""},unknown:""ignore"",values:""auto"",sparse:true,threshold:0.0,copy:true,mean:false,std:true,C:4646418207943,size:200,weight:null,coef0:7250385734592408,shape:""ovr"",degree:3,gamma:2589408207844065,kernel:""rbf"",iter:-1,probability:false,state:1,shrinking:false,tol:007946104895768172,verbose:false,axis:0,features:[],copy:true,empty:0,values:""NaN"",strategy:""mean"",nominal:""most_frequent"",verbose:0,memory:null"
"8991599","sklearn.pipeline.Pipeline(imputation=hyperimp.utils.preprocessing.ConditionalImputer,hotencoding=sklearn.preprocessing.data.OneHotEncoder,scaling=sklearn.preprocessing.data.StandardScaler,variencethreshold=sklearn.feature_selection.variance_threshold.VarianceThreshold,clf=sklearn.svm.classes.SVC)(1)","0.5741","features:[],dtype:float64""},unknown:""ignore"",values:""auto"",sparse:true,threshold:0.0,copy:true,mean:false,std:true,C:0407917382229,size:200,weight:null,coef0:7218398230164191,shape:""ovr"",degree:3,gamma:2488100756667593,kernel:""rbf"",iter:-1,probability:false,state:1,shrinking:false,tol:007715415018178553,verbose:false,axis:0,features:[],copy:true,empty:0,values:""NaN"",strategy:""mean"",nominal:""most_frequent"",verbose:0,memory:null"
"9874647","sklearn.pipeline.Pipeline(columntransformer=sklearn.compose._column_transformer.ColumnTransformer(numeric=sklearn.pipeline.Pipeline(imputer=sklearn.preprocessing.imputation.Imputer,standardscaler=sklearn.preprocessing.data.StandardScaler),nominal=sklearn.pipeline.Pipeline(simpleimputer=sklearn.impute.SimpleImputer,onehotencoder=sklearn.preprocessing._encoders.OneHotEncoder)),variancethreshold=sklearn.feature_selection.variance_threshold.VarianceThreshold,gradientboostingclassifier=sklearn.ensemble.gradient_boosting.GradientBoostingClassifier)(2)","0.574","axis:0,copy:true,values:""NaN"",strategy:""most_frequent"",verbose:0,copy:true,mean:true,std:true,memory:null,copy:true,value:-1,values:NaN,strategy:""constant"",verbose:0,features:null,categories:null,dtype:float64""},unknown:""ignore"",values:null,sparse:true,criterion:""friedman_mse"",init:null,rate:4298502101097614,loss:""deviance"",depth:4,features:2690477300300389,nodes:null,decrease:25799950635227964,split:null,leaf:15,split:14,leaf:10725974369298913,estimators:393,change:682,presort:""auto"",state:37755,subsample:49636167161151257,tol:0001423600367044954,fraction:22050033696791826,verbose:0,start:false,jobs:null,remainder:""passthrough"",threshold:0.3,weights:null,memory:null,threshold:0.0,memory:null"
"8992708","sklearn.pipeline.Pipeline(imputation=hyperimp.utils.preprocessing.ConditionalImputer,hotencoding=sklearn.preprocessing.data.OneHotEncoder,scaling=sklearn.preprocessing.data.StandardScaler,variencethreshold=sklearn.feature_selection.variance_threshold.VarianceThreshold,clf=sklearn.svm.classes.SVC)(1)","0.574","features:[],dtype:float64""},unknown:""ignore"",values:""auto"",sparse:true,threshold:0.0,copy:true,mean:false,std:true,C:40775199822176,size:200,weight:null,coef0:632339725223049,shape:""ovr"",degree:3,gamma:08145319241664933,kernel:""rbf"",iter:-1,probability:false,state:1,shrinking:true,tol:0033834432840421117,verbose:false,axis:0,features:[],copy:true,empty:0,values:""NaN"",strategy:""mean"",nominal:""most_frequent"",verbose:0,memory:null"
"9623370","sklearn.pipeline.Pipeline(columntransformer=sklearn.compose._column_transformer.ColumnTransformer(numeric=sklearn.pipeline.Pipeline(imputer=sklearn.preprocessing.imputation.Imputer,standardscaler=sklearn.preprocessing.data.StandardScaler),nominal=sklearn.pipeline.Pipeline(simpleimputer=sklearn.impute.SimpleImputer,onehotencoder=sklearn.preprocessing._encoders.OneHotEncoder)),variancethreshold=sklearn.feature_selection.variance_threshold.VarianceThreshold,svc=sklearn.svm.classes.SVC)(1)","0.5739","axis:0,copy:true,values:""NaN"",strategy:""most_frequent"",verbose:0,copy:true,mean:true,std:true,memory:null,copy:true,value:-1,values:NaN,strategy:""constant"",verbose:0,features:null,categories:null,dtype:float64""},unknown:""ignore"",values:null,sparse:true,C:39735601253025,size:200,weight:null,coef0:0.0,shape:""ovr"",degree:3,gamma:08140669774921797,kernel:""rbf"",iter:-1,probability:false,state:52016,shrinking:true,tol:0050167289392481565,verbose:false,jobs:null,remainder:""passthrough"",threshold:0.3,weights:null,memory:null,threshold:0.0,memory:null"
"8988531","sklearn.pipeline.Pipeline(imputation=openmlstudy14.preprocessing.ConditionalImputer,hotencoding=sklearn.preprocessing.data.OneHotEncoder,scaling=sklearn.preprocessing.data.StandardScaler,variencethreshold=sklearn.feature_selection.variance_threshold.VarianceThreshold,classifier=sklearn.svm.classes.SVC)(2)","0.5739","axis:0,features:[],copy:true,empty:0,values:""NaN"",strategy:""median"",nominal:""most_frequent"",verbose:0,features:[],dtype:float64""},unknown:""ignore"",values:""auto"",sparse:true,threshold:0.0,C:14831630160393,size:200,weight:null,coef0:14989627500469438,shape:null,degree:4,gamma:3030032727130111,kernel:""rbf"",iter:-1,probability:true,state:4929,shrinking:false,tol:1407283024191228e-05,verbose:false,copy:true,mean:false,std:true"
"9982270","sklearn.pipeline.Pipeline(columntransformer=sklearn.compose._column_transformer.ColumnTransformer(numeric=sklearn.pipeline.Pipeline(imputer=sklearn.preprocessing.imputation.Imputer,standardscaler=sklearn.preprocessing.data.StandardScaler),nominal=sklearn.pipeline.Pipeline(simpleimputer=sklearn.impute.SimpleImputer,onehotencoder=sklearn.preprocessing._encoders.OneHotEncoder)),variancethreshold=sklearn.feature_selection.variance_threshold.VarianceThreshold,gradientboostingclassifier=sklearn.ensemble.gradient_boosting.GradientBoostingClassifier)(3)","0.5738","memory:null,jobs:null,remainder:""passthrough"",threshold:0.3,weights:null,memory:null,axis:0,copy:true,values:""NaN"",strategy:""most_frequent"",verbose:0,copy:true,mean:true,std:true,memory:null,copy:true,value:-1,values:NaN,strategy:""constant"",verbose:0,features:null,categories:null,dtype:float64""},unknown:""ignore"",values:null,sparse:true,threshold:0.0,criterion:""friedman_mse"",init:null,rate:01147638373378542,loss:""deviance"",depth:10,features:41906606398357493,nodes:null,decrease:6256786552052471,split:null,leaf:18,split:14,leaf:048585710302840646,estimators:415,change:303,presort:""auto"",state:23061,subsample:963755953265893,tol:00013082771483289513,fraction:33058845518376545,verbose:0,start:false"
"9682229","sklearn.pipeline.Pipeline(columntransformer=sklearn.compose._column_transformer.ColumnTransformer(numeric=sklearn.pipeline.Pipeline(imputer=sklearn.preprocessing.imputation.Imputer,standardscaler=sklearn.preprocessing.data.StandardScaler),nominal=sklearn.pipeline.Pipeline(simpleimputer=sklearn.impute.SimpleImputer,onehotencoder=sklearn.preprocessing._encoders.OneHotEncoder)),variancethreshold=sklearn.feature_selection.variance_threshold.VarianceThreshold,svc=sklearn.svm.classes.SVC)(1)","0.5738","axis:0,copy:true,values:""NaN"",strategy:""median"",verbose:0,copy:true,mean:true,std:true,memory:null,copy:true,value:-1,values:NaN,strategy:""constant"",verbose:0,features:null,categories:null,dtype:float64""},unknown:""ignore"",values:null,sparse:true,C:90744376984597,size:200,weight:null,coef0:0.0,shape:""ovr"",degree:3,gamma:08144553540781126,kernel:""rbf"",iter:-1,probability:false,state:30102,shrinking:false,tol:00032513616488513957,verbose:false,jobs:null,remainder:""passthrough"",threshold:0.3,weights:null,memory:null,threshold:0.0,memory:null"
"9798265","sklearn.pipeline.Pipeline(columntransformer=sklearn.compose._column_transformer.ColumnTransformer(numeric=sklearn.pipeline.Pipeline(imputer=sklearn.preprocessing.imputation.Imputer,standardscaler=sklearn.preprocessing.data.StandardScaler),nominal=sklearn.pipeline.Pipeline(simpleimputer=sklearn.impute.SimpleImputer,onehotencoder=sklearn.preprocessing._encoders.OneHotEncoder)),variancethreshold=sklearn.feature_selection.variance_threshold.VarianceThreshold,svc=sklearn.svm.classes.SVC)(1)","0.5738","axis:0,copy:true,values:""NaN"",strategy:""most_frequent"",verbose:0,copy:true,mean:true,std:true,memory:null,copy:true,value:-1,values:NaN,strategy:""constant"",verbose:0,features:null,categories:null,dtype:float64""},unknown:""ignore"",values:null,sparse:true,C:399668718733356,size:200,weight:null,coef0:0.0,shape:""ovr"",degree:3,gamma:06295553056275112,kernel:""rbf"",iter:-1,probability:false,state:12592,shrinking:true,tol:053820836198707,verbose:false,jobs:null,remainder:""passthrough"",threshold:0.3,weights:null,memory:null,threshold:0.0,memory:null"
"9141471","sklearn.pipeline.Pipeline(imputation=hyperimp.utils.preprocessing.ConditionalImputer2,hotencoding=sklearn.preprocessing.data.OneHotEncoder,scaling=sklearn.preprocessing.data.StandardScaler,variencethreshold=sklearn.feature_selection.variance_threshold.VarianceThreshold,clf=sklearn.svm.classes.SVC)(1)","0.5738","features:[],dtype:float64""},unknown:""ignore"",values:""auto"",sparse:true,threshold:0.0,copy:true,mean:false,std:true,C:645731557573179,size:200,weight:null,coef0:28531435087821844,shape:""ovr"",degree:3,gamma:22692189000375282,kernel:""rbf"",iter:-1,probability:false,state:89410,shrinking:true,tol:552230692321431e-05,verbose:false,axis:0,features:[],copy:true,empty:0,values:""NaN"",strategy:""mean"",nominal:""most_frequent"",verbose:0,memory:null"
"8994735","sklearn.pipeline.Pipeline(imputation=hyperimp.utils.preprocessing.ConditionalImputer,hotencoding=sklearn.preprocessing.data.OneHotEncoder,scaling=sklearn.preprocessing.data.StandardScaler,variencethreshold=sklearn.feature_selection.variance_threshold.VarianceThreshold,clf=sklearn.svm.classes.SVC)(1)","0.5738","features:[],dtype:float64""},unknown:""ignore"",values:""auto"",sparse:true,threshold:0.0,copy:true,mean:false,std:true,C:217288567352,size:200,weight:null,coef0:7250139403559991,shape:""ovr"",degree:3,gamma:2588612505060242,kernel:""rbf"",iter:-1,probability:false,state:1,shrinking:true,tol:007944302293821861,verbose:false,axis:0,features:[],copy:true,empty:0,values:""NaN"",strategy:""mean"",nominal:""most_frequent"",verbose:0,memory:null"
"8993920","sklearn.pipeline.Pipeline(imputation=hyperimp.utils.preprocessing.ConditionalImputer,hotencoding=sklearn.preprocessing.data.OneHotEncoder,scaling=sklearn.preprocessing.data.StandardScaler,variencethreshold=sklearn.feature_selection.variance_threshold.VarianceThreshold,clf=sklearn.svm.classes.SVC)(1)","0.5737","features:[],dtype:float64""},unknown:""ignore"",values:""auto"",sparse:true,threshold:0.0,copy:true,mean:false,std:true,C:8195855909923,size:200,weight:null,coef0:7253718532166359,shape:""ovr"",degree:3,gamma:260019794041542,kernel:""rbf"",iter:-1,probability:false,state:1,shrinking:true,tol:007970533893002969,verbose:false,axis:0,features:[],copy:true,empty:0,values:""NaN"",strategy:""mean"",nominal:""most_frequent"",verbose:0,memory:null"
"9011535","sklearn.pipeline.Pipeline(imputation=hyperimp.utils.preprocessing.ConditionalImputer,hotencoding=sklearn.preprocessing.data.OneHotEncoder,scaling=sklearn.preprocessing.data.StandardScaler,variencethreshold=sklearn.feature_selection.variance_threshold.VarianceThreshold,clf=sklearn.svm.classes.SVC)(1)","0.5737","features:[],dtype:float64""},unknown:""ignore"",values:""auto"",sparse:true,threshold:0.0,copy:true,mean:false,std:true,C:172849396271,size:200,weight:null,coef0:725109055055125,shape:""ovr"",degree:3,gamma:2591686267973755,kernel:""rbf"",iter:-1,probability:false,state:1,shrinking:true,tol:007951264859792926,verbose:false,axis:0,features:[],copy:true,empty:0,values:""NaN"",strategy:""mean"",nominal:""most_frequent"",verbose:0,memory:null"
"8991505","sklearn.pipeline.Pipeline(imputation=hyperimp.utils.preprocessing.ConditionalImputer,hotencoding=sklearn.preprocessing.data.OneHotEncoder,scaling=sklearn.preprocessing.data.StandardScaler,variencethreshold=sklearn.feature_selection.variance_threshold.VarianceThreshold,clf=sklearn.svm.classes.SVC)(1)","0.5737","features:[],dtype:float64""},unknown:""ignore"",values:""auto"",sparse:true,threshold:0.0,copy:true,mean:false,std:true,C:172849396271,size:200,weight:null,coef0:725109055055125,shape:""ovr"",degree:3,gamma:2591686267973755,kernel:""rbf"",iter:-1,probability:false,state:1,shrinking:false,tol:007951264859792926,verbose:false,axis:0,features:[],copy:true,empty:0,values:""NaN"",strategy:""mean"",nominal:""most_frequent"",verbose:0,memory:null"
"9727769","sklearn.pipeline.Pipeline(columntransformer=sklearn.compose._column_transformer.ColumnTransformer(numeric=sklearn.pipeline.Pipeline(imputer=sklearn.preprocessing.imputation.Imputer,standardscaler=sklearn.preprocessing.data.StandardScaler),nominal=sklearn.pipeline.Pipeline(simpleimputer=sklearn.impute.SimpleImputer,onehotencoder=sklearn.preprocessing._encoders.OneHotEncoder)),variancethreshold=sklearn.feature_selection.variance_threshold.VarianceThreshold,svc=sklearn.svm.classes.SVC)(1)","0.5736","axis:0,copy:true,values:""NaN"",strategy:""mean"",verbose:0,copy:true,mean:true,std:true,memory:null,copy:true,value:-1,values:NaN,strategy:""constant"",verbose:0,features:null,categories:null,dtype:float64""},unknown:""ignore"",values:null,sparse:true,C:00587474970574,size:200,weight:null,coef0:0.0,shape:""ovr"",degree:3,gamma:05220831515787892,kernel:""rbf"",iter:-1,probability:false,state:4108,shrinking:true,tol:004545779975624461,verbose:false,jobs:null,remainder:""passthrough"",threshold:0.3,weights:null,memory:null,threshold:0.0,memory:null"
"9160835","sklearn.pipeline.Pipeline(imputation=hyperimp.utils.preprocessing.ConditionalImputer2,hotencoding=sklearn.preprocessing.data.OneHotEncoder,scaling=sklearn.preprocessing.data.StandardScaler,variencethreshold=sklearn.feature_selection.variance_threshold.VarianceThreshold,clf=sklearn.svm.classes.SVC)(1)","0.5736","features:[],dtype:float64""},unknown:""ignore"",values:""auto"",sparse:true,threshold:0.0,copy:true,mean:false,std:true,C:585605472744664,size:200,weight:null,coef0:06788499113816138,shape:""ovr"",degree:3,gamma:057418159655586665,kernel:""rbf"",iter:-1,probability:false,state:96412,shrinking:true,tol:001547495457905865,verbose:false,axis:0,features:[],copy:true,empty:0,values:""NaN"",strategy:""mean"",nominal:""most_frequent"",verbose:0,memory:null"
"9144189","sklearn.pipeline.Pipeline(imputation=hyperimp.utils.preprocessing.ConditionalImputer2,hotencoding=sklearn.preprocessing.data.OneHotEncoder,scaling=sklearn.preprocessing.data.StandardScaler,variencethreshold=sklearn.feature_selection.variance_threshold.VarianceThreshold,clf=sklearn.svm.classes.SVC)(1)","0.5736","features:[],dtype:float64""},unknown:""ignore"",values:""auto"",sparse:true,threshold:0.0,copy:true,mean:false,std:true,C:82464634448838,size:200,weight:null,coef0:735636784601314,shape:""ovr"",degree:3,gamma:05750021757106949,kernel:""rbf"",iter:-1,probability:false,state:17336,shrinking:false,tol:00021955335513772548,verbose:false,axis:0,features:[],copy:true,empty:0,values:""NaN"",strategy:""mean"",nominal:""most_frequent"",verbose:0,memory:null"
"9156782","sklearn.pipeline.Pipeline(imputation=hyperimp.utils.preprocessing.ConditionalImputer2,hotencoding=sklearn.preprocessing.data.OneHotEncoder,scaling=sklearn.preprocessing.data.StandardScaler,variencethreshold=sklearn.feature_selection.variance_threshold.VarianceThreshold,clf=sklearn.svm.classes.SVC)(1)","0.5735","features:[],dtype:float64""},unknown:""ignore"",values:""auto"",sparse:true,threshold:0.0,copy:true,mean:false,std:true,C:7651734564754,size:200,weight:null,coef0:30255147308637864,shape:""ovr"",degree:3,gamma:17622787987678337,kernel:""rbf"",iter:-1,probability:false,state:37739,shrinking:true,tol:003472703207956308,verbose:false,axis:0,features:[],copy:true,empty:0,values:""NaN"",strategy:""mean"",nominal:""most_frequent"",verbose:0,memory:null"
"9145686","sklearn.pipeline.Pipeline(imputation=hyperimp.utils.preprocessing.ConditionalImputer2,hotencoding=sklearn.preprocessing.data.OneHotEncoder,scaling=sklearn.preprocessing.data.StandardScaler,variencethreshold=sklearn.feature_selection.variance_threshold.VarianceThreshold,clf=sklearn.svm.classes.SVC)(1)","0.5735","features:[],dtype:float64""},unknown:""ignore"",values:""auto"",sparse:true,threshold:0.0,copy:true,mean:false,std:true,C:055224769376,size:200,weight:null,coef0:5716881328130625,shape:""ovr"",degree:3,gamma:08510770354184947,kernel:""rbf"",iter:-1,probability:false,state:64305,shrinking:true,tol:00010081497780193575,verbose:false,axis:0,features:[],copy:true,empty:0,values:""NaN"",strategy:""mean"",nominal:""most_frequent"",verbose:0,memory:null"
"8992258","sklearn.pipeline.Pipeline(imputation=hyperimp.utils.preprocessing.ConditionalImputer,hotencoding=sklearn.preprocessing.data.OneHotEncoder,scaling=sklearn.preprocessing.data.StandardScaler,variencethreshold=sklearn.feature_selection.variance_threshold.VarianceThreshold,clf=sklearn.svm.classes.SVC)(1)","0.5735","features:[],dtype:float64""},unknown:""ignore"",values:""auto"",sparse:true,threshold:0.0,copy:true,mean:false,std:true,C:8861973047053,size:200,weight:null,coef0:630324405299901,shape:""ovr"",degree:3,gamma:07943063215645099,kernel:""rbf"",iter:-1,probability:false,state:1,shrinking:false,tol:0033212198215842982,verbose:false,axis:0,features:[],copy:true,empty:0,values:""NaN"",strategy:""mean"",nominal:""most_frequent"",verbose:0,memory:null"
"8994598","sklearn.pipeline.Pipeline(imputation=hyperimp.utils.preprocessing.ConditionalImputer,hotencoding=sklearn.preprocessing.data.OneHotEncoder,scaling=sklearn.preprocessing.data.StandardScaler,variencethreshold=sklearn.feature_selection.variance_threshold.VarianceThreshold,clf=sklearn.svm.classes.SVC)(1)","0.5735","features:[],dtype:float64""},unknown:""ignore"",values:""auto"",sparse:true,threshold:0.0,copy:true,mean:false,std:true,C:86173386396266,size:200,weight:null,coef0:6306845875473506,shape:""ovr"",degree:3,gamma:0797883861456268,kernel:""rbf"",iter:-1,probability:false,state:1,shrinking:false,tol:0033322559353437683,verbose:false,axis:0,features:[],copy:true,empty:0,values:""NaN"",strategy:""mean"",nominal:""most_frequent"",verbose:0,memory:null"
"8992102","sklearn.pipeline.Pipeline(imputation=hyperimp.utils.preprocessing.ConditionalImputer,hotencoding=sklearn.preprocessing.data.OneHotEncoder,scaling=sklearn.preprocessing.data.StandardScaler,variencethreshold=sklearn.feature_selection.variance_threshold.VarianceThreshold,clf=sklearn.svm.classes.SVC)(1)","0.5734","features:[],dtype:float64""},unknown:""ignore"",values:""auto"",sparse:true,threshold:0.0,copy:true,mean:false,std:true,C:12037496096045,size:200,weight:null,coef0:6318748520964468,shape:""ovr"",degree:3,gamma:08098212652481097,kernel:""rbf"",iter:-1,probability:false,state:1,shrinking:true,tol:0033689875680351917,verbose:false,axis:0,features:[],copy:true,empty:0,values:""NaN"",strategy:""mean"",nominal:""most_frequent"",verbose:0,memory:null"
"9937727","sklearn.pipeline.Pipeline(columntransformer=sklearn.compose._column_transformer.ColumnTransformer(numeric=sklearn.pipeline.Pipeline(imputer=sklearn.preprocessing.imputation.Imputer,standardscaler=sklearn.preprocessing.data.StandardScaler),nominal=sklearn.pipeline.Pipeline(simpleimputer=sklearn.impute.SimpleImputer,onehotencoder=sklearn.preprocessing._encoders.OneHotEncoder)),variancethreshold=sklearn.feature_selection.variance_threshold.VarianceThreshold,gradientboostingclassifier=sklearn.ensemble.gradient_boosting.GradientBoostingClassifier)(3)","0.5732","memory:null,jobs:null,remainder:""passthrough"",threshold:0.3,weights:null,memory:null,axis:0,copy:true,values:""NaN"",strategy:""most_frequent"",verbose:0,copy:true,mean:true,std:true,memory:null,copy:true,value:-1,values:NaN,strategy:""constant"",verbose:0,features:null,categories:null,dtype:float64""},unknown:""ignore"",values:null,sparse:true,threshold:0.0,criterion:""friedman_mse"",init:null,rate:23739427200430177,loss:""deviance"",depth:2,features:3730773677120558,nodes:null,decrease:3622097974522125,split:null,leaf:6,split:16,leaf:09270974553116895,estimators:316,change:978,presort:""auto"",state:49269,subsample:7242554834338698,tol:002555430774140503,fraction:03768545843880022,verbose:0,start:false"
"9729374","sklearn.pipeline.Pipeline(columntransformer=sklearn.compose._column_transformer.ColumnTransformer(numeric=sklearn.pipeline.Pipeline(imputer=sklearn.preprocessing.imputation.Imputer,standardscaler=sklearn.preprocessing.data.StandardScaler),nominal=sklearn.pipeline.Pipeline(simpleimputer=sklearn.impute.SimpleImputer,onehotencoder=sklearn.preprocessing._encoders.OneHotEncoder)),variancethreshold=sklearn.feature_selection.variance_threshold.VarianceThreshold,svc=sklearn.svm.classes.SVC)(1)","0.5732","axis:0,copy:true,values:""NaN"",strategy:""median"",verbose:0,copy:true,mean:true,std:true,memory:null,copy:true,value:-1,values:NaN,strategy:""constant"",verbose:0,features:null,categories:null,dtype:float64""},unknown:""ignore"",values:null,sparse:true,C:66418023065278,size:200,weight:null,coef0:0.0,shape:""ovr"",degree:3,gamma:05666936784116624,kernel:""rbf"",iter:-1,probability:false,state:40494,shrinking:false,tol:00031332047804685207,verbose:false,jobs:null,remainder:""passthrough"",threshold:0.3,weights:null,memory:null,threshold:0.0,memory:null"
"8992105","sklearn.pipeline.Pipeline(imputation=hyperimp.utils.preprocessing.ConditionalImputer,hotencoding=sklearn.preprocessing.data.OneHotEncoder,scaling=sklearn.preprocessing.data.StandardScaler,variencethreshold=sklearn.feature_selection.variance_threshold.VarianceThreshold,clf=sklearn.svm.classes.SVC)(1)","0.5732","features:[],dtype:float64""},unknown:""ignore"",values:""auto"",sparse:true,threshold:0.0,copy:true,mean:false,std:true,C:74750846499003,size:200,weight:null,coef0:6280156895122306,shape:""ovr"",degree:3,gamma:07717526870725318,kernel:""rbf"",iter:-1,probability:false,state:1,shrinking:true,tol:0032513427776286606,verbose:false,axis:0,features:[],copy:true,empty:0,values:""NaN"",strategy:""mean"",nominal:""most_frequent"",verbose:0,memory:null"
"9778755","sklearn.pipeline.Pipeline(columntransformer=sklearn.compose._column_transformer.ColumnTransformer(numeric=sklearn.pipeline.Pipeline(imputer=sklearn.preprocessing.imputation.Imputer,standardscaler=sklearn.preprocessing.data.StandardScaler),nominal=sklearn.pipeline.Pipeline(simpleimputer=sklearn.impute.SimpleImputer,onehotencoder=sklearn.preprocessing._encoders.OneHotEncoder)),variancethreshold=sklearn.feature_selection.variance_threshold.VarianceThreshold,svc=sklearn.svm.classes.SVC)(1)","0.5731","axis:0,copy:true,values:""NaN"",strategy:""median"",verbose:0,copy:true,mean:true,std:true,memory:null,copy:true,value:-1,values:NaN,strategy:""constant"",verbose:0,features:null,categories:null,dtype:float64""},unknown:""ignore"",values:null,sparse:true,C:474355846545706,size:200,weight:null,coef0:0.0,shape:""ovr"",degree:3,gamma:6209894676721999,kernel:""rbf"",iter:-1,probability:false,state:12700,shrinking:false,tol:04574206169819563,verbose:false,jobs:null,remainder:""passthrough"",threshold:0.3,weights:null,memory:null,threshold:0.0,memory:null"
"9153028","sklearn.pipeline.Pipeline(imputation=hyperimp.utils.preprocessing.ConditionalImputer2,hotencoding=sklearn.preprocessing.data.OneHotEncoder,scaling=sklearn.preprocessing.data.StandardScaler,variencethreshold=sklearn.feature_selection.variance_threshold.VarianceThreshold,clf=sklearn.svm.classes.SVC)(1)","0.5731","features:[],dtype:float64""},unknown:""ignore"",values:""auto"",sparse:true,threshold:0.0,copy:true,mean:false,std:true,C:054542936707204,size:200,weight:null,coef0:7659507259787257,shape:""ovr"",degree:3,gamma:05963187833626781,kernel:""rbf"",iter:-1,probability:false,state:51485,shrinking:true,tol:009343742443721065,verbose:false,axis:0,features:[],copy:true,empty:0,values:""NaN"",strategy:""mean"",nominal:""most_frequent"",verbose:0,memory:null"
"9145620","sklearn.pipeline.Pipeline(imputation=hyperimp.utils.preprocessing.ConditionalImputer2,hotencoding=sklearn.preprocessing.data.OneHotEncoder,scaling=sklearn.preprocessing.data.StandardScaler,variencethreshold=sklearn.feature_selection.variance_threshold.VarianceThreshold,clf=sklearn.svm.classes.SVC)(1)","0.5731","features:[],dtype:float64""},unknown:""ignore"",values:""auto"",sparse:true,threshold:0.0,copy:true,mean:false,std:true,C:7322276487353,size:200,weight:null,coef0:8056094862943819,shape:""ovr"",degree:3,gamma:11653342382858523,kernel:""rbf"",iter:-1,probability:false,state:29017,shrinking:false,tol:00034922165277355855,verbose:false,axis:0,features:[],copy:true,empty:0,values:""NaN"",strategy:""mean"",nominal:""most_frequent"",verbose:0,memory:null"
"8991767","sklearn.pipeline.Pipeline(imputation=hyperimp.utils.preprocessing.ConditionalImputer,hotencoding=sklearn.preprocessing.data.OneHotEncoder,scaling=sklearn.preprocessing.data.StandardScaler,variencethreshold=sklearn.feature_selection.variance_threshold.VarianceThreshold,clf=sklearn.svm.classes.SVC)(1)","0.5731","features:[],dtype:float64""},unknown:""ignore"",values:""auto"",sparse:true,threshold:0.0,copy:true,mean:false,std:true,C:8238254009398,size:200,weight:null,coef0:7259644967887716,shape:""ovr"",degree:3,gamma:26194955970756595,kernel:""rbf"",iter:-1,probability:false,state:1,shrinking:true,tol:008014159601945571,verbose:false,axis:0,features:[],copy:true,empty:0,values:""NaN"",strategy:""mean"",nominal:""most_frequent"",verbose:0,memory:null"
"8993656","sklearn.pipeline.Pipeline(imputation=hyperimp.utils.preprocessing.ConditionalImputer,hotencoding=sklearn.preprocessing.data.OneHotEncoder,scaling=sklearn.preprocessing.data.StandardScaler,variencethreshold=sklearn.feature_selection.variance_threshold.VarianceThreshold,clf=sklearn.svm.classes.SVC)(1)","0.5731","features:[],dtype:float64""},unknown:""ignore"",values:""auto"",sparse:true,threshold:0.0,copy:true,mean:false,std:true,C:46781063273883,size:200,weight:null,coef0:625574908431795,shape:""ovr"",degree:3,gamma:0748604925999201,kernel:""rbf"",iter:-1,probability:false,state:1,shrinking:false,tol:003179066654499006,verbose:false,axis:0,features:[],copy:true,empty:0,values:""NaN"",strategy:""mean"",nominal:""most_frequent"",verbose:0,memory:null"
"9695155","sklearn.pipeline.Pipeline(columntransformer=sklearn.compose._column_transformer.ColumnTransformer(numeric=sklearn.pipeline.Pipeline(imputer=sklearn.preprocessing.imputation.Imputer,standardscaler=sklearn.preprocessing.data.StandardScaler),nominal=sklearn.pipeline.Pipeline(simpleimputer=sklearn.impute.SimpleImputer,onehotencoder=sklearn.preprocessing._encoders.OneHotEncoder)),variancethreshold=sklearn.feature_selection.variance_threshold.VarianceThreshold,svc=sklearn.svm.classes.SVC)(1)","0.573","axis:0,copy:true,values:""NaN"",strategy:""most_frequent"",verbose:0,copy:true,mean:true,std:true,memory:null,copy:true,value:-1,values:NaN,strategy:""constant"",verbose:0,features:null,categories:null,dtype:float64""},unknown:""ignore"",values:null,sparse:true,C:77202997059885,size:200,weight:null,coef0:0.0,shape:""ovr"",degree:3,gamma:4072686271923419,kernel:""rbf"",iter:-1,probability:false,state:55516,shrinking:true,tol:07707466770510939,verbose:false,jobs:null,remainder:""passthrough"",threshold:0.3,weights:null,memory:null,threshold:0.0,memory:null"
"8993281","sklearn.pipeline.Pipeline(imputation=hyperimp.utils.preprocessing.ConditionalImputer,hotencoding=sklearn.preprocessing.data.OneHotEncoder,scaling=sklearn.preprocessing.data.StandardScaler,variencethreshold=sklearn.feature_selection.variance_threshold.VarianceThreshold,clf=sklearn.svm.classes.SVC)(1)","0.573","features:[],dtype:float64""},unknown:""ignore"",values:""auto"",sparse:true,threshold:0.0,copy:true,mean:false,std:true,C:7172387590837,size:200,weight:null,coef0:6276208666988917,shape:""ovr"",degree:3,gamma:07679603309537521,kernel:""rbf"",iter:-1,probability:false,state:1,shrinking:true,tol:003239540895562033,verbose:false,axis:0,features:[],copy:true,empty:0,values:""NaN"",strategy:""mean"",nominal:""most_frequent"",verbose:0,memory:null"
"8994517","sklearn.pipeline.Pipeline(imputation=hyperimp.utils.preprocessing.ConditionalImputer,hotencoding=sklearn.preprocessing.data.OneHotEncoder,scaling=sklearn.preprocessing.data.StandardScaler,variencethreshold=sklearn.feature_selection.variance_threshold.VarianceThreshold,clf=sklearn.svm.classes.SVC)(1)","0.573","features:[],dtype:float64""},unknown:""ignore"",values:""auto"",sparse:true,threshold:0.0,copy:true,mean:false,std:true,C:73677053211452,size:200,weight:null,coef0:6280115856161548,shape:""ovr"",degree:3,gamma:07717131721302066,kernel:""rbf"",iter:-1,probability:false,state:1,shrinking:false,tol:003251219884787503,verbose:false,axis:0,features:[],copy:true,empty:0,values:""NaN"",strategy:""mean"",nominal:""most_frequent"",verbose:0,memory:null"
"8994290","sklearn.pipeline.Pipeline(imputation=hyperimp.utils.preprocessing.ConditionalImputer,hotencoding=sklearn.preprocessing.data.OneHotEncoder,scaling=sklearn.preprocessing.data.StandardScaler,variencethreshold=sklearn.feature_selection.variance_threshold.VarianceThreshold,clf=sklearn.svm.classes.SVC)(1)","0.5729","features:[],dtype:float64""},unknown:""ignore"",values:""auto"",sparse:true,threshold:0.0,copy:true,mean:false,std:true,C:35864898027947,size:200,weight:null,coef0:6297567743872704,shape:""ovr"",degree:3,gamma:0788700812412033,kernel:""rbf"",iter:-1,probability:false,state:1,shrinking:false,tol:003303901548933475,verbose:false,axis:0,features:[],copy:true,empty:0,values:""NaN"",strategy:""mean"",nominal:""most_frequent"",verbose:0,memory:null"
"8980668","sklearn.pipeline.Pipeline(imputation=openmlstudy14.preprocessing.ConditionalImputer,hotencoding=sklearn.preprocessing.data.OneHotEncoder,scaling=sklearn.preprocessing.data.StandardScaler,variencethreshold=sklearn.feature_selection.variance_threshold.VarianceThreshold,classifier=sklearn.svm.classes.SVC)(2)","0.5728","axis:0,features:[],copy:true,empty:0,values:""NaN"",strategy:""median"",nominal:""most_frequent"",verbose:0,features:[],dtype:float64""},unknown:""ignore"",values:""auto"",sparse:true,threshold:0.0,C:80248003293099,size:200,weight:null,coef0:5687641804556802,shape:null,degree:3,gamma:04607213050256671,kernel:""rbf"",iter:-1,probability:true,state:9806,shrinking:true,tol:005489697140632669,verbose:false,copy:true,mean:false,std:true"
"9154188","sklearn.pipeline.Pipeline(imputation=hyperimp.utils.preprocessing.ConditionalImputer2,hotencoding=sklearn.preprocessing.data.OneHotEncoder,scaling=sklearn.preprocessing.data.StandardScaler,variencethreshold=sklearn.feature_selection.variance_threshold.VarianceThreshold,clf=sklearn.svm.classes.SVC)(1)","0.5727","features:[],dtype:float64""},unknown:""ignore"",values:""auto"",sparse:true,threshold:0.0,copy:true,mean:false,std:true,C:2607053883039665,size:200,weight:null,coef0:36468234325046134,shape:""ovr"",degree:3,gamma:05153330827209789,kernel:""rbf"",iter:-1,probability:false,state:63407,shrinking:true,tol:00022872958645541429,verbose:false,axis:0,features:[],copy:true,empty:0,values:""NaN"",strategy:""mean"",nominal:""most_frequent"",verbose:0,memory:null"
"8992221","sklearn.pipeline.Pipeline(imputation=hyperimp.utils.preprocessing.ConditionalImputer,hotencoding=sklearn.preprocessing.data.OneHotEncoder,scaling=sklearn.preprocessing.data.StandardScaler,variencethreshold=sklearn.feature_selection.variance_threshold.VarianceThreshold,clf=sklearn.svm.classes.SVC)(1)","0.5727","features:[],dtype:float64""},unknown:""ignore"",values:""auto"",sparse:true,threshold:0.0,copy:true,mean:false,std:true,C:15542548891477,size:200,weight:null,coef0:6274046530607947,shape:""ovr"",degree:3,gamma:0765891456255852,kernel:""rbf"",iter:-1,probability:false,state:1,shrinking:true,tol:0032330960891628017,verbose:false,axis:0,features:[],copy:true,empty:0,values:""NaN"",strategy:""mean"",nominal:""most_frequent"",verbose:0,memory:null"
"8993055","sklearn.pipeline.Pipeline(imputation=hyperimp.utils.preprocessing.ConditionalImputer,hotencoding=sklearn.preprocessing.data.OneHotEncoder,scaling=sklearn.preprocessing.data.StandardScaler,variencethreshold=sklearn.feature_selection.variance_threshold.VarianceThreshold,clf=sklearn.svm.classes.SVC)(1)","0.5726","features:[],dtype:float64""},unknown:""ignore"",values:""auto"",sparse:true,threshold:0.0,copy:true,mean:false,std:true,C:8928953462885,size:200,weight:null,coef0:7278150417546447,shape:""ovr"",degree:3,gamma:2680679693913236,kernel:""rbf"",iter:-1,probability:false,state:1,shrinking:true,tol:008151924842948384,verbose:false,axis:0,features:[],copy:true,empty:0,values:""NaN"",strategy:""mean"",nominal:""most_frequent"",verbose:0,memory:null"
"9655773","sklearn.pipeline.Pipeline(columntransformer=sklearn.compose._column_transformer.ColumnTransformer(numeric=sklearn.pipeline.Pipeline(imputer=sklearn.preprocessing.imputation.Imputer,standardscaler=sklearn.preprocessing.data.StandardScaler),nominal=sklearn.pipeline.Pipeline(simpleimputer=sklearn.impute.SimpleImputer,onehotencoder=sklearn.preprocessing._encoders.OneHotEncoder)),variancethreshold=sklearn.feature_selection.variance_threshold.VarianceThreshold,svc=sklearn.svm.classes.SVC)(1)","0.5725","axis:0,copy:true,values:""NaN"",strategy:""median"",verbose:0,copy:true,mean:true,std:true,memory:null,copy:true,value:-1,values:NaN,strategy:""constant"",verbose:0,features:null,categories:null,dtype:float64""},unknown:""ignore"",values:null,sparse:true,C:95895874114,size:200,weight:null,coef0:0.0,shape:""ovr"",degree:3,gamma:31777273662711913,kernel:""rbf"",iter:-1,probability:false,state:62465,shrinking:false,tol:00013565635997537314,verbose:false,jobs:null,remainder:""passthrough"",threshold:0.3,weights:null,memory:null,threshold:0.0,memory:null"
"9144236","sklearn.pipeline.Pipeline(imputation=hyperimp.utils.preprocessing.ConditionalImputer2,hotencoding=sklearn.preprocessing.data.OneHotEncoder,scaling=sklearn.preprocessing.data.StandardScaler,variencethreshold=sklearn.feature_selection.variance_threshold.VarianceThreshold,clf=sklearn.svm.classes.SVC)(1)","0.5725","features:[],dtype:float64""},unknown:""ignore"",values:""auto"",sparse:true,threshold:0.0,copy:true,mean:false,std:true,C:60876150807811,size:200,weight:null,coef0:5210143006928865,shape:""ovr"",degree:3,gamma:6297629680744967,kernel:""rbf"",iter:-1,probability:false,state:1587,shrinking:false,tol:0022637780032814516,verbose:false,axis:0,features:[],copy:true,empty:0,values:""NaN"",strategy:""mean"",nominal:""most_frequent"",verbose:0,memory:null"
"9152788","sklearn.pipeline.Pipeline(imputation=hyperimp.utils.preprocessing.ConditionalImputer2,hotencoding=sklearn.preprocessing.data.OneHotEncoder,scaling=sklearn.preprocessing.data.StandardScaler,variencethreshold=sklearn.feature_selection.variance_threshold.VarianceThreshold,clf=sklearn.svm.classes.SVC)(1)","0.5725","features:[],dtype:float64""},unknown:""ignore"",values:""auto"",sparse:true,threshold:0.0,copy:true,mean:false,std:true,C:0352242024987,size:200,weight:null,coef0:9117189279266432,shape:""ovr"",degree:3,gamma:12785507663936016,kernel:""rbf"",iter:-1,probability:false,state:20087,shrinking:true,tol:08359087155079642,verbose:false,axis:0,features:[],copy:true,empty:0,values:""NaN"",strategy:""mean"",nominal:""most_frequent"",verbose:0,memory:null"
"9935695","sklearn.pipeline.Pipeline(columntransformer=sklearn.compose._column_transformer.ColumnTransformer(numeric=sklearn.pipeline.Pipeline(imputer=sklearn.preprocessing.imputation.Imputer,standardscaler=sklearn.preprocessing.data.StandardScaler),nominal=sklearn.pipeline.Pipeline(simpleimputer=sklearn.impute.SimpleImputer,onehotencoder=sklearn.preprocessing._encoders.OneHotEncoder)),variancethreshold=sklearn.feature_selection.variance_threshold.VarianceThreshold,gradientboostingclassifier=sklearn.ensemble.gradient_boosting.GradientBoostingClassifier)(3)","0.5723","memory:null,jobs:null,remainder:""passthrough"",threshold:0.3,weights:null,memory:null,axis:0,copy:true,values:""NaN"",strategy:""most_frequent"",verbose:0,copy:true,mean:true,std:true,memory:null,copy:true,value:-1,values:NaN,strategy:""constant"",verbose:0,features:null,categories:null,dtype:float64""},unknown:""ignore"",values:null,sparse:true,threshold:0.0,criterion:""friedman_mse"",init:null,rate:04022862589521488,loss:""deviance"",depth:8,features:1759306612545516,nodes:null,decrease:7201070166304719,split:null,leaf:8,split:10,leaf:010319583759686557,estimators:335,change:95,presort:""auto"",state:5720,subsample:06419135862487368,tol:012310943065495726,fraction:013010756165714232,verbose:0,start:false"
"9844019","sklearn.pipeline.Pipeline(columntransformer=sklearn.compose._column_transformer.ColumnTransformer(numeric=sklearn.pipeline.Pipeline(imputer=sklearn.preprocessing.imputation.Imputer,standardscaler=sklearn.preprocessing.data.StandardScaler),nominal=sklearn.pipeline.Pipeline(simpleimputer=sklearn.impute.SimpleImputer,onehotencoder=sklearn.preprocessing._encoders.OneHotEncoder)),variancethreshold=sklearn.feature_selection.variance_threshold.VarianceThreshold,svc=sklearn.svm.classes.SVC)(1)","0.5723","axis:0,copy:true,values:""NaN"",strategy:""median"",verbose:0,copy:true,mean:true,std:true,memory:null,copy:true,value:-1,values:NaN,strategy:""constant"",verbose:0,features:null,categories:null,dtype:float64""},unknown:""ignore"",values:null,sparse:true,C:74699734307676,size:200,weight:null,coef0:0.0,shape:""ovr"",degree:3,gamma:07387449446394329,kernel:""rbf"",iter:-1,probability:false,state:30930,shrinking:false,tol:0324698585014881e-05,verbose:false,jobs:null,remainder:""passthrough"",threshold:0.3,weights:null,memory:null,threshold:0.0,memory:null"
"9160200","sklearn.pipeline.Pipeline(imputation=hyperimp.utils.preprocessing.ConditionalImputer2,hotencoding=sklearn.preprocessing.data.OneHotEncoder,scaling=sklearn.preprocessing.data.StandardScaler,variencethreshold=sklearn.feature_selection.variance_threshold.VarianceThreshold,clf=sklearn.svm.classes.SVC)(1)","0.5723","features:[],dtype:float64""},unknown:""ignore"",values:""auto"",sparse:true,threshold:0.0,copy:true,mean:false,std:true,C:8928797769593,size:200,weight:null,coef0:26919654632462686,shape:""ovr"",degree:3,gamma:1190319696971165,kernel:""rbf"",iter:-1,probability:false,state:87412,shrinking:true,tol:0001636796313735858,verbose:false,axis:0,features:[],copy:true,empty:0,values:""NaN"",strategy:""mean"",nominal:""most_frequent"",verbose:0,memory:null"
"8993114","sklearn.pipeline.Pipeline(imputation=hyperimp.utils.preprocessing.ConditionalImputer,hotencoding=sklearn.preprocessing.data.OneHotEncoder,scaling=sklearn.preprocessing.data.StandardScaler,variencethreshold=sklearn.feature_selection.variance_threshold.VarianceThreshold,clf=sklearn.svm.classes.SVC)(1)","0.5723","features:[],dtype:float64""},unknown:""ignore"",values:""auto"",sparse:true,threshold:0.0,copy:true,mean:false,std:true,C:73055609221765,size:200,weight:null,coef0:6240821245468873,shape:""ovr"",degree:3,gamma:07347912423028782,kernel:""rbf"",iter:-1,probability:false,state:1,shrinking:false,tol:003135656622618977,verbose:false,axis:0,features:[],copy:true,empty:0,values:""NaN"",strategy:""mean"",nominal:""most_frequent"",verbose:0,memory:null"
"9742047","sklearn.pipeline.Pipeline(columntransformer=sklearn.compose._column_transformer.ColumnTransformer(numeric=sklearn.pipeline.Pipeline(imputer=sklearn.preprocessing.imputation.Imputer,standardscaler=sklearn.preprocessing.data.StandardScaler),nominal=sklearn.pipeline.Pipeline(simpleimputer=sklearn.impute.SimpleImputer,onehotencoder=sklearn.preprocessing._encoders.OneHotEncoder)),variancethreshold=sklearn.feature_selection.variance_threshold.VarianceThreshold,svc=sklearn.svm.classes.SVC)(1)","0.5722","axis:0,copy:true,values:""NaN"",strategy:""most_frequent"",verbose:0,copy:true,mean:true,std:true,memory:null,copy:true,value:-1,values:NaN,strategy:""constant"",verbose:0,features:null,categories:null,dtype:float64""},unknown:""ignore"",values:null,sparse:true,C:426184919918807,size:200,weight:null,coef0:0.0,shape:""ovr"",degree:3,gamma:2871802726428845,kernel:""rbf"",iter:-1,probability:false,state:53095,shrinking:false,tol:714877162219962e-05,verbose:false,jobs:null,remainder:""passthrough"",threshold:0.3,weights:null,memory:null,threshold:0.0,memory:null"
"9151959","sklearn.pipeline.Pipeline(imputation=hyperimp.utils.preprocessing.ConditionalImputer2,hotencoding=sklearn.preprocessing.data.OneHotEncoder,scaling=sklearn.preprocessing.data.StandardScaler,variencethreshold=sklearn.feature_selection.variance_threshold.VarianceThreshold,clf=sklearn.svm.classes.SVC)(1)","0.5722","features:[],dtype:float64""},unknown:""ignore"",values:""auto"",sparse:true,threshold:0.0,copy:true,mean:false,std:true,C:5902183737501,size:200,weight:null,coef0:8691655170474231,shape:""ovr"",degree:3,gamma:26505376732584457,kernel:""rbf"",iter:-1,probability:false,state:43748,shrinking:false,tol:00018285845883643734,verbose:false,axis:0,features:[],copy:true,empty:0,values:""NaN"",strategy:""mean"",nominal:""most_frequent"",verbose:0,memory:null"
"8991485","sklearn.pipeline.Pipeline(imputation=hyperimp.utils.preprocessing.ConditionalImputer,hotencoding=sklearn.preprocessing.data.OneHotEncoder,scaling=sklearn.preprocessing.data.StandardScaler,variencethreshold=sklearn.feature_selection.variance_threshold.VarianceThreshold,clf=sklearn.svm.classes.SVC)(1)","0.5722","features:[],dtype:float64""},unknown:""ignore"",values:""auto"",sparse:true,threshold:0.0,copy:true,mean:false,std:true,C:76699384796402,size:200,weight:null,coef0:6240968291426829,shape:""ovr"",degree:3,gamma:07349260624721088,kernel:""rbf"",iter:-1,probability:false,state:1,shrinking:true,tol:00313608132693914,verbose:false,axis:0,features:[],copy:true,empty:0,values:""NaN"",strategy:""mean"",nominal:""most_frequent"",verbose:0,memory:null"
"9862808","sklearn.pipeline.Pipeline(columntransformer=sklearn.compose._column_transformer.ColumnTransformer(numeric=sklearn.pipeline.Pipeline(imputer=sklearn.preprocessing.imputation.Imputer,standardscaler=sklearn.preprocessing.data.StandardScaler),nominal=sklearn.pipeline.Pipeline(simpleimputer=sklearn.impute.SimpleImputer,onehotencoder=sklearn.preprocessing._encoders.OneHotEncoder)),variancethreshold=sklearn.feature_selection.variance_threshold.VarianceThreshold,svc=sklearn.svm.classes.SVC)(1)","0.5721","axis:0,copy:true,values:""NaN"",strategy:""median"",verbose:0,copy:true,mean:true,std:true,memory:null,copy:true,value:-1,values:NaN,strategy:""constant"",verbose:0,features:null,categories:null,dtype:float64""},unknown:""ignore"",values:null,sparse:true,C:03138777717188,size:200,weight:null,coef0:0.0,shape:""ovr"",degree:3,gamma:6275074562912409,kernel:""rbf"",iter:-1,probability:false,state:23514,shrinking:true,tol:9025162462582605e-05,verbose:false,jobs:null,remainder:""passthrough"",threshold:0.3,weights:null,memory:null,threshold:0.0,memory:null"
"9154429","sklearn.pipeline.Pipeline(imputation=hyperimp.utils.preprocessing.ConditionalImputer2,hotencoding=sklearn.preprocessing.data.OneHotEncoder,scaling=sklearn.preprocessing.data.StandardScaler,variencethreshold=sklearn.feature_selection.variance_threshold.VarianceThreshold,clf=sklearn.svm.classes.SVC)(1)","0.5721","features:[],dtype:float64""},unknown:""ignore"",values:""auto"",sparse:true,threshold:0.0,copy:true,mean:false,std:true,C:502328179918061,size:200,weight:null,coef0:3679192206432239,shape:""ovr"",degree:3,gamma:3860267905092074,kernel:""rbf"",iter:-1,probability:false,state:67643,shrinking:false,tol:01623032639107335,verbose:false,axis:0,features:[],copy:true,empty:0,values:""NaN"",strategy:""mean"",nominal:""most_frequent"",verbose:0,memory:null"
"8992863","sklearn.pipeline.Pipeline(imputation=hyperimp.utils.preprocessing.ConditionalImputer,hotencoding=sklearn.preprocessing.data.OneHotEncoder,scaling=sklearn.preprocessing.data.StandardScaler,variencethreshold=sklearn.feature_selection.variance_threshold.VarianceThreshold,clf=sklearn.svm.classes.SVC)(1)","0.5721","features:[],dtype:float64""},unknown:""ignore"",values:""auto"",sparse:true,threshold:0.0,copy:true,mean:false,std:true,C:1365990892785,size:200,weight:null,coef0:7280296915783856,shape:""ovr"",degree:3,gamma:2687868472391062,kernel:""rbf"",iter:-1,probability:false,state:1,shrinking:true,tol:008168057123036828,verbose:false,axis:0,features:[],copy:true,empty:0,values:""NaN"",strategy:""mean"",nominal:""most_frequent"",verbose:0,memory:null"
"9650521","sklearn.pipeline.Pipeline(columntransformer=sklearn.compose._column_transformer.ColumnTransformer(numeric=sklearn.pipeline.Pipeline(imputer=sklearn.preprocessing.imputation.Imputer,standardscaler=sklearn.preprocessing.data.StandardScaler),nominal=sklearn.pipeline.Pipeline(simpleimputer=sklearn.impute.SimpleImputer,onehotencoder=sklearn.preprocessing._encoders.OneHotEncoder)),variancethreshold=sklearn.feature_selection.variance_threshold.VarianceThreshold,svc=sklearn.svm.classes.SVC)(1)","0.572","axis:0,copy:true,values:""NaN"",strategy:""mean"",verbose:0,copy:true,mean:true,std:true,memory:null,copy:true,value:-1,values:NaN,strategy:""constant"",verbose:0,features:null,categories:null,dtype:float64""},unknown:""ignore"",values:null,sparse:true,C:52395381839676,size:200,weight:null,coef0:0.0,shape:""ovr"",degree:3,gamma:6128275780933621,kernel:""rbf"",iter:-1,probability:false,state:42528,shrinking:true,tol:006588156954555856,verbose:false,jobs:null,remainder:""passthrough"",threshold:0.3,weights:null,memory:null,threshold:0.0,memory:null"
"9146224","sklearn.pipeline.Pipeline(imputation=hyperimp.utils.preprocessing.ConditionalImputer2,hotencoding=sklearn.preprocessing.data.OneHotEncoder,scaling=sklearn.preprocessing.data.StandardScaler,variencethreshold=sklearn.feature_selection.variance_threshold.VarianceThreshold,clf=sklearn.svm.classes.SVC)(1)","0.5719","features:[],dtype:float64""},unknown:""ignore"",values:""auto"",sparse:true,threshold:0.0,copy:true,mean:false,std:true,C:658223929178073,size:200,weight:null,coef0:4691752138139451,shape:""ovr"",degree:3,gamma:0425909358399774,kernel:""rbf"",iter:-1,probability:false,state:29720,shrinking:false,tol:0004040049965552621,verbose:false,axis:0,features:[],copy:true,empty:0,values:""NaN"",strategy:""mean"",nominal:""most_frequent"",verbose:0,memory:null"
"9156426","sklearn.pipeline.Pipeline(imputation=hyperimp.utils.preprocessing.ConditionalImputer2,hotencoding=sklearn.preprocessing.data.OneHotEncoder,scaling=sklearn.preprocessing.data.StandardScaler,variencethreshold=sklearn.feature_selection.variance_threshold.VarianceThreshold,clf=sklearn.svm.classes.SVC)(1)","0.5718","features:[],dtype:float64""},unknown:""ignore"",values:""auto"",sparse:true,threshold:0.0,copy:true,mean:false,std:true,C:6870148353755,size:200,weight:null,coef0:4522697327983204,shape:""ovr"",degree:3,gamma:1566871083863854,kernel:""rbf"",iter:-1,probability:false,state:34697,shrinking:true,tol:005628487236983659,verbose:false,axis:0,features:[],copy:true,empty:0,values:""NaN"",strategy:""mean"",nominal:""most_frequent"",verbose:0,memory:null"
"8993769","sklearn.pipeline.Pipeline(imputation=hyperimp.utils.preprocessing.ConditionalImputer,hotencoding=sklearn.preprocessing.data.OneHotEncoder,scaling=sklearn.preprocessing.data.StandardScaler,variencethreshold=sklearn.feature_selection.variance_threshold.VarianceThreshold,clf=sklearn.svm.classes.SVC)(1)","0.5717","features:[],dtype:float64""},unknown:""ignore"",values:""auto"",sparse:true,threshold:0.0,copy:true,mean:false,std:true,C:6644713346377,size:200,weight:null,coef0:728934151668013,shape:""ovr"",degree:3,gamma:27183718631426274,kernel:""rbf"",iter:-1,probability:false,state:1,shrinking:true,tol:008236384386931583,verbose:false,axis:0,features:[],copy:true,empty:0,values:""NaN"",strategy:""mean"",nominal:""most_frequent"",verbose:0,memory:null"
"9712189","sklearn.pipeline.Pipeline(columntransformer=sklearn.compose._column_transformer.ColumnTransformer(numeric=sklearn.pipeline.Pipeline(imputer=sklearn.preprocessing.imputation.Imputer,standardscaler=sklearn.preprocessing.data.StandardScaler),nominal=sklearn.pipeline.Pipeline(simpleimputer=sklearn.impute.SimpleImputer,onehotencoder=sklearn.preprocessing._encoders.OneHotEncoder)),variancethreshold=sklearn.feature_selection.variance_threshold.VarianceThreshold,svc=sklearn.svm.classes.SVC)(1)","0.5716","axis:0,copy:true,values:""NaN"",strategy:""median"",verbose:0,copy:true,mean:true,std:true,memory:null,copy:true,value:-1,values:NaN,strategy:""constant"",verbose:0,features:null,categories:null,dtype:float64""},unknown:""ignore"",values:null,sparse:true,C:6387839658093555,size:200,weight:null,coef0:0.0,shape:""ovr"",degree:3,gamma:10649705773719782,kernel:""rbf"",iter:-1,probability:false,state:13871,shrinking:true,tol:0001675645526529537,verbose:false,jobs:null,remainder:""passthrough"",threshold:0.3,weights:null,memory:null,threshold:0.0,memory:null"
"9152921","sklearn.pipeline.Pipeline(imputation=hyperimp.utils.preprocessing.ConditionalImputer2,hotencoding=sklearn.preprocessing.data.OneHotEncoder,scaling=sklearn.preprocessing.data.StandardScaler,variencethreshold=sklearn.feature_selection.variance_threshold.VarianceThreshold,clf=sklearn.svm.classes.SVC)(1)","0.5716","features:[],dtype:float64""},unknown:""ignore"",values:""auto"",sparse:true,threshold:0.0,copy:true,mean:false,std:true,C:904211174411,size:200,weight:null,coef0:4292666186403228,shape:""ovr"",degree:3,gamma:11143689428140513,kernel:""rbf"",iter:-1,probability:false,state:19688,shrinking:true,tol:4749610907421007e-05,verbose:false,axis:0,features:[],copy:true,empty:0,values:""NaN"",strategy:""mean"",nominal:""most_frequent"",verbose:0,memory:null"
"8992084","sklearn.pipeline.Pipeline(imputation=hyperimp.utils.preprocessing.ConditionalImputer,hotencoding=sklearn.preprocessing.data.OneHotEncoder,scaling=sklearn.preprocessing.data.StandardScaler,variencethreshold=sklearn.feature_selection.variance_threshold.VarianceThreshold,clf=sklearn.svm.classes.SVC)(1)","0.5716","features:[],dtype:float64""},unknown:""ignore"",values:""auto"",sparse:true,threshold:0.0,copy:true,mean:false,std:true,C:3181873763476,size:200,weight:null,coef0:729278004741985,shape:""ovr"",degree:3,gamma:27300590952056886,kernel:""rbf"",iter:-1,probability:false,state:1,shrinking:false,tol:008262510396738768,verbose:false,axis:0,features:[],copy:true,empty:0,values:""NaN"",strategy:""mean"",nominal:""most_frequent"",verbose:0,memory:null"
"8994170","sklearn.pipeline.Pipeline(imputation=hyperimp.utils.preprocessing.ConditionalImputer,hotencoding=sklearn.preprocessing.data.OneHotEncoder,scaling=sklearn.preprocessing.data.StandardScaler,variencethreshold=sklearn.feature_selection.variance_threshold.VarianceThreshold,clf=sklearn.svm.classes.SVC)(1)","0.5716","features:[],dtype:float64""},unknown:""ignore"",values:""auto"",sparse:true,threshold:0.0,copy:true,mean:false,std:true,C:0309739957506,size:200,weight:null,coef0:7292510342241425,shape:""ovr"",degree:3,gamma:27291405802526203,kernel:""rbf"",iter:-1,probability:false,state:1,shrinking:false,tol:008260458180857098,verbose:false,axis:0,features:[],copy:true,empty:0,values:""NaN"",strategy:""mean"",nominal:""most_frequent"",verbose:0,memory:null"
"9156740","sklearn.pipeline.Pipeline(imputation=hyperimp.utils.preprocessing.ConditionalImputer2,hotencoding=sklearn.preprocessing.data.OneHotEncoder,scaling=sklearn.preprocessing.data.StandardScaler,variencethreshold=sklearn.feature_selection.variance_threshold.VarianceThreshold,clf=sklearn.svm.classes.SVC)(1)","0.5714","features:[],dtype:float64""},unknown:""ignore"",values:""auto"",sparse:true,threshold:0.0,copy:true,mean:false,std:true,C:5480241645565,size:200,weight:null,coef0:857818389709113,shape:""ovr"",degree:3,gamma:09253281514004588,kernel:""rbf"",iter:-1,probability:false,state:8906,shrinking:false,tol:0037073398162757827,verbose:false,axis:0,features:[],copy:true,empty:0,values:""NaN"",strategy:""mean"",nominal:""most_frequent"",verbose:0,memory:null"
"8994431","sklearn.pipeline.Pipeline(imputation=hyperimp.utils.preprocessing.ConditionalImputer,hotencoding=sklearn.preprocessing.data.OneHotEncoder,scaling=sklearn.preprocessing.data.StandardScaler,variencethreshold=sklearn.feature_selection.variance_threshold.VarianceThreshold,clf=sklearn.svm.classes.SVC)(1)","0.5714","features:[],dtype:float64""},unknown:""ignore"",values:""auto"",sparse:true,threshold:0.0,copy:true,mean:false,std:true,C:36669918176491,size:200,weight:null,coef0:6214668633011792,shape:""ovr"",degree:3,gamma:07112021715336901,kernel:""rbf"",iter:-1,probability:false,state:1,shrinking:false,tol:0030610290642010133,verbose:false,axis:0,features:[],copy:true,empty:0,values:""NaN"",strategy:""mean"",nominal:""most_frequent"",verbose:0,memory:null"
"9654449","sklearn.pipeline.Pipeline(columntransformer=sklearn.compose._column_transformer.ColumnTransformer(numeric=sklearn.pipeline.Pipeline(imputer=sklearn.preprocessing.imputation.Imputer,standardscaler=sklearn.preprocessing.data.StandardScaler),nominal=sklearn.pipeline.Pipeline(simpleimputer=sklearn.impute.SimpleImputer,onehotencoder=sklearn.preprocessing._encoders.OneHotEncoder)),variancethreshold=sklearn.feature_selection.variance_threshold.VarianceThreshold,svc=sklearn.svm.classes.SVC)(1)","0.5712","axis:0,copy:true,values:""NaN"",strategy:""most_frequent"",verbose:0,copy:true,mean:true,std:true,memory:null,copy:true,value:-1,values:NaN,strategy:""constant"",verbose:0,features:null,categories:null,dtype:float64""},unknown:""ignore"",values:null,sparse:true,C:9767648926105,size:200,weight:null,coef0:0.0,shape:""ovr"",degree:3,gamma:3435848468169717,kernel:""rbf"",iter:-1,probability:false,state:11973,shrinking:true,tol:0788817091327857e-05,verbose:false,jobs:null,remainder:""passthrough"",threshold:0.3,weights:null,memory:null,threshold:0.0,memory:null"
"9147895","sklearn.pipeline.Pipeline(imputation=hyperimp.utils.preprocessing.ConditionalImputer2,hotencoding=sklearn.preprocessing.data.OneHotEncoder,scaling=sklearn.preprocessing.data.StandardScaler,variencethreshold=sklearn.feature_selection.variance_threshold.VarianceThreshold,clf=sklearn.svm.classes.SVC)(1)","0.5712","features:[],dtype:float64""},unknown:""ignore"",values:""auto"",sparse:true,threshold:0.0,copy:true,mean:false,std:true,C:027679962636163,size:200,weight:null,coef0:031002218751789767,shape:""ovr"",degree:3,gamma:223140294009011,kernel:""rbf"",iter:-1,probability:false,state:55113,shrinking:false,tol:01243979288346532,verbose:false,axis:0,features:[],copy:true,empty:0,values:""NaN"",strategy:""mean"",nominal:""most_frequent"",verbose:0,memory:null"
"8992616","sklearn.pipeline.Pipeline(imputation=hyperimp.utils.preprocessing.ConditionalImputer,hotencoding=sklearn.preprocessing.data.OneHotEncoder,scaling=sklearn.preprocessing.data.StandardScaler,variencethreshold=sklearn.feature_selection.variance_threshold.VarianceThreshold,clf=sklearn.svm.classes.SVC)(1)","0.5711","features:[],dtype:float64""},unknown:""ignore"",values:""auto"",sparse:true,threshold:0.0,copy:true,mean:false,std:true,C:9807785067397,size:200,weight:null,coef0:7388200706041693,shape:""ovr"",degree:3,gamma:30752194496186175,kernel:""rbf"",iter:-1,probability:false,state:1,shrinking:true,tol:009021531760765998,verbose:false,axis:0,features:[],copy:true,empty:0,values:""NaN"",strategy:""mean"",nominal:""most_frequent"",verbose:0,memory:null"
"8993915","sklearn.pipeline.Pipeline(imputation=hyperimp.utils.preprocessing.ConditionalImputer,hotencoding=sklearn.preprocessing.data.OneHotEncoder,scaling=sklearn.preprocessing.data.StandardScaler,variencethreshold=sklearn.feature_selection.variance_threshold.VarianceThreshold,clf=sklearn.svm.classes.SVC)(1)","0.571","features:[],dtype:float64""},unknown:""ignore"",values:""auto"",sparse:true,threshold:0.0,copy:true,mean:false,std:true,C:34970460634364,size:200,weight:null,coef0:6227045595003592,shape:""ovr"",degree:3,gamma:0722270006271001,kernel:""rbf"",iter:-1,probability:false,state:1,shrinking:false,tol:00309612323088169,verbose:false,axis:0,features:[],copy:true,empty:0,values:""NaN"",strategy:""mean"",nominal:""most_frequent"",verbose:0,memory:null"
"9141663","sklearn.pipeline.Pipeline(imputation=hyperimp.utils.preprocessing.ConditionalImputer2,hotencoding=sklearn.preprocessing.data.OneHotEncoder,scaling=sklearn.preprocessing.data.StandardScaler,variencethreshold=sklearn.feature_selection.variance_threshold.VarianceThreshold,clf=sklearn.svm.classes.SVC)(1)","0.5708","features:[],dtype:float64""},unknown:""ignore"",values:""auto"",sparse:true,threshold:0.0,copy:true,mean:false,std:true,C:62008880784928,size:200,weight:null,coef0:4003365757727162,shape:""ovr"",degree:3,gamma:036090165128882926,kernel:""rbf"",iter:-1,probability:false,state:72159,shrinking:false,tol:00026438878478192494,verbose:false,axis:0,features:[],copy:true,empty:0,values:""NaN"",strategy:""mean"",nominal:""most_frequent"",verbose:0,memory:null"
"8809694","sklearn.pipeline.Pipeline(imputation=openmlstudy14.preprocessing.ConditionalImputer,hotencoding=sklearn.preprocessing.data.OneHotEncoder,scaling=sklearn.preprocessing.data.StandardScaler,variencethreshold=sklearn.feature_selection.variance_threshold.VarianceThreshold,classifier=sklearn.svm.classes.SVC)(1)","0.5708","axis:0,features:[],copy:true,empty:0,values:""NaN"",strategy:""median"",nominal:""most_frequent"",verbose:0,features:[],dtype:float64""},unknown:""ignore"",values:""auto"",sparse:true,threshold:0.0,copy:true,mean:false,std:true,C:7773316799390018,size:200,weight:null,coef0:5945321322258184,shape:null,degree:3,gamma:49536435326514167,kernel:""rbf"",iter:-1,probability:true,state:50440,shrinking:true,tol:0006271816826215485,verbose:false"
"8994101","sklearn.pipeline.Pipeline(imputation=hyperimp.utils.preprocessing.ConditionalImputer,hotencoding=sklearn.preprocessing.data.OneHotEncoder,scaling=sklearn.preprocessing.data.StandardScaler,variencethreshold=sklearn.feature_selection.variance_threshold.VarianceThreshold,clf=sklearn.svm.classes.SVC)(1)","0.5708","features:[],dtype:float64""},unknown:""ignore"",values:""auto"",sparse:true,threshold:0.0,copy:true,mean:false,std:true,C:6558493346297,size:200,weight:null,coef0:7349053532363561,shape:""ovr"",degree:3,gamma:29286269894907146,kernel:""rbf"",iter:-1,probability:false,state:1,shrinking:false,tol:00870204676648062,verbose:false,axis:0,features:[],copy:true,empty:0,values:""NaN"",strategy:""mean"",nominal:""most_frequent"",verbose:0,memory:null"
"9152350","sklearn.pipeline.Pipeline(imputation=hyperimp.utils.preprocessing.ConditionalImputer2,hotencoding=sklearn.preprocessing.data.OneHotEncoder,scaling=sklearn.preprocessing.data.StandardScaler,variencethreshold=sklearn.feature_selection.variance_threshold.VarianceThreshold,clf=sklearn.svm.classes.SVC)(1)","0.5707","features:[],dtype:float64""},unknown:""ignore"",values:""auto"",sparse:true,threshold:0.0,copy:true,mean:false,std:true,C:8414271255712,size:200,weight:null,coef0:8385425102159307,shape:""ovr"",degree:3,gamma:24984799224220888,kernel:""rbf"",iter:-1,probability:false,state:64362,shrinking:true,tol:0019060139433879322,verbose:false,axis:0,features:[],copy:true,empty:0,values:""NaN"",strategy:""mean"",nominal:""most_frequent"",verbose:0,memory:null"
"9148976","sklearn.pipeline.Pipeline(imputation=hyperimp.utils.preprocessing.ConditionalImputer2,hotencoding=sklearn.preprocessing.data.OneHotEncoder,scaling=sklearn.preprocessing.data.StandardScaler,variencethreshold=sklearn.feature_selection.variance_threshold.VarianceThreshold,clf=sklearn.svm.classes.SVC)(1)","0.5707","features:[],dtype:float64""},unknown:""ignore"",values:""auto"",sparse:true,threshold:0.0,copy:true,mean:false,std:true,C:9375366266904,size:200,weight:null,coef0:27491416316210404,shape:""ovr"",degree:3,gamma:3399690785685578,kernel:""rbf"",iter:-1,probability:false,state:89336,shrinking:false,tol:03871831610125795,verbose:false,axis:0,features:[],copy:true,empty:0,values:""NaN"",strategy:""mean"",nominal:""most_frequent"",verbose:0,memory:null"
"9153284","sklearn.pipeline.Pipeline(imputation=hyperimp.utils.preprocessing.ConditionalImputer2,hotencoding=sklearn.preprocessing.data.OneHotEncoder,scaling=sklearn.preprocessing.data.StandardScaler,variencethreshold=sklearn.feature_selection.variance_threshold.VarianceThreshold,clf=sklearn.svm.classes.SVC)(1)","0.5707","features:[],dtype:float64""},unknown:""ignore"",values:""auto"",sparse:true,threshold:0.0,copy:true,mean:false,std:true,C:3836125172473,size:200,weight:null,coef0:3809813327002318,shape:""ovr"",degree:3,gamma:3096078844994089,kernel:""rbf"",iter:-1,probability:false,state:10593,shrinking:true,tol:997612016893215e-05,verbose:false,axis:0,features:[],copy:true,empty:0,values:""NaN"",strategy:""mean"",nominal:""most_frequent"",verbose:0,memory:null"
"8992435","sklearn.pipeline.Pipeline(imputation=hyperimp.utils.preprocessing.ConditionalImputer,hotencoding=sklearn.preprocessing.data.OneHotEncoder,scaling=sklearn.preprocessing.data.StandardScaler,variencethreshold=sklearn.feature_selection.variance_threshold.VarianceThreshold,clf=sklearn.svm.classes.SVC)(1)","0.5707","features:[],dtype:float64""},unknown:""ignore"",values:""auto"",sparse:true,threshold:0.0,copy:true,mean:false,std:true,C:25505561873524,size:200,weight:null,coef0:6210001384131004,shape:""ovr"",degree:3,gamma:0707072760344001,kernel:""rbf"",iter:-1,probability:false,state:1,shrinking:false,tol:0030478988751838146,verbose:false,axis:0,features:[],copy:true,empty:0,values:""NaN"",strategy:""mean"",nominal:""most_frequent"",verbose:0,memory:null"
"8992632","sklearn.pipeline.Pipeline(imputation=hyperimp.utils.preprocessing.ConditionalImputer,hotencoding=sklearn.preprocessing.data.OneHotEncoder,scaling=sklearn.preprocessing.data.StandardScaler,variencethreshold=sklearn.feature_selection.variance_threshold.VarianceThreshold,clf=sklearn.svm.classes.SVC)(1)","0.5707","features:[],dtype:float64""},unknown:""ignore"",values:""auto"",sparse:true,threshold:0.0,copy:true,mean:false,std:true,C:79894123697207,size:200,weight:null,coef0:6103746062249013,shape:""ovr"",degree:3,gamma:06192831110870631,kernel:""rbf"",iter:-1,probability:false,state:1,shrinking:true,tol:002763747895583888,verbose:false,axis:0,features:[],copy:true,empty:0,values:""NaN"",strategy:""mean"",nominal:""most_frequent"",verbose:0,memory:null"
"8994152","sklearn.pipeline.Pipeline(imputation=hyperimp.utils.preprocessing.ConditionalImputer,hotencoding=sklearn.preprocessing.data.OneHotEncoder,scaling=sklearn.preprocessing.data.StandardScaler,variencethreshold=sklearn.feature_selection.variance_threshold.VarianceThreshold,clf=sklearn.svm.classes.SVC)(1)","0.5707","features:[],dtype:float64""},unknown:""ignore"",values:""auto"",sparse:true,threshold:0.0,copy:true,mean:false,std:true,C:18892760505835,size:200,weight:null,coef0:6166304417695281,shape:""ovr"",degree:3,gamma:06695557297087532,kernel:""rbf"",iter:-1,probability:false,state:1,shrinking:true,tol:0029276676040015494,verbose:false,axis:0,features:[],copy:true,empty:0,values:""NaN"",strategy:""mean"",nominal:""most_frequent"",verbose:0,memory:null"
"9683387","sklearn.pipeline.Pipeline(columntransformer=sklearn.compose._column_transformer.ColumnTransformer(numeric=sklearn.pipeline.Pipeline(imputer=sklearn.preprocessing.imputation.Imputer,standardscaler=sklearn.preprocessing.data.StandardScaler),nominal=sklearn.pipeline.Pipeline(simpleimputer=sklearn.impute.SimpleImputer,onehotencoder=sklearn.preprocessing._encoders.OneHotEncoder)),variancethreshold=sklearn.feature_selection.variance_threshold.VarianceThreshold,svc=sklearn.svm.classes.SVC)(1)","0.5704","axis:0,copy:true,values:""NaN"",strategy:""median"",verbose:0,copy:true,mean:true,std:true,memory:null,copy:true,value:-1,values:NaN,strategy:""constant"",verbose:0,features:null,categories:null,dtype:float64""},unknown:""ignore"",values:null,sparse:true,C:595044939087,size:200,weight:null,coef0:0.0,shape:""ovr"",degree:3,gamma:2034938966317038,kernel:""rbf"",iter:-1,probability:false,state:16299,shrinking:true,tol:0002694155067249417,verbose:false,jobs:null,remainder:""passthrough"",threshold:0.3,weights:null,memory:null,threshold:0.0,memory:null"
"9685033","sklearn.pipeline.Pipeline(columntransformer=sklearn.compose._column_transformer.ColumnTransformer(numeric=sklearn.pipeline.Pipeline(imputer=sklearn.preprocessing.imputation.Imputer,standardscaler=sklearn.preprocessing.data.StandardScaler),nominal=sklearn.pipeline.Pipeline(simpleimputer=sklearn.impute.SimpleImputer,onehotencoder=sklearn.preprocessing._encoders.OneHotEncoder)),variancethreshold=sklearn.feature_selection.variance_threshold.VarianceThreshold,svc=sklearn.svm.classes.SVC)(1)","0.5699","axis:0,copy:true,values:""NaN"",strategy:""median"",verbose:0,copy:true,mean:true,std:true,memory:null,copy:true,value:-1,values:NaN,strategy:""constant"",verbose:0,features:null,categories:null,dtype:float64""},unknown:""ignore"",values:null,sparse:true,C:806930945562655,size:200,weight:null,coef0:0.0,shape:""ovr"",degree:3,gamma:04104851219117052,kernel:""rbf"",iter:-1,probability:false,state:4008,shrinking:true,tol:0046668444122315075,verbose:false,jobs:null,remainder:""passthrough"",threshold:0.3,weights:null,memory:null,threshold:0.0,memory:null"
"9156666","sklearn.pipeline.Pipeline(imputation=hyperimp.utils.preprocessing.ConditionalImputer2,hotencoding=sklearn.preprocessing.data.OneHotEncoder,scaling=sklearn.preprocessing.data.StandardScaler,variencethreshold=sklearn.feature_selection.variance_threshold.VarianceThreshold,clf=sklearn.svm.classes.SVC)(1)","0.5699","features:[],dtype:float64""},unknown:""ignore"",values:""auto"",sparse:true,threshold:0.0,copy:true,mean:false,std:true,C:3535548912332,size:200,weight:null,coef0:5668349360701481,shape:""ovr"",degree:3,gamma:06289148202413705,kernel:""rbf"",iter:-1,probability:false,state:49387,shrinking:true,tol:0737733722675787,verbose:false,axis:0,features:[],copy:true,empty:0,values:""NaN"",strategy:""mean"",nominal:""most_frequent"",verbose:0,memory:null"
"9154048","sklearn.pipeline.Pipeline(imputation=hyperimp.utils.preprocessing.ConditionalImputer2,hotencoding=sklearn.preprocessing.data.OneHotEncoder,scaling=sklearn.preprocessing.data.StandardScaler,variencethreshold=sklearn.feature_selection.variance_threshold.VarianceThreshold,clf=sklearn.svm.classes.SVC)(1)","0.5698","features:[],dtype:float64""},unknown:""ignore"",values:""auto"",sparse:true,threshold:0.0,copy:true,mean:false,std:true,C:34844196469857,size:200,weight:null,coef0:44040366350688365,shape:""ovr"",degree:3,gamma:5387355592772752,kernel:""rbf"",iter:-1,probability:false,state:28026,shrinking:true,tol:0002631882419380452,verbose:false,axis:0,features:[],copy:true,empty:0,values:""NaN"",strategy:""mean"",nominal:""most_frequent"",verbose:0,memory:null"
"9703497","sklearn.pipeline.Pipeline(columntransformer=sklearn.compose._column_transformer.ColumnTransformer(numeric=sklearn.pipeline.Pipeline(imputer=sklearn.preprocessing.imputation.Imputer,standardscaler=sklearn.preprocessing.data.StandardScaler),nominal=sklearn.pipeline.Pipeline(simpleimputer=sklearn.impute.SimpleImputer,onehotencoder=sklearn.preprocessing._encoders.OneHotEncoder)),variancethreshold=sklearn.feature_selection.variance_threshold.VarianceThreshold,svc=sklearn.svm.classes.SVC)(1)","0.5696","axis:0,copy:true,values:""NaN"",strategy:""most_frequent"",verbose:0,copy:true,mean:true,std:true,memory:null,copy:true,value:-1,values:NaN,strategy:""constant"",verbose:0,features:null,categories:null,dtype:float64""},unknown:""ignore"",values:null,sparse:true,C:6156993847532113,size:200,weight:null,coef0:0.0,shape:""ovr"",degree:3,gamma:5423255743377359,kernel:""rbf"",iter:-1,probability:false,state:13024,shrinking:true,tol:0033783791957816534,verbose:false,jobs:null,remainder:""passthrough"",threshold:0.3,weights:null,memory:null,threshold:0.0,memory:null"
"9728210","sklearn.pipeline.Pipeline(columntransformer=sklearn.compose._column_transformer.ColumnTransformer(numeric=sklearn.pipeline.Pipeline(imputer=sklearn.preprocessing.imputation.Imputer,standardscaler=sklearn.preprocessing.data.StandardScaler),nominal=sklearn.pipeline.Pipeline(simpleimputer=sklearn.impute.SimpleImputer,onehotencoder=sklearn.preprocessing._encoders.OneHotEncoder)),variancethreshold=sklearn.feature_selection.variance_threshold.VarianceThreshold,svc=sklearn.svm.classes.SVC)(1)","0.5695","axis:0,copy:true,values:""NaN"",strategy:""mean"",verbose:0,copy:true,mean:true,std:true,memory:null,copy:true,value:-1,values:NaN,strategy:""constant"",verbose:0,features:null,categories:null,dtype:float64""},unknown:""ignore"",values:null,sparse:true,C:522262545726,size:200,weight:null,coef0:0.0,shape:""ovr"",degree:3,gamma:2430991452538719,kernel:""rbf"",iter:-1,probability:false,state:53701,shrinking:false,tol:0017414753090656315,verbose:false,jobs:null,remainder:""passthrough"",threshold:0.3,weights:null,memory:null,threshold:0.0,memory:null"
"9147251","sklearn.pipeline.Pipeline(imputation=hyperimp.utils.preprocessing.ConditionalImputer2,hotencoding=sklearn.preprocessing.data.OneHotEncoder,scaling=sklearn.preprocessing.data.StandardScaler,variencethreshold=sklearn.feature_selection.variance_threshold.VarianceThreshold,clf=sklearn.svm.classes.SVC)(1)","0.5695","features:[],dtype:float64""},unknown:""ignore"",values:""auto"",sparse:true,threshold:0.0,copy:true,mean:false,std:true,C:7466405008751105,size:200,weight:null,coef0:746741920420065,shape:""ovr"",degree:3,gamma:5886778184186446,kernel:""rbf"",iter:-1,probability:false,state:28177,shrinking:true,tol:016119438715123863,verbose:false,axis:0,features:[],copy:true,empty:0,values:""NaN"",strategy:""mean"",nominal:""most_frequent"",verbose:0,memory:null"
"9144260","sklearn.pipeline.Pipeline(imputation=hyperimp.utils.preprocessing.ConditionalImputer2,hotencoding=sklearn.preprocessing.data.OneHotEncoder,scaling=sklearn.preprocessing.data.StandardScaler,variencethreshold=sklearn.feature_selection.variance_threshold.VarianceThreshold,clf=sklearn.svm.classes.SVC)(1)","0.5695","features:[],dtype:float64""},unknown:""ignore"",values:""auto"",sparse:true,threshold:0.0,copy:true,mean:false,std:true,C:607326663608272,size:200,weight:null,coef0:2179566145957368,shape:""ovr"",degree:3,gamma:5590744630704745,kernel:""rbf"",iter:-1,probability:false,state:58253,shrinking:false,tol:00771567499261615,verbose:false,axis:0,features:[],copy:true,empty:0,values:""NaN"",strategy:""mean"",nominal:""most_frequent"",verbose:0,memory:null"
"8836113","sklearn.pipeline.Pipeline(imputation=openmlstudy14.preprocessing.ConditionalImputer,hotencoding=sklearn.preprocessing.data.OneHotEncoder,scaling=sklearn.preprocessing.data.StandardScaler,variencethreshold=sklearn.feature_selection.variance_threshold.VarianceThreshold,classifier=sklearn.svm.classes.SVC)(1)","0.5695","axis:0,features:[],copy:true,empty:0,values:""NaN"",strategy:""most_frequent"",nominal:""most_frequent"",verbose:0,features:[],dtype:float64""},unknown:""ignore"",values:""auto"",sparse:true,threshold:0.0,copy:true,mean:false,std:true,C:2937467470741812,size:200,weight:null,coef0:5168827438899397,shape:null,degree:3,gamma:4604813873868545,kernel:""rbf"",iter:-1,probability:true,state:3547,shrinking:false,tol:0006389013005661457,verbose:false"
"9688466","sklearn.pipeline.Pipeline(columntransformer=sklearn.compose._column_transformer.ColumnTransformer(numeric=sklearn.pipeline.Pipeline(imputer=sklearn.preprocessing.imputation.Imputer,standardscaler=sklearn.preprocessing.data.StandardScaler),nominal=sklearn.pipeline.Pipeline(simpleimputer=sklearn.impute.SimpleImputer,onehotencoder=sklearn.preprocessing._encoders.OneHotEncoder)),variancethreshold=sklearn.feature_selection.variance_threshold.VarianceThreshold,svc=sklearn.svm.classes.SVC)(1)","0.5694","axis:0,copy:true,values:""NaN"",strategy:""mean"",verbose:0,copy:true,mean:true,std:true,memory:null,copy:true,value:-1,values:NaN,strategy:""constant"",verbose:0,features:null,categories:null,dtype:float64""},unknown:""ignore"",values:null,sparse:true,C:245837486362,size:200,weight:null,coef0:0.0,shape:""ovr"",degree:3,gamma:18870652810670854,kernel:""rbf"",iter:-1,probability:false,state:59354,shrinking:false,tol:0011102965152963201,verbose:false,jobs:null,remainder:""passthrough"",threshold:0.3,weights:null,memory:null,threshold:0.0,memory:null"
"9154310","sklearn.pipeline.Pipeline(imputation=hyperimp.utils.preprocessing.ConditionalImputer2,hotencoding=sklearn.preprocessing.data.OneHotEncoder,scaling=sklearn.preprocessing.data.StandardScaler,variencethreshold=sklearn.feature_selection.variance_threshold.VarianceThreshold,clf=sklearn.svm.classes.SVC)(1)","0.5694","features:[],dtype:float64""},unknown:""ignore"",values:""auto"",sparse:true,threshold:0.0,copy:true,mean:false,std:true,C:0703293503026,size:200,weight:null,coef0:40085206528111195,shape:""ovr"",degree:3,gamma:06517424762713363,kernel:""rbf"",iter:-1,probability:false,state:73334,shrinking:false,tol:945634222959226e-05,verbose:false,axis:0,features:[],copy:true,empty:0,values:""NaN"",strategy:""mean"",nominal:""most_frequent"",verbose:0,memory:null"
"9149863","sklearn.pipeline.Pipeline(imputation=hyperimp.utils.preprocessing.ConditionalImputer2,hotencoding=sklearn.preprocessing.data.OneHotEncoder,scaling=sklearn.preprocessing.data.StandardScaler,variencethreshold=sklearn.feature_selection.variance_threshold.VarianceThreshold,clf=sklearn.svm.classes.SVC)(1)","0.5694","features:[],dtype:float64""},unknown:""ignore"",values:""auto"",sparse:true,threshold:0.0,copy:true,mean:false,std:true,C:71098449314258,size:200,weight:null,coef0:6129072280775821,shape:""ovr"",degree:3,gamma:04889350425207174,kernel:""rbf"",iter:-1,probability:false,state:27879,shrinking:true,tol:3113882764199816e-05,verbose:false,axis:0,features:[],copy:true,empty:0,values:""NaN"",strategy:""mean"",nominal:""most_frequent"",verbose:0,memory:null"
"9161321","sklearn.pipeline.Pipeline(imputation=hyperimp.utils.preprocessing.ConditionalImputer2,hotencoding=sklearn.preprocessing.data.OneHotEncoder,scaling=sklearn.preprocessing.data.StandardScaler,variencethreshold=sklearn.feature_selection.variance_threshold.VarianceThreshold,clf=sklearn.svm.classes.SVC)(1)","0.5694","features:[],dtype:float64""},unknown:""ignore"",values:""auto"",sparse:true,threshold:0.0,copy:true,mean:false,std:true,C:3250496970024,size:200,weight:null,coef0:5556410024670151,shape:""ovr"",degree:3,gamma:5210484470982264,kernel:""rbf"",iter:-1,probability:false,state:85396,shrinking:false,tol:0074980425780539215,verbose:false,axis:0,features:[],copy:true,empty:0,values:""NaN"",strategy:""mean"",nominal:""most_frequent"",verbose:0,memory:null"
"8851633","sklearn.pipeline.Pipeline(imputation=openmlstudy14.preprocessing.ConditionalImputer,hotencoding=sklearn.preprocessing.data.OneHotEncoder,scaling=sklearn.preprocessing.data.StandardScaler,variencethreshold=sklearn.feature_selection.variance_threshold.VarianceThreshold,classifier=sklearn.svm.classes.SVC)(1)","0.5694","axis:0,features:[],copy:true,empty:0,values:""NaN"",strategy:""median"",nominal:""most_frequent"",verbose:0,features:[],dtype:float64""},unknown:""ignore"",values:""auto"",sparse:true,threshold:0.0,copy:true,mean:false,std:true,C:4355373715296793,size:200,weight:null,coef0:4311969435520904,shape:null,degree:2,gamma:15801409237362932,kernel:""rbf"",iter:-1,probability:true,state:21278,shrinking:false,tol:028073306237921182,verbose:false"
"9154167","sklearn.pipeline.Pipeline(imputation=hyperimp.utils.preprocessing.ConditionalImputer2,hotencoding=sklearn.preprocessing.data.OneHotEncoder,scaling=sklearn.preprocessing.data.StandardScaler,variencethreshold=sklearn.feature_selection.variance_threshold.VarianceThreshold,clf=sklearn.svm.classes.SVC)(1)","0.5691","features:[],dtype:float64""},unknown:""ignore"",values:""auto"",sparse:true,threshold:0.0,copy:true,mean:false,std:true,C:977160357038493,size:200,weight:null,coef0:5739486445453384,shape:""ovr"",degree:3,gamma:31543980045440734,kernel:""rbf"",iter:-1,probability:false,state:87699,shrinking:true,tol:00013646859009355702,verbose:false,axis:0,features:[],copy:true,empty:0,values:""NaN"",strategy:""mean"",nominal:""most_frequent"",verbose:0,memory:null"
"9147620","sklearn.pipeline.Pipeline(imputation=hyperimp.utils.preprocessing.ConditionalImputer2,hotencoding=sklearn.preprocessing.data.OneHotEncoder,scaling=sklearn.preprocessing.data.StandardScaler,variencethreshold=sklearn.feature_selection.variance_threshold.VarianceThreshold,clf=sklearn.svm.classes.SVC)(1)","0.5691","features:[],dtype:float64""},unknown:""ignore"",values:""auto"",sparse:true,threshold:0.0,copy:true,mean:false,std:true,C:3018613315947314,size:200,weight:null,coef0:5754138372048391,shape:""ovr"",degree:3,gamma:5438054446923971,kernel:""rbf"",iter:-1,probability:false,state:61098,shrinking:false,tol:006133152422176135,verbose:false,axis:0,features:[],copy:true,empty:0,values:""NaN"",strategy:""mean"",nominal:""most_frequent"",verbose:0,memory:null"
"9940180","sklearn.pipeline.Pipeline(columntransformer=sklearn.compose._column_transformer.ColumnTransformer(numeric=sklearn.pipeline.Pipeline(imputer=sklearn.preprocessing.imputation.Imputer,standardscaler=sklearn.preprocessing.data.StandardScaler),nominal=sklearn.pipeline.Pipeline(simpleimputer=sklearn.impute.SimpleImputer,onehotencoder=sklearn.preprocessing._encoders.OneHotEncoder)),variancethreshold=sklearn.feature_selection.variance_threshold.VarianceThreshold,gradientboostingclassifier=sklearn.ensemble.gradient_boosting.GradientBoostingClassifier)(3)","0.569","memory:null,jobs:null,remainder:""passthrough"",threshold:0.3,weights:null,memory:null,axis:0,copy:true,values:""NaN"",strategy:""median"",verbose:0,copy:true,mean:true,std:true,memory:null,copy:true,value:-1,values:NaN,strategy:""constant"",verbose:0,features:null,categories:null,dtype:float64""},unknown:""ignore"",values:null,sparse:true,threshold:0.0,criterion:""friedman_mse"",init:null,rate:8525720404622501,loss:""deviance"",depth:4,features:5729353243764861,nodes:null,decrease:025078763885040156,split:null,leaf:18,split:16,leaf:08449992826388752,estimators:213,change:850,presort:""auto"",state:22879,subsample:5119802635180032,tol:0006786433541399249,fraction:034229444837765466,verbose:0,start:false"
"9193947","sklearn.model_selection._search.RandomizedSearchCV(estimator=sklearn.pipeline.Pipeline(imputation=hyperimp.utils.preprocessing.ConditionalImputer,hotencoding=sklearn.preprocessing.data.OneHotEncoder,scaling=sklearn.preprocessing.data.StandardScaler,variencethreshold=sklearn.feature_selection.variance_threshold.VarianceThreshold,clf=sklearn.svm.classes.SVC))(1)","0.5689","features:[],dtype:float64""},unknown:""ignore"",values:""auto"",sparse:true,threshold:0.0,copy:true,mean:false,std:true,C:1.0,size:200,weight:null,coef0:0.0,shape:""ovr"",degree:3,gamma:""auto"",kernel:""rbf"",iter:-1,probability:false,state:29165,shrinking:true,tol:0.001,verbose:false,axis:0,features:[],copy:true,empty:0,values:""NaN"",strategy:""mean"",nominal:""most_frequent"",verbose:0,memory:null,cv:5,score:""raise"",params:null,iid:true,iter:100,jobs:-1,distributions:1}}}},dispatch:""2*n_jobs"",state:85956,refit:true,score:""warn"",scoring:null,verbose:1"
"9153060","sklearn.pipeline.Pipeline(imputation=hyperimp.utils.preprocessing.ConditionalImputer2,hotencoding=sklearn.preprocessing.data.OneHotEncoder,scaling=sklearn.preprocessing.data.StandardScaler,variencethreshold=sklearn.feature_selection.variance_threshold.VarianceThreshold,clf=sklearn.svm.classes.SVC)(1)","0.5689","features:[],dtype:float64""},unknown:""ignore"",values:""auto"",sparse:true,threshold:0.0,copy:true,mean:false,std:true,C:3651740577104,size:200,weight:null,coef0:23293666827119708,shape:""ovr"",degree:3,gamma:3259882226740094,kernel:""rbf"",iter:-1,probability:false,state:77095,shrinking:true,tol:006950970006170652,verbose:false,axis:0,features:[],copy:true,empty:0,values:""NaN"",strategy:""mean"",nominal:""most_frequent"",verbose:0,memory:null"
"9866342","sklearn.pipeline.Pipeline(columntransformer=sklearn.compose._column_transformer.ColumnTransformer(numeric=sklearn.pipeline.Pipeline(imputer=sklearn.preprocessing.imputation.Imputer,standardscaler=sklearn.preprocessing.data.StandardScaler),nominal=sklearn.pipeline.Pipeline(simpleimputer=sklearn.impute.SimpleImputer,onehotencoder=sklearn.preprocessing._encoders.OneHotEncoder)),variancethreshold=sklearn.feature_selection.variance_threshold.VarianceThreshold,gradientboostingclassifier=sklearn.ensemble.gradient_boosting.GradientBoostingClassifier)(1)","0.5688","memory:null,jobs:null,remainder:""passthrough"",threshold:0.3,weights:null,memory:null,axis:0,copy:true,values:""NaN"",strategy:""mean"",verbose:0,copy:true,mean:true,std:true,memory:null,copy:true,value:-1,values:NaN,strategy:""constant"",verbose:0,features:null,categories:null,dtype:float64""},unknown:""ignore"",values:null,sparse:true,threshold:0.0,criterion:""friedman_mse"",init:null,rate:16346111529748417,loss:""deviance"",depth:4,features:39159595826986493,nodes:null,decrease:717196502074873,split:null,leaf:7,split:5,leaf:1390332508701781,estimators:466,change:891,presort:""auto"",state:6091,subsample:40512265621442856,tol:2079942157451666e-05,fraction:020653873424344993,verbose:0,start:false"
"9902766","sklearn.pipeline.Pipeline(columntransformer=sklearn.compose._column_transformer.ColumnTransformer(numeric=sklearn.pipeline.Pipeline(imputer=sklearn.preprocessing.imputation.Imputer,standardscaler=sklearn.preprocessing.data.StandardScaler),nominal=sklearn.pipeline.Pipeline(simpleimputer=sklearn.impute.SimpleImputer,onehotencoder=sklearn.preprocessing._encoders.OneHotEncoder)),variancethreshold=sklearn.feature_selection.variance_threshold.VarianceThreshold,gradientboostingclassifier=sklearn.ensemble.gradient_boosting.GradientBoostingClassifier)(1)","0.5688","memory:null,jobs:null,remainder:""passthrough"",threshold:0.3,weights:null,memory:null,axis:0,copy:true,values:""NaN"",strategy:""median"",verbose:0,copy:true,mean:true,std:true,memory:null,copy:true,value:-1,values:NaN,strategy:""constant"",verbose:0,features:null,categories:null,dtype:float64""},unknown:""ignore"",values:null,sparse:true,threshold:0.0,criterion:""friedman_mse"",init:null,rate:1584937848602425,loss:""deviance"",depth:2,features:471672893331636,nodes:null,decrease:16973544951200825,split:null,leaf:2,split:11,leaf:13558399249672815,estimators:361,change:112,presort:""auto"",state:10517,subsample:923158181039836,tol:00036921292748966184,fraction:18224052861300355,verbose:0,start:false"
"9193133","sklearn.model_selection._search.RandomizedSearchCV(estimator=sklearn.pipeline.Pipeline(imputation=hyperimp.utils.preprocessing.ConditionalImputer,hotencoding=sklearn.preprocessing.data.OneHotEncoder,scaling=sklearn.preprocessing.data.StandardScaler,variencethreshold=sklearn.feature_selection.variance_threshold.VarianceThreshold,clf=sklearn.svm.classes.SVC))(1)","0.5688","features:[],dtype:float64""},unknown:""ignore"",values:""auto"",sparse:true,threshold:0.0,copy:true,mean:false,std:true,C:1.0,size:200,weight:null,coef0:0.0,shape:""ovr"",degree:3,gamma:""auto"",kernel:""rbf"",iter:-1,probability:false,state:2013,shrinking:true,tol:0.001,verbose:false,axis:0,features:[],copy:true,empty:0,values:""NaN"",strategy:""mean"",nominal:""most_frequent"",verbose:0,memory:null,cv:5,score:""raise"",params:null,iid:true,iter:100,jobs:-1,distributions:1}}}},dispatch:""2*n_jobs"",state:334195,refit:true,score:""warn"",scoring:null,verbose:1"
"9196751","sklearn.model_selection._search.RandomizedSearchCV(estimator=sklearn.pipeline.Pipeline(imputation=hyperimp.utils.preprocessing.ConditionalImputer,hotencoding=sklearn.preprocessing.data.OneHotEncoder,scaling=sklearn.preprocessing.data.StandardScaler,variencethreshold=sklearn.feature_selection.variance_threshold.VarianceThreshold,clf=sklearn.svm.classes.SVC))(1)","0.5688","features:[],dtype:float64""},unknown:""ignore"",values:""auto"",sparse:true,threshold:0.0,copy:true,mean:false,std:true,C:1.0,size:200,weight:null,coef0:0.0,shape:""ovr"",degree:3,gamma:""auto"",kernel:""rbf"",iter:-1,probability:false,state:7018,shrinking:true,tol:0.001,verbose:false,axis:0,features:[],copy:true,empty:0,values:""NaN"",strategy:""mean"",nominal:""most_frequent"",verbose:0,memory:null,cv:5,score:""raise"",params:null,iid:true,iter:100,jobs:-1,distributions:1}}}},dispatch:""2*n_jobs"",state:196453,refit:true,score:""warn"",scoring:null,verbose:1"
"9927381","sklearn.pipeline.Pipeline(columntransformer=sklearn.compose._column_transformer.ColumnTransformer(numeric=sklearn.pipeline.Pipeline(imputer=sklearn.preprocessing.imputation.Imputer,standardscaler=sklearn.preprocessing.data.StandardScaler),nominal=sklearn.pipeline.Pipeline(simpleimputer=sklearn.impute.SimpleImputer,onehotencoder=sklearn.preprocessing._encoders.OneHotEncoder)),variancethreshold=sklearn.feature_selection.variance_threshold.VarianceThreshold,gradientboostingclassifier=sklearn.ensemble.gradient_boosting.GradientBoostingClassifier)(3)","0.5687","memory:null,jobs:null,remainder:""passthrough"",threshold:0.3,weights:null,memory:null,axis:0,copy:true,values:""NaN"",strategy:""mean"",verbose:0,copy:true,mean:true,std:true,memory:null,copy:true,value:-1,values:NaN,strategy:""constant"",verbose:0,features:null,categories:null,dtype:float64""},unknown:""ignore"",values:null,sparse:true,threshold:0.0,criterion:""friedman_mse"",init:null,rate:01618505889013954,loss:""deviance"",depth:7,features:20977914439081458,nodes:null,decrease:04253594646492742,split:null,leaf:14,split:5,leaf:0004897241848084155,estimators:126,change:783,presort:""auto"",state:14150,subsample:18751283169135224,tol:001026603204462388,fraction:40502374172048605,verbose:0,start:false"
"9197144","sklearn.model_selection._search.RandomizedSearchCV(estimator=sklearn.pipeline.Pipeline(imputation=hyperimp.utils.preprocessing.ConditionalImputer,hotencoding=sklearn.preprocessing.data.OneHotEncoder,scaling=sklearn.preprocessing.data.StandardScaler,variencethreshold=sklearn.feature_selection.variance_threshold.VarianceThreshold,clf=sklearn.svm.classes.SVC))(1)","0.5687","features:[],dtype:float64""},unknown:""ignore"",values:""auto"",sparse:true,threshold:0.0,copy:true,mean:false,std:true,C:1.0,size:200,weight:null,coef0:0.0,shape:""ovr"",degree:3,gamma:""auto"",kernel:""rbf"",iter:-1,probability:false,state:42484,shrinking:true,tol:0.001,verbose:false,axis:0,features:[],copy:true,empty:0,values:""NaN"",strategy:""mean"",nominal:""most_frequent"",verbose:0,memory:null,cv:5,score:""raise"",params:null,iid:true,iter:100,jobs:-1,distributions:1}}}},dispatch:""2*n_jobs"",state:3645,refit:true,score:""warn"",scoring:null,verbose:1"
"9147464","sklearn.pipeline.Pipeline(imputation=hyperimp.utils.preprocessing.ConditionalImputer2,hotencoding=sklearn.preprocessing.data.OneHotEncoder,scaling=sklearn.preprocessing.data.StandardScaler,variencethreshold=sklearn.feature_selection.variance_threshold.VarianceThreshold,clf=sklearn.svm.classes.SVC)(1)","0.5687","features:[],dtype:float64""},unknown:""ignore"",values:""auto"",sparse:true,threshold:0.0,copy:true,mean:false,std:true,C:761317344302974,size:200,weight:null,coef0:5409554352455899,shape:""ovr"",degree:3,gamma:6663173268054391,kernel:""rbf"",iter:-1,probability:false,state:31104,shrinking:false,tol:0001346350664222514,verbose:false,axis:0,features:[],copy:true,empty:0,values:""NaN"",strategy:""mean"",nominal:""most_frequent"",verbose:0,memory:null"
"8710937","sklearn.pipeline.Pipeline(imputation=openmlstudy14.preprocessing.ConditionalImputer,hotencoding=sklearn.preprocessing.data.OneHotEncoder,scaling=sklearn.preprocessing.data.StandardScaler,variencethreshold=sklearn.feature_selection.variance_threshold.VarianceThreshold,classifier=sklearn.svm.classes.SVC)(1)","0.5687","axis:0,features:[],copy:true,empty:0,values:""NaN"",strategy:""median"",nominal:""most_frequent"",verbose:0,features:[],dtype:float64""},unknown:""ignore"",values:""auto"",sparse:true,threshold:0.0,copy:true,mean:false,std:true,C:397816278612099,size:200,weight:null,coef0:8969843002345603,shape:null,degree:3,gamma:027915555300810302,kernel:""rbf"",iter:-1,probability:true,state:56338,shrinking:true,tol:006893036325683026,verbose:false"
"9713676","sklearn.pipeline.Pipeline(columntransformer=sklearn.compose._column_transformer.ColumnTransformer(numeric=sklearn.pipeline.Pipeline(imputer=sklearn.preprocessing.imputation.Imputer,standardscaler=sklearn.preprocessing.data.StandardScaler),nominal=sklearn.pipeline.Pipeline(simpleimputer=sklearn.impute.SimpleImputer,onehotencoder=sklearn.preprocessing._encoders.OneHotEncoder)),variancethreshold=sklearn.feature_selection.variance_threshold.VarianceThreshold,svc=sklearn.svm.classes.SVC)(1)","0.5686","axis:0,copy:true,values:""NaN"",strategy:""mean"",verbose:0,copy:true,mean:true,std:true,memory:null,copy:true,value:-1,values:NaN,strategy:""constant"",verbose:0,features:null,categories:null,dtype:float64""},unknown:""ignore"",values:null,sparse:true,C:604614929689645,size:200,weight:null,coef0:0.0,shape:""ovr"",degree:3,gamma:47322769542826487,kernel:""rbf"",iter:-1,probability:false,state:4901,shrinking:false,tol:0011315494658963926,verbose:false,jobs:null,remainder:""passthrough"",threshold:0.3,weights:null,memory:null,threshold:0.0,memory:null"
"9143363","sklearn.pipeline.Pipeline(imputation=hyperimp.utils.preprocessing.ConditionalImputer2,hotencoding=sklearn.preprocessing.data.OneHotEncoder,scaling=sklearn.preprocessing.data.StandardScaler,variencethreshold=sklearn.feature_selection.variance_threshold.VarianceThreshold,clf=sklearn.svm.classes.SVC)(1)","0.5686","features:[],dtype:float64""},unknown:""ignore"",values:""auto"",sparse:true,threshold:0.0,copy:true,mean:false,std:true,C:210853299294384,size:200,weight:null,coef0:287173734313518,shape:""ovr"",degree:3,gamma:040423405099011926,kernel:""rbf"",iter:-1,probability:false,state:41770,shrinking:false,tol:0025524786560654654,verbose:false,axis:0,features:[],copy:true,empty:0,values:""NaN"",strategy:""mean"",nominal:""most_frequent"",verbose:0,memory:null"
"9139494","sklearn.pipeline.Pipeline(imputation=hyperimp.utils.preprocessing.ConditionalImputer2,hotencoding=sklearn.preprocessing.data.OneHotEncoder,scaling=sklearn.preprocessing.data.StandardScaler,variencethreshold=sklearn.feature_selection.variance_threshold.VarianceThreshold,clf=sklearn.svm.classes.SVC)(1)","0.5686","features:[],dtype:float64""},unknown:""ignore"",values:""auto"",sparse:true,threshold:0.0,copy:true,mean:false,std:true,C:487814095852357,size:200,weight:null,coef0:9191047668019533,shape:""ovr"",degree:3,gamma:03702881782410014,kernel:""rbf"",iter:-1,probability:false,state:82232,shrinking:true,tol:6833168450171817e-05,verbose:false,axis:0,features:[],copy:true,empty:0,values:""NaN"",strategy:""mean"",nominal:""most_frequent"",verbose:0,memory:null"
"9923084","sklearn.pipeline.Pipeline(columntransformer=sklearn.compose._column_transformer.ColumnTransformer(numeric=sklearn.pipeline.Pipeline(imputer=sklearn.preprocessing.imputation.Imputer,standardscaler=sklearn.preprocessing.data.StandardScaler),nominal=sklearn.pipeline.Pipeline(simpleimputer=sklearn.impute.SimpleImputer,onehotencoder=sklearn.preprocessing._encoders.OneHotEncoder)),variancethreshold=sklearn.feature_selection.variance_threshold.VarianceThreshold,gradientboostingclassifier=sklearn.ensemble.gradient_boosting.GradientBoostingClassifier)(3)","0.5685","memory:null,jobs:null,remainder:""passthrough"",threshold:0.3,weights:null,memory:null,axis:0,copy:true,values:""NaN"",strategy:""median"",verbose:0,copy:true,mean:true,std:true,memory:null,copy:true,value:-1,values:NaN,strategy:""constant"",verbose:0,features:null,categories:null,dtype:float64""},unknown:""ignore"",values:null,sparse:true,threshold:0.0,criterion:""friedman_mse"",init:null,rate:06779087455496426,loss:""deviance"",depth:7,features:5801079403783808,nodes:null,decrease:9712735617047489,split:null,leaf:3,split:10,leaf:0618549940301108,estimators:317,change:732,presort:""auto"",state:35378,subsample:8591081156067183,tol:00012361741365839017,fraction:15060437083514655,verbose:0,start:false"
"9978242","sklearn.pipeline.Pipeline(columntransformer=sklearn.compose._column_transformer.ColumnTransformer(numeric=sklearn.pipeline.Pipeline(imputer=sklearn.preprocessing.imputation.Imputer,standardscaler=sklearn.preprocessing.data.StandardScaler),nominal=sklearn.pipeline.Pipeline(simpleimputer=sklearn.impute.SimpleImputer,onehotencoder=sklearn.preprocessing._encoders.OneHotEncoder)),variancethreshold=sklearn.feature_selection.variance_threshold.VarianceThreshold,gradientboostingclassifier=sklearn.ensemble.gradient_boosting.GradientBoostingClassifier)(3)","0.5685","memory:null,jobs:null,remainder:""passthrough"",threshold:0.3,weights:null,memory:null,axis:0,copy:true,values:""NaN"",strategy:""median"",verbose:0,copy:true,mean:true,std:true,memory:null,copy:true,value:-1,values:NaN,strategy:""constant"",verbose:0,features:null,categories:null,dtype:float64""},unknown:""ignore"",values:null,sparse:true,threshold:0.0,criterion:""friedman_mse"",init:null,rate:2787261313204463,loss:""deviance"",depth:6,features:83851694208411,nodes:null,decrease:10951781341181865,split:null,leaf:20,split:19,leaf:17043249816354783,estimators:398,change:320,presort:""auto"",state:38057,subsample:3637723905817982,tol:0005538948798243563,fraction:14837301490088195,verbose:0,start:false"
"9195624","sklearn.model_selection._search.RandomizedSearchCV(estimator=sklearn.pipeline.Pipeline(imputation=hyperimp.utils.preprocessing.ConditionalImputer,hotencoding=sklearn.preprocessing.data.OneHotEncoder,scaling=sklearn.preprocessing.data.StandardScaler,variencethreshold=sklearn.feature_selection.variance_threshold.VarianceThreshold,clf=sklearn.svm.classes.SVC))(1)","0.5684","features:[],dtype:float64""},unknown:""ignore"",values:""auto"",sparse:true,threshold:0.0,copy:true,mean:false,std:true,C:1.0,size:200,weight:null,coef0:0.0,shape:""ovr"",degree:3,gamma:""auto"",kernel:""rbf"",iter:-1,probability:false,state:19809,shrinking:true,tol:0.001,verbose:false,axis:0,features:[],copy:true,empty:0,values:""NaN"",strategy:""mean"",nominal:""most_frequent"",verbose:0,memory:null,cv:5,score:""raise"",params:null,iid:true,iter:100,jobs:-1,distributions:1}}}},dispatch:""2*n_jobs"",state:878199,refit:true,score:""warn"",scoring:null,verbose:1"
"9787370","sklearn.pipeline.Pipeline(columntransformer=sklearn.compose._column_transformer.ColumnTransformer(numeric=sklearn.pipeline.Pipeline(imputer=sklearn.preprocessing.imputation.Imputer,standardscaler=sklearn.preprocessing.data.StandardScaler),nominal=sklearn.pipeline.Pipeline(simpleimputer=sklearn.impute.SimpleImputer,onehotencoder=sklearn.preprocessing._encoders.OneHotEncoder)),variancethreshold=sklearn.feature_selection.variance_threshold.VarianceThreshold,svc=sklearn.svm.classes.SVC)(1)","0.5683","axis:0,copy:true,values:""NaN"",strategy:""most_frequent"",verbose:0,copy:true,mean:true,std:true,memory:null,copy:true,value:-1,values:NaN,strategy:""constant"",verbose:0,features:null,categories:null,dtype:float64""},unknown:""ignore"",values:null,sparse:true,C:06696116835442,size:200,weight:null,coef0:0.0,shape:""ovr"",degree:3,gamma:0488484589633863,kernel:""rbf"",iter:-1,probability:false,state:18385,shrinking:false,tol:00013146146047563815,verbose:false,jobs:null,remainder:""passthrough"",threshold:0.3,weights:null,memory:null,threshold:0.0,memory:null"
"9197591","sklearn.model_selection._search.RandomizedSearchCV(estimator=sklearn.pipeline.Pipeline(imputation=hyperimp.utils.preprocessing.ConditionalImputer,hotencoding=sklearn.preprocessing.data.OneHotEncoder,scaling=sklearn.preprocessing.data.StandardScaler,variencethreshold=sklearn.feature_selection.variance_threshold.VarianceThreshold,clf=sklearn.svm.classes.SVC))(1)","0.5683","features:[],dtype:float64""},unknown:""ignore"",values:""auto"",sparse:true,threshold:0.0,copy:true,mean:false,std:true,C:1.0,size:200,weight:null,coef0:0.0,shape:""ovr"",degree:3,gamma:""auto"",kernel:""rbf"",iter:-1,probability:false,state:39574,shrinking:true,tol:0.001,verbose:false,axis:0,features:[],copy:true,empty:0,values:""NaN"",strategy:""mean"",nominal:""most_frequent"",verbose:0,memory:null,cv:5,score:""raise"",params:null,iid:true,iter:100,jobs:-1,distributions:1}}}},dispatch:""2*n_jobs"",state:979806,refit:true,score:""warn"",scoring:null,verbose:1"
"9195309","sklearn.model_selection._search.RandomizedSearchCV(estimator=sklearn.pipeline.Pipeline(imputation=hyperimp.utils.preprocessing.ConditionalImputer,hotencoding=sklearn.preprocessing.data.OneHotEncoder,scaling=sklearn.preprocessing.data.StandardScaler,variencethreshold=sklearn.feature_selection.variance_threshold.VarianceThreshold,clf=sklearn.svm.classes.SVC))(1)","0.5683","features:[],dtype:float64""},unknown:""ignore"",values:""auto"",sparse:true,threshold:0.0,copy:true,mean:false,std:true,C:1.0,size:200,weight:null,coef0:0.0,shape:""ovr"",degree:3,gamma:""auto"",kernel:""rbf"",iter:-1,probability:false,state:9922,shrinking:true,tol:0.001,verbose:false,axis:0,features:[],copy:true,empty:0,values:""NaN"",strategy:""mean"",nominal:""most_frequent"",verbose:0,memory:null,cv:5,score:""raise"",params:null,iid:true,iter:100,jobs:-1,distributions:1}}}},dispatch:""2*n_jobs"",state:333412,refit:true,score:""warn"",scoring:null,verbose:1"
"8728120","sklearn.pipeline.Pipeline(imputation=openmlstudy14.preprocessing.ConditionalImputer,hotencoding=sklearn.preprocessing.data.OneHotEncoder,scaling=sklearn.preprocessing.data.StandardScaler,variencethreshold=sklearn.feature_selection.variance_threshold.VarianceThreshold,classifier=sklearn.svm.classes.SVC)(1)","0.5682","axis:0,features:[],copy:true,empty:0,values:""NaN"",strategy:""median"",nominal:""most_frequent"",verbose:0,features:[],dtype:float64""},unknown:""ignore"",values:""auto"",sparse:true,threshold:0.0,copy:true,mean:false,std:true,C:9358815402769,size:200,weight:null,coef0:37904511760635473,shape:null,degree:4,gamma:404670211206049,kernel:""rbf"",iter:-1,probability:true,state:54571,shrinking:false,tol:04869706608640858,verbose:false"
"9742191","sklearn.pipeline.Pipeline(columntransformer=sklearn.compose._column_transformer.ColumnTransformer(numeric=sklearn.pipeline.Pipeline(imputer=sklearn.preprocessing.imputation.Imputer,standardscaler=sklearn.preprocessing.data.StandardScaler),nominal=sklearn.pipeline.Pipeline(simpleimputer=sklearn.impute.SimpleImputer,onehotencoder=sklearn.preprocessing._encoders.OneHotEncoder)),variancethreshold=sklearn.feature_selection.variance_threshold.VarianceThreshold,svc=sklearn.svm.classes.SVC)(1)","0.5681","axis:0,copy:true,values:""NaN"",strategy:""most_frequent"",verbose:0,copy:true,mean:true,std:true,memory:null,copy:true,value:-1,values:NaN,strategy:""constant"",verbose:0,features:null,categories:null,dtype:float64""},unknown:""ignore"",values:null,sparse:true,C:18354336578665,size:200,weight:null,coef0:0.0,shape:""ovr"",degree:3,gamma:510695806619681,kernel:""rbf"",iter:-1,probability:false,state:35234,shrinking:true,tol:3622565544899576e-05,verbose:false,jobs:null,remainder:""passthrough"",threshold:0.3,weights:null,memory:null,threshold:0.0,memory:null"
"9659259","sklearn.pipeline.Pipeline(columntransformer=sklearn.compose._column_transformer.ColumnTransformer(numeric=sklearn.pipeline.Pipeline(imputer=sklearn.preprocessing.imputation.Imputer,standardscaler=sklearn.preprocessing.data.StandardScaler),nominal=sklearn.pipeline.Pipeline(simpleimputer=sklearn.impute.SimpleImputer,onehotencoder=sklearn.preprocessing._encoders.OneHotEncoder)),variancethreshold=sklearn.feature_selection.variance_threshold.VarianceThreshold,svc=sklearn.svm.classes.SVC)(1)","0.5681","axis:0,copy:true,values:""NaN"",strategy:""mean"",verbose:0,copy:true,mean:true,std:true,memory:null,copy:true,value:-1,values:NaN,strategy:""constant"",verbose:0,features:null,categories:null,dtype:float64""},unknown:""ignore"",values:null,sparse:true,C:11245132348526,size:200,weight:null,coef0:0.0,shape:""ovr"",degree:3,gamma:04093621165913959,kernel:""rbf"",iter:-1,probability:false,state:60483,shrinking:true,tol:00016012884574736642,verbose:false,jobs:null,remainder:""passthrough"",threshold:0.3,weights:null,memory:null,threshold:0.0,memory:null"
"9881676","sklearn.pipeline.Pipeline(columntransformer=sklearn.compose._column_transformer.ColumnTransformer(numeric=sklearn.pipeline.Pipeline(imputer=sklearn.preprocessing.imputation.Imputer,standardscaler=sklearn.preprocessing.data.StandardScaler),nominal=sklearn.pipeline.Pipeline(simpleimputer=sklearn.impute.SimpleImputer,onehotencoder=sklearn.preprocessing._encoders.OneHotEncoder)),variancethreshold=sklearn.feature_selection.variance_threshold.VarianceThreshold,gradientboostingclassifier=sklearn.ensemble.gradient_boosting.GradientBoostingClassifier)(2)","0.5681","axis:0,copy:true,values:""NaN"",strategy:""most_frequent"",verbose:0,copy:true,mean:true,std:true,memory:null,copy:true,value:-1,values:NaN,strategy:""constant"",verbose:0,features:null,categories:null,dtype:float64""},unknown:""ignore"",values:null,sparse:true,criterion:""friedman_mse"",init:null,rate:19258179641394635,loss:""deviance"",depth:7,features:9212430295644644,nodes:null,decrease:3094237093165102,split:null,leaf:6,split:16,leaf:021498815214711975,estimators:143,change:566,presort:""auto"",state:25240,subsample:1711155737363581,tol:004049076251218353,fraction:3285823697500273,verbose:0,start:false,jobs:null,remainder:""passthrough"",threshold:0.3,weights:null,memory:null,threshold:0.0,memory:null"
"9811970","sklearn.pipeline.Pipeline(columntransformer=sklearn.compose._column_transformer.ColumnTransformer(numeric=sklearn.pipeline.Pipeline(imputer=sklearn.preprocessing.imputation.Imputer,standardscaler=sklearn.preprocessing.data.StandardScaler),nominal=sklearn.pipeline.Pipeline(simpleimputer=sklearn.impute.SimpleImputer,onehotencoder=sklearn.preprocessing._encoders.OneHotEncoder)),variancethreshold=sklearn.feature_selection.variance_threshold.VarianceThreshold,svc=sklearn.svm.classes.SVC)(1)","0.5677","axis:0,copy:true,values:""NaN"",strategy:""median"",verbose:0,copy:true,mean:true,std:true,memory:null,copy:true,value:-1,values:NaN,strategy:""constant"",verbose:0,features:null,categories:null,dtype:float64""},unknown:""ignore"",values:null,sparse:true,C:446968952193269,size:200,weight:null,coef0:0.0,shape:""ovr"",degree:3,gamma:17040033935149526,kernel:""rbf"",iter:-1,probability:false,state:7066,shrinking:true,tol:04479895580467274,verbose:false,jobs:null,remainder:""passthrough"",threshold:0.3,weights:null,memory:null,threshold:0.0,memory:null"
"9699143","sklearn.pipeline.Pipeline(columntransformer=sklearn.compose._column_transformer.ColumnTransformer(numeric=sklearn.pipeline.Pipeline(imputer=sklearn.preprocessing.imputation.Imputer,standardscaler=sklearn.preprocessing.data.StandardScaler),nominal=sklearn.pipeline.Pipeline(simpleimputer=sklearn.impute.SimpleImputer,onehotencoder=sklearn.preprocessing._encoders.OneHotEncoder)),variancethreshold=sklearn.feature_selection.variance_threshold.VarianceThreshold,svc=sklearn.svm.classes.SVC)(1)","0.5677","axis:0,copy:true,values:""NaN"",strategy:""most_frequent"",verbose:0,copy:true,mean:true,std:true,memory:null,copy:true,value:-1,values:NaN,strategy:""constant"",verbose:0,features:null,categories:null,dtype:float64""},unknown:""ignore"",values:null,sparse:true,C:07598586109637,size:200,weight:null,coef0:0.0,shape:""ovr"",degree:3,gamma:06232287077108056,kernel:""rbf"",iter:-1,probability:false,state:50570,shrinking:false,tol:3480943122155294e-05,verbose:false,jobs:null,remainder:""passthrough"",threshold:0.3,weights:null,memory:null,threshold:0.0,memory:null"
"9759185","sklearn.pipeline.Pipeline(columntransformer=sklearn.compose._column_transformer.ColumnTransformer(numeric=sklearn.pipeline.Pipeline(imputer=sklearn.preprocessing.imputation.Imputer,standardscaler=sklearn.preprocessing.data.StandardScaler),nominal=sklearn.pipeline.Pipeline(simpleimputer=sklearn.impute.SimpleImputer,onehotencoder=sklearn.preprocessing._encoders.OneHotEncoder)),variancethreshold=sklearn.feature_selection.variance_threshold.VarianceThreshold,svc=sklearn.svm.classes.SVC)(1)","0.5676","axis:0,copy:true,values:""NaN"",strategy:""median"",verbose:0,copy:true,mean:true,std:true,memory:null,copy:true,value:-1,values:NaN,strategy:""constant"",verbose:0,features:null,categories:null,dtype:float64""},unknown:""ignore"",values:null,sparse:true,C:6825337380408,size:200,weight:null,coef0:0.0,shape:""ovr"",degree:3,gamma:07994796098981923,kernel:""rbf"",iter:-1,probability:false,state:55197,shrinking:true,tol:752133861346113e-05,verbose:false,jobs:null,remainder:""passthrough"",threshold:0.3,weights:null,memory:null,threshold:0.0,memory:null"
"9620571","sklearn.pipeline.Pipeline(columntransformer=sklearn.compose._column_transformer.ColumnTransformer(numeric=sklearn.pipeline.Pipeline(imputer=sklearn.preprocessing.imputation.Imputer,standardscaler=sklearn.preprocessing.data.StandardScaler),nominal=sklearn.pipeline.Pipeline(simpleimputer=sklearn.impute.SimpleImputer,onehotencoder=sklearn.preprocessing._encoders.OneHotEncoder)),variancethreshold=sklearn.feature_selection.variance_threshold.VarianceThreshold,svc=sklearn.svm.classes.SVC)(1)","0.5676","axis:0,copy:true,values:""NaN"",strategy:""most_frequent"",verbose:0,copy:true,mean:true,std:true,memory:null,copy:true,value:-1,values:NaN,strategy:""constant"",verbose:0,features:null,categories:null,dtype:float64""},unknown:""ignore"",values:null,sparse:true,C:703603088121405,size:200,weight:null,coef0:0.0,shape:""ovr"",degree:3,gamma:03787111262333704,kernel:""rbf"",iter:-1,probability:false,state:48909,shrinking:false,tol:0006556096741671948,verbose:false,jobs:null,remainder:""passthrough"",threshold:0.3,weights:null,memory:null,threshold:0.0,memory:null"
"9198924","sklearn.model_selection._search.RandomizedSearchCV(estimator=sklearn.pipeline.Pipeline(imputation=hyperimp.utils.preprocessing.ConditionalImputer,hotencoding=sklearn.preprocessing.data.OneHotEncoder,scaling=sklearn.preprocessing.data.StandardScaler,variencethreshold=sklearn.feature_selection.variance_threshold.VarianceThreshold,clf=sklearn.svm.classes.SVC))(1)","0.5676","features:[],dtype:float64""},unknown:""ignore"",values:""auto"",sparse:true,threshold:0.0,copy:true,mean:false,std:true,C:1.0,size:200,weight:null,coef0:0.0,shape:""ovr"",degree:3,gamma:""auto"",kernel:""rbf"",iter:-1,probability:false,state:40309,shrinking:true,tol:0.001,verbose:false,axis:0,features:[],copy:true,empty:0,values:""NaN"",strategy:""mean"",nominal:""most_frequent"",verbose:0,memory:null,cv:5,score:""raise"",params:null,iid:true,iter:100,jobs:-1,distributions:1}}}},dispatch:""2*n_jobs"",state:241849,refit:true,score:""warn"",scoring:null,verbose:1"
"9198098","sklearn.model_selection._search.RandomizedSearchCV(estimator=sklearn.pipeline.Pipeline(imputation=hyperimp.utils.preprocessing.ConditionalImputer,hotencoding=sklearn.preprocessing.data.OneHotEncoder,scaling=sklearn.preprocessing.data.StandardScaler,variencethreshold=sklearn.feature_selection.variance_threshold.VarianceThreshold,clf=sklearn.svm.classes.SVC))(1)","0.5676","features:[],dtype:float64""},unknown:""ignore"",values:""auto"",sparse:true,threshold:0.0,copy:true,mean:false,std:true,C:1.0,size:200,weight:null,coef0:0.0,shape:""ovr"",degree:3,gamma:""auto"",kernel:""rbf"",iter:-1,probability:false,state:34461,shrinking:true,tol:0.001,verbose:false,axis:0,features:[],copy:true,empty:0,values:""NaN"",strategy:""mean"",nominal:""most_frequent"",verbose:0,memory:null,cv:5,score:""raise"",params:null,iid:true,iter:100,jobs:-1,distributions:1}}}},dispatch:""2*n_jobs"",state:786801,refit:true,score:""warn"",scoring:null,verbose:1"
"8992346","sklearn.pipeline.Pipeline(imputation=openmlstudy14.preprocessing.ConditionalImputer,hotencoding=sklearn.preprocessing.data.OneHotEncoder,scaling=sklearn.preprocessing.data.StandardScaler,variencethreshold=sklearn.feature_selection.variance_threshold.VarianceThreshold,classifier=sklearn.svm.classes.SVC)(2)","0.5676","axis:0,features:[],copy:true,empty:0,values:""NaN"",strategy:""most_frequent"",nominal:""most_frequent"",verbose:0,features:[],dtype:float64""},unknown:""ignore"",values:""auto"",sparse:true,threshold:0.0,C:371316943402544,size:200,weight:null,coef0:6676263416746173,shape:null,degree:5,gamma:09533445257125682,kernel:""rbf"",iter:-1,probability:true,state:51461,shrinking:false,tol:417265794884838e-05,verbose:false,copy:true,mean:false,std:true"
"9822473","sklearn.pipeline.Pipeline(columntransformer=sklearn.compose._column_transformer.ColumnTransformer(numeric=sklearn.pipeline.Pipeline(imputer=sklearn.preprocessing.imputation.Imputer,standardscaler=sklearn.preprocessing.data.StandardScaler),nominal=sklearn.pipeline.Pipeline(simpleimputer=sklearn.impute.SimpleImputer,onehotencoder=sklearn.preprocessing._encoders.OneHotEncoder)),variancethreshold=sklearn.feature_selection.variance_threshold.VarianceThreshold,svc=sklearn.svm.classes.SVC)(1)","0.5675","axis:0,copy:true,values:""NaN"",strategy:""median"",verbose:0,copy:true,mean:true,std:true,memory:null,copy:true,value:-1,values:NaN,strategy:""constant"",verbose:0,features:null,categories:null,dtype:float64""},unknown:""ignore"",values:null,sparse:true,C:5119921888324,size:200,weight:null,coef0:0.0,shape:""ovr"",degree:3,gamma:059766483205656674,kernel:""rbf"",iter:-1,probability:false,state:5528,shrinking:true,tol:003924111054655236,verbose:false,jobs:null,remainder:""passthrough"",threshold:0.3,weights:null,memory:null,threshold:0.0,memory:null"
"9637238","sklearn.pipeline.Pipeline(columntransformer=sklearn.compose._column_transformer.ColumnTransformer(numeric=sklearn.pipeline.Pipeline(imputer=sklearn.preprocessing.imputation.Imputer,standardscaler=sklearn.preprocessing.data.StandardScaler),nominal=sklearn.pipeline.Pipeline(simpleimputer=sklearn.impute.SimpleImputer,onehotencoder=sklearn.preprocessing._encoders.OneHotEncoder)),variancethreshold=sklearn.feature_selection.variance_threshold.VarianceThreshold,svc=sklearn.svm.classes.SVC)(1)","0.5675","axis:0,copy:true,values:""NaN"",strategy:""most_frequent"",verbose:0,copy:true,mean:true,std:true,memory:null,copy:true,value:-1,values:NaN,strategy:""constant"",verbose:0,features:null,categories:null,dtype:float64""},unknown:""ignore"",values:null,sparse:true,C:245470449286,size:200,weight:null,coef0:0.0,shape:""ovr"",degree:3,gamma:1149817402817444,kernel:""rbf"",iter:-1,probability:false,state:11157,shrinking:false,tol:0006000167808847939,verbose:false,jobs:null,remainder:""passthrough"",threshold:0.3,weights:null,memory:null,threshold:0.0,memory:null"
"9907481","sklearn.pipeline.Pipeline(columntransformer=sklearn.compose._column_transformer.ColumnTransformer(numeric=sklearn.pipeline.Pipeline(imputer=sklearn.preprocessing.imputation.Imputer,standardscaler=sklearn.preprocessing.data.StandardScaler),nominal=sklearn.pipeline.Pipeline(simpleimputer=sklearn.impute.SimpleImputer,onehotencoder=sklearn.preprocessing._encoders.OneHotEncoder)),variancethreshold=sklearn.feature_selection.variance_threshold.VarianceThreshold,gradientboostingclassifier=sklearn.ensemble.gradient_boosting.GradientBoostingClassifier)(1)","0.5674","memory:null,jobs:null,remainder:""passthrough"",threshold:0.3,weights:null,memory:null,axis:0,copy:true,values:""NaN"",strategy:""most_frequent"",verbose:0,copy:true,mean:true,std:true,memory:null,copy:true,value:-1,values:NaN,strategy:""constant"",verbose:0,features:null,categories:null,dtype:float64""},unknown:""ignore"",values:null,sparse:true,threshold:0.0,criterion:""friedman_mse"",init:null,rate:15704596863259493,loss:""deviance"",depth:6,features:08283962550546164,nodes:null,decrease:5392656298599902,split:null,leaf:18,split:18,leaf:055791830773967654,estimators:258,change:755,presort:""auto"",state:64272,subsample:308459861265974,tol:00025929087708517545,fraction:03741690633021477,verbose:0,start:false"
"9192246","sklearn.model_selection._search.RandomizedSearchCV(estimator=sklearn.pipeline.Pipeline(imputation=hyperimp.utils.preprocessing.ConditionalImputer,hotencoding=sklearn.preprocessing.data.OneHotEncoder,scaling=sklearn.preprocessing.data.StandardScaler,variencethreshold=sklearn.feature_selection.variance_threshold.VarianceThreshold,clf=sklearn.svm.classes.SVC))(1)","0.5674","features:[],dtype:float64""},unknown:""ignore"",values:""auto"",sparse:true,threshold:0.0,copy:true,mean:false,std:true,C:1.0,size:200,weight:null,coef0:0.0,shape:""ovr"",degree:3,gamma:""auto"",kernel:""rbf"",iter:-1,probability:false,state:12298,shrinking:true,tol:0.001,verbose:false,axis:0,features:[],copy:true,empty:0,values:""NaN"",strategy:""mean"",nominal:""most_frequent"",verbose:0,memory:null,cv:5,score:""raise"",params:null,iid:true,iter:100,jobs:-1,distributions:1}}}},dispatch:""2*n_jobs"",state:742310,refit:true,score:""warn"",scoring:null,verbose:1"
"9719276","sklearn.pipeline.Pipeline(columntransformer=sklearn.compose._column_transformer.ColumnTransformer(numeric=sklearn.pipeline.Pipeline(imputer=sklearn.preprocessing.imputation.Imputer,standardscaler=sklearn.preprocessing.data.StandardScaler),nominal=sklearn.pipeline.Pipeline(simpleimputer=sklearn.impute.SimpleImputer,onehotencoder=sklearn.preprocessing._encoders.OneHotEncoder)),variancethreshold=sklearn.feature_selection.variance_threshold.VarianceThreshold,svc=sklearn.svm.classes.SVC)(1)","0.5673","axis:0,copy:true,values:""NaN"",strategy:""most_frequent"",verbose:0,copy:true,mean:true,std:true,memory:null,copy:true,value:-1,values:NaN,strategy:""constant"",verbose:0,features:null,categories:null,dtype:float64""},unknown:""ignore"",values:null,sparse:true,C:5255959240403,size:200,weight:null,coef0:0.0,shape:""ovr"",degree:3,gamma:5446147633607833,kernel:""rbf"",iter:-1,probability:false,state:34020,shrinking:false,tol:0005956548978954668,verbose:false,jobs:null,remainder:""passthrough"",threshold:0.3,weights:null,memory:null,threshold:0.0,memory:null"
"9674854","sklearn.pipeline.Pipeline(columntransformer=sklearn.compose._column_transformer.ColumnTransformer(numeric=sklearn.pipeline.Pipeline(imputer=sklearn.preprocessing.imputation.Imputer,standardscaler=sklearn.preprocessing.data.StandardScaler),nominal=sklearn.pipeline.Pipeline(simpleimputer=sklearn.impute.SimpleImputer,onehotencoder=sklearn.preprocessing._encoders.OneHotEncoder)),variancethreshold=sklearn.feature_selection.variance_threshold.VarianceThreshold,svc=sklearn.svm.classes.SVC)(1)","0.5671","axis:0,copy:true,values:""NaN"",strategy:""most_frequent"",verbose:0,copy:true,mean:true,std:true,memory:null,copy:true,value:-1,values:NaN,strategy:""constant"",verbose:0,features:null,categories:null,dtype:float64""},unknown:""ignore"",values:null,sparse:true,C:22708691103736,size:200,weight:null,coef0:0.0,shape:""ovr"",degree:3,gamma:05618968582366565,kernel:""rbf"",iter:-1,probability:false,state:65230,shrinking:false,tol:00020216896499620734,verbose:false,jobs:null,remainder:""passthrough"",threshold:0.3,weights:null,memory:null,threshold:0.0,memory:null"
"9893938","sklearn.pipeline.Pipeline(columntransformer=sklearn.compose._column_transformer.ColumnTransformer(numeric=sklearn.pipeline.Pipeline(imputer=sklearn.preprocessing.imputation.Imputer,standardscaler=sklearn.preprocessing.data.StandardScaler),nominal=sklearn.pipeline.Pipeline(simpleimputer=sklearn.impute.SimpleImputer,onehotencoder=sklearn.preprocessing._encoders.OneHotEncoder)),variancethreshold=sklearn.feature_selection.variance_threshold.VarianceThreshold,gradientboostingclassifier=sklearn.ensemble.gradient_boosting.GradientBoostingClassifier)(2)","0.5668","axis:0,copy:true,values:""NaN"",strategy:""mean"",verbose:0,copy:true,mean:true,std:true,memory:null,copy:true,value:-1,values:NaN,strategy:""constant"",verbose:0,features:null,categories:null,dtype:float64""},unknown:""ignore"",values:null,sparse:true,criterion:""friedman_mse"",init:null,rate:17722094740761082,loss:""deviance"",depth:6,features:5433314489765589,nodes:null,decrease:23937416791231558,split:null,leaf:15,split:11,leaf:13301952356480234,estimators:97,change:98,presort:""auto"",state:35135,subsample:9732768104491721,tol:06594552576597212,fraction:18732080814533536,verbose:0,start:false,jobs:null,remainder:""passthrough"",threshold:0.3,weights:null,memory:null,threshold:0.0,memory:null"
"9958430","sklearn.pipeline.Pipeline(columntransformer=sklearn.compose._column_transformer.ColumnTransformer(numeric=sklearn.pipeline.Pipeline(imputer=sklearn.preprocessing.imputation.Imputer,standardscaler=sklearn.preprocessing.data.StandardScaler),nominal=sklearn.pipeline.Pipeline(simpleimputer=sklearn.impute.SimpleImputer,onehotencoder=sklearn.preprocessing._encoders.OneHotEncoder)),variancethreshold=sklearn.feature_selection.variance_threshold.VarianceThreshold,gradientboostingclassifier=sklearn.ensemble.gradient_boosting.GradientBoostingClassifier)(3)","0.5666","memory:null,jobs:null,remainder:""passthrough"",threshold:0.3,weights:null,memory:null,axis:0,copy:true,values:""NaN"",strategy:""most_frequent"",verbose:0,copy:true,mean:true,std:true,memory:null,copy:true,value:-1,values:NaN,strategy:""constant"",verbose:0,features:null,categories:null,dtype:float64""},unknown:""ignore"",values:null,sparse:true,threshold:0.0,criterion:""friedman_mse"",init:null,rate:03065919141014212,loss:""deviance"",depth:10,features:2219590284720505,nodes:null,decrease:3989791970834584,split:null,leaf:11,split:3,leaf:07916874193057932,estimators:326,change:632,presort:""auto"",state:62726,subsample:2501631540501764,tol:02043369374016323,fraction:2830638252074378,verbose:0,start:false"
"9723099","sklearn.pipeline.Pipeline(columntransformer=sklearn.compose._column_transformer.ColumnTransformer(numeric=sklearn.pipeline.Pipeline(imputer=sklearn.preprocessing.imputation.Imputer,standardscaler=sklearn.preprocessing.data.StandardScaler),nominal=sklearn.pipeline.Pipeline(simpleimputer=sklearn.impute.SimpleImputer,onehotencoder=sklearn.preprocessing._encoders.OneHotEncoder)),variancethreshold=sklearn.feature_selection.variance_threshold.VarianceThreshold,svc=sklearn.svm.classes.SVC)(1)","0.5666","axis:0,copy:true,values:""NaN"",strategy:""median"",verbose:0,copy:true,mean:true,std:true,memory:null,copy:true,value:-1,values:NaN,strategy:""constant"",verbose:0,features:null,categories:null,dtype:float64""},unknown:""ignore"",values:null,sparse:true,C:44078668612082,size:200,weight:null,coef0:0.0,shape:""ovr"",degree:3,gamma:039999427618177465,kernel:""rbf"",iter:-1,probability:false,state:39791,shrinking:false,tol:470073382213945e-05,verbose:false,jobs:null,remainder:""passthrough"",threshold:0.3,weights:null,memory:null,threshold:0.0,memory:null"
"9817510","sklearn.pipeline.Pipeline(columntransformer=sklearn.compose._column_transformer.ColumnTransformer(numeric=sklearn.pipeline.Pipeline(imputer=sklearn.preprocessing.imputation.Imputer,standardscaler=sklearn.preprocessing.data.StandardScaler),nominal=sklearn.pipeline.Pipeline(simpleimputer=sklearn.impute.SimpleImputer,onehotencoder=sklearn.preprocessing._encoders.OneHotEncoder)),variancethreshold=sklearn.feature_selection.variance_threshold.VarianceThreshold,svc=sklearn.svm.classes.SVC)(1)","0.5665","axis:0,copy:true,values:""NaN"",strategy:""median"",verbose:0,copy:true,mean:true,std:true,memory:null,copy:true,value:-1,values:NaN,strategy:""constant"",verbose:0,features:null,categories:null,dtype:float64""},unknown:""ignore"",values:null,sparse:true,C:77712194626767,size:200,weight:null,coef0:0.0,shape:""ovr"",degree:3,gamma:04684442914836554,kernel:""rbf"",iter:-1,probability:false,state:4523,shrinking:true,tol:00033569125212089707,verbose:false,jobs:null,remainder:""passthrough"",threshold:0.3,weights:null,memory:null,threshold:0.0,memory:null"
"9788878","sklearn.pipeline.Pipeline(columntransformer=sklearn.compose._column_transformer.ColumnTransformer(numeric=sklearn.pipeline.Pipeline(imputer=sklearn.preprocessing.imputation.Imputer,standardscaler=sklearn.preprocessing.data.StandardScaler),nominal=sklearn.pipeline.Pipeline(simpleimputer=sklearn.impute.SimpleImputer,onehotencoder=sklearn.preprocessing._encoders.OneHotEncoder)),variancethreshold=sklearn.feature_selection.variance_threshold.VarianceThreshold,svc=sklearn.svm.classes.SVC)(1)","0.5664","axis:0,copy:true,values:""NaN"",strategy:""most_frequent"",verbose:0,copy:true,mean:true,std:true,memory:null,copy:true,value:-1,values:NaN,strategy:""constant"",verbose:0,features:null,categories:null,dtype:float64""},unknown:""ignore"",values:null,sparse:true,C:7465053810473,size:200,weight:null,coef0:0.0,shape:""ovr"",degree:3,gamma:0619095260598776,kernel:""rbf"",iter:-1,probability:false,state:19692,shrinking:true,tol:0005112305106052907,verbose:false,jobs:null,remainder:""passthrough"",threshold:0.3,weights:null,memory:null,threshold:0.0,memory:null"
"9725866","sklearn.pipeline.Pipeline(columntransformer=sklearn.compose._column_transformer.ColumnTransformer(numeric=sklearn.pipeline.Pipeline(imputer=sklearn.preprocessing.imputation.Imputer,standardscaler=sklearn.preprocessing.data.StandardScaler),nominal=sklearn.pipeline.Pipeline(simpleimputer=sklearn.impute.SimpleImputer,onehotencoder=sklearn.preprocessing._encoders.OneHotEncoder)),variancethreshold=sklearn.feature_selection.variance_threshold.VarianceThreshold,svc=sklearn.svm.classes.SVC)(1)","0.5662","axis:0,copy:true,values:""NaN"",strategy:""median"",verbose:0,copy:true,mean:true,std:true,memory:null,copy:true,value:-1,values:NaN,strategy:""constant"",verbose:0,features:null,categories:null,dtype:float64""},unknown:""ignore"",values:null,sparse:true,C:17492118437096,size:200,weight:null,coef0:0.0,shape:""ovr"",degree:3,gamma:6273326975313591,kernel:""rbf"",iter:-1,probability:false,state:25152,shrinking:false,tol:030966583288141954,verbose:false,jobs:null,remainder:""passthrough"",threshold:0.3,weights:null,memory:null,threshold:0.0,memory:null"
"9829412","sklearn.pipeline.Pipeline(columntransformer=sklearn.compose._column_transformer.ColumnTransformer(numeric=sklearn.pipeline.Pipeline(imputer=sklearn.preprocessing.imputation.Imputer,standardscaler=sklearn.preprocessing.data.StandardScaler),nominal=sklearn.pipeline.Pipeline(simpleimputer=sklearn.impute.SimpleImputer,onehotencoder=sklearn.preprocessing._encoders.OneHotEncoder)),variancethreshold=sklearn.feature_selection.variance_threshold.VarianceThreshold,svc=sklearn.svm.classes.SVC)(1)","0.5662","axis:0,copy:true,values:""NaN"",strategy:""mean"",verbose:0,copy:true,mean:true,std:true,memory:null,copy:true,value:-1,values:NaN,strategy:""constant"",verbose:0,features:null,categories:null,dtype:float64""},unknown:""ignore"",values:null,sparse:true,C:29663448488374,size:200,weight:null,coef0:0.0,shape:""ovr"",degree:3,gamma:027416228574347334,kernel:""rbf"",iter:-1,probability:false,state:49797,shrinking:true,tol:024323169499526887,verbose:false,jobs:null,remainder:""passthrough"",threshold:0.3,weights:null,memory:null,threshold:0.0,memory:null"
"9909164","sklearn.pipeline.Pipeline(columntransformer=sklearn.compose._column_transformer.ColumnTransformer(numeric=sklearn.pipeline.Pipeline(imputer=sklearn.preprocessing.imputation.Imputer,standardscaler=sklearn.preprocessing.data.StandardScaler),nominal=sklearn.pipeline.Pipeline(simpleimputer=sklearn.impute.SimpleImputer,onehotencoder=sklearn.preprocessing._encoders.OneHotEncoder)),variancethreshold=sklearn.feature_selection.variance_threshold.VarianceThreshold,gradientboostingclassifier=sklearn.ensemble.gradient_boosting.GradientBoostingClassifier)(1)","0.566","memory:null,jobs:null,remainder:""passthrough"",threshold:0.3,weights:null,memory:null,axis:0,copy:true,values:""NaN"",strategy:""mean"",verbose:0,copy:true,mean:true,std:true,memory:null,copy:true,value:-1,values:NaN,strategy:""constant"",verbose:0,features:null,categories:null,dtype:float64""},unknown:""ignore"",values:null,sparse:true,threshold:0.0,criterion:""friedman_mse"",init:null,rate:45724821202341603,loss:""deviance"",depth:10,features:12977448459107732,nodes:null,decrease:8812060806571065,split:null,leaf:8,split:7,leaf:0025127622044807674,estimators:316,change:858,presort:""auto"",state:6753,subsample:4860545541669584,tol:0035790478123810822,fraction:00990919673221391,verbose:0,start:false"
"9643011","sklearn.pipeline.Pipeline(columntransformer=sklearn.compose._column_transformer.ColumnTransformer(numeric=sklearn.pipeline.Pipeline(imputer=sklearn.preprocessing.imputation.Imputer,standardscaler=sklearn.preprocessing.data.StandardScaler),nominal=sklearn.pipeline.Pipeline(simpleimputer=sklearn.impute.SimpleImputer,onehotencoder=sklearn.preprocessing._encoders.OneHotEncoder)),variancethreshold=sklearn.feature_selection.variance_threshold.VarianceThreshold,svc=sklearn.svm.classes.SVC)(1)","0.566","axis:0,copy:true,values:""NaN"",strategy:""median"",verbose:0,copy:true,mean:true,std:true,memory:null,copy:true,value:-1,values:NaN,strategy:""constant"",verbose:0,features:null,categories:null,dtype:float64""},unknown:""ignore"",values:null,sparse:true,C:3933161292958303,size:200,weight:null,coef0:0.0,shape:""ovr"",degree:3,gamma:10068013055189741,kernel:""rbf"",iter:-1,probability:false,state:22072,shrinking:true,tol:683082294931812e-05,verbose:false,jobs:null,remainder:""passthrough"",threshold:0.3,weights:null,memory:null,threshold:0.0,memory:null"
"9689753","sklearn.pipeline.Pipeline(columntransformer=sklearn.compose._column_transformer.ColumnTransformer(numeric=sklearn.pipeline.Pipeline(imputer=sklearn.preprocessing.imputation.Imputer,standardscaler=sklearn.preprocessing.data.StandardScaler),nominal=sklearn.pipeline.Pipeline(simpleimputer=sklearn.impute.SimpleImputer,onehotencoder=sklearn.preprocessing._encoders.OneHotEncoder)),variancethreshold=sklearn.feature_selection.variance_threshold.VarianceThreshold,svc=sklearn.svm.classes.SVC)(1)","0.5658","axis:0,copy:true,values:""NaN"",strategy:""mean"",verbose:0,copy:true,mean:true,std:true,memory:null,copy:true,value:-1,values:NaN,strategy:""constant"",verbose:0,features:null,categories:null,dtype:float64""},unknown:""ignore"",values:null,sparse:true,C:432667200381,size:200,weight:null,coef0:0.0,shape:""ovr"",degree:3,gamma:5143368963460199,kernel:""rbf"",iter:-1,probability:false,state:38294,shrinking:false,tol:053131112570011e-05,verbose:false,jobs:null,remainder:""passthrough"",threshold:0.3,weights:null,memory:null,threshold:0.0,memory:null"
"9949614","sklearn.pipeline.Pipeline(columntransformer=sklearn.compose._column_transformer.ColumnTransformer(numeric=sklearn.pipeline.Pipeline(imputer=sklearn.preprocessing.imputation.Imputer,standardscaler=sklearn.preprocessing.data.StandardScaler),nominal=sklearn.pipeline.Pipeline(simpleimputer=sklearn.impute.SimpleImputer,onehotencoder=sklearn.preprocessing._encoders.OneHotEncoder)),variancethreshold=sklearn.feature_selection.variance_threshold.VarianceThreshold,gradientboostingclassifier=sklearn.ensemble.gradient_boosting.GradientBoostingClassifier)(3)","0.5657","memory:null,jobs:null,remainder:""passthrough"",threshold:0.3,weights:null,memory:null,axis:0,copy:true,values:""NaN"",strategy:""median"",verbose:0,copy:true,mean:true,std:true,memory:null,copy:true,value:-1,values:NaN,strategy:""constant"",verbose:0,features:null,categories:null,dtype:float64""},unknown:""ignore"",values:null,sparse:true,threshold:0.0,criterion:""friedman_mse"",init:null,rate:03973027385088679,loss:""deviance"",depth:7,features:2156710099755521,nodes:null,decrease:6358625394190948,split:null,leaf:11,split:5,leaf:008343014556691342,estimators:300,change:233,presort:""auto"",state:6672,subsample:153378559546123,tol:00022626242374616806,fraction:5694052852595655,verbose:0,start:false"
"9931427","sklearn.pipeline.Pipeline(columntransformer=sklearn.compose._column_transformer.ColumnTransformer(numeric=sklearn.pipeline.Pipeline(imputer=sklearn.preprocessing.imputation.Imputer,standardscaler=sklearn.preprocessing.data.StandardScaler),nominal=sklearn.pipeline.Pipeline(simpleimputer=sklearn.impute.SimpleImputer,onehotencoder=sklearn.preprocessing._encoders.OneHotEncoder)),variancethreshold=sklearn.feature_selection.variance_threshold.VarianceThreshold,gradientboostingclassifier=sklearn.ensemble.gradient_boosting.GradientBoostingClassifier)(3)","0.5656","memory:null,jobs:null,remainder:""passthrough"",threshold:0.3,weights:null,memory:null,axis:0,copy:true,values:""NaN"",strategy:""most_frequent"",verbose:0,copy:true,mean:true,std:true,memory:null,copy:true,value:-1,values:NaN,strategy:""constant"",verbose:0,features:null,categories:null,dtype:float64""},unknown:""ignore"",values:null,sparse:true,threshold:0.0,criterion:""friedman_mse"",init:null,rate:26051228752663735,loss:""deviance"",depth:2,features:18280384750942513,nodes:null,decrease:07716380927619182,split:null,leaf:5,split:14,leaf:21073380642801098,estimators:462,change:983,presort:""auto"",state:5787,subsample:8868894787155295,tol:11481769248565e-05,fraction:20045890026447388,verbose:0,start:false"
"9918266","sklearn.pipeline.Pipeline(columntransformer=sklearn.compose._column_transformer.ColumnTransformer(numeric=sklearn.pipeline.Pipeline(imputer=sklearn.preprocessing.imputation.Imputer,standardscaler=sklearn.preprocessing.data.StandardScaler),nominal=sklearn.pipeline.Pipeline(simpleimputer=sklearn.impute.SimpleImputer,onehotencoder=sklearn.preprocessing._encoders.OneHotEncoder)),variancethreshold=sklearn.feature_selection.variance_threshold.VarianceThreshold,gradientboostingclassifier=sklearn.ensemble.gradient_boosting.GradientBoostingClassifier)(1)","0.564","memory:null,jobs:null,remainder:""passthrough"",threshold:0.3,weights:null,memory:null,axis:0,copy:true,values:""NaN"",strategy:""median"",verbose:0,copy:true,mean:true,std:true,memory:null,copy:true,value:-1,values:NaN,strategy:""constant"",verbose:0,features:null,categories:null,dtype:float64""},unknown:""ignore"",values:null,sparse:true,threshold:0.0,criterion:""friedman_mse"",init:null,rate:19939262723273707,loss:""deviance"",depth:2,features:9331383051208144,nodes:null,decrease:30013426292772427,split:null,leaf:5,split:11,leaf:10429118661102993,estimators:486,change:537,presort:""auto"",state:6160,subsample:8667548541395425,tol:824319604499286e-05,fraction:44974150561102033,verbose:0,start:false"
"9942512","sklearn.pipeline.Pipeline(columntransformer=sklearn.compose._column_transformer.ColumnTransformer(numeric=sklearn.pipeline.Pipeline(imputer=sklearn.preprocessing.imputation.Imputer,standardscaler=sklearn.preprocessing.data.StandardScaler),nominal=sklearn.pipeline.Pipeline(simpleimputer=sklearn.impute.SimpleImputer,onehotencoder=sklearn.preprocessing._encoders.OneHotEncoder)),variancethreshold=sklearn.feature_selection.variance_threshold.VarianceThreshold,gradientboostingclassifier=sklearn.ensemble.gradient_boosting.GradientBoostingClassifier)(3)","0.5631","memory:null,jobs:null,remainder:""passthrough"",threshold:0.3,weights:null,memory:null,axis:0,copy:true,values:""NaN"",strategy:""median"",verbose:0,copy:true,mean:true,std:true,memory:null,copy:true,value:-1,values:NaN,strategy:""constant"",verbose:0,features:null,categories:null,dtype:float64""},unknown:""ignore"",values:null,sparse:true,threshold:0.0,criterion:""friedman_mse"",init:null,rate:7270186706525522,loss:""deviance"",depth:9,features:48710495560745193,nodes:null,decrease:12786794013130132,split:null,leaf:2,split:16,leaf:22425236248571084,estimators:156,change:85,presort:""auto"",state:63319,subsample:8656084250385133,tol:06607527279002319,fraction:18877709010405863,verbose:0,start:false"
"9924108","sklearn.pipeline.Pipeline(columntransformer=sklearn.compose._column_transformer.ColumnTransformer(numeric=sklearn.pipeline.Pipeline(imputer=sklearn.preprocessing.imputation.Imputer,standardscaler=sklearn.preprocessing.data.StandardScaler),nominal=sklearn.pipeline.Pipeline(simpleimputer=sklearn.impute.SimpleImputer,onehotencoder=sklearn.preprocessing._encoders.OneHotEncoder)),variancethreshold=sklearn.feature_selection.variance_threshold.VarianceThreshold,gradientboostingclassifier=sklearn.ensemble.gradient_boosting.GradientBoostingClassifier)(3)","0.5623","memory:null,jobs:null,remainder:""passthrough"",threshold:0.3,weights:null,memory:null,axis:0,copy:true,values:""NaN"",strategy:""mean"",verbose:0,copy:true,mean:true,std:true,memory:null,copy:true,value:-1,values:NaN,strategy:""constant"",verbose:0,features:null,categories:null,dtype:float64""},unknown:""ignore"",values:null,sparse:true,threshold:0.0,criterion:""friedman_mse"",init:null,rate:3665875339691103,loss:""deviance"",depth:9,features:8104620460643297,nodes:null,decrease:21992719362460733,split:null,leaf:3,split:15,leaf:07487464601350163,estimators:113,change:49,presort:""auto"",state:49592,subsample:9316965114671755,tol:00010292432146221677,fraction:03477547529145919,verbose:0,start:false"
"8814696","sklearn.pipeline.Pipeline(imputation=openmlstudy14.preprocessing.ConditionalImputer,hotencoding=sklearn.preprocessing.data.OneHotEncoder,scaling=sklearn.preprocessing.data.StandardScaler,variencethreshold=sklearn.feature_selection.variance_threshold.VarianceThreshold,classifier=sklearn.svm.classes.SVC)(1)","0.5619","axis:0,features:[],copy:true,empty:0,values:""NaN"",strategy:""most_frequent"",nominal:""most_frequent"",verbose:0,features:[],dtype:float64""},unknown:""ignore"",values:""auto"",sparse:true,threshold:0.0,copy:true,mean:false,std:true,C:06543999741154,size:200,weight:null,coef0:9718030545454499,shape:null,degree:5,gamma:06999127074648308,kernel:""rbf"",iter:-1,probability:true,state:42796,shrinking:true,tol:0516694648248733e-05,verbose:false"
"8709815","sklearn.pipeline.Pipeline(imputation=openmlstudy14.preprocessing.ConditionalImputer,hotencoding=sklearn.preprocessing.data.OneHotEncoder,scaling=sklearn.preprocessing.data.StandardScaler,variencethreshold=sklearn.feature_selection.variance_threshold.VarianceThreshold,classifier=sklearn.svm.classes.SVC)(1)","0.5617","axis:0,features:[],copy:true,empty:0,values:""NaN"",strategy:""median"",nominal:""most_frequent"",verbose:0,features:[],dtype:float64""},unknown:""ignore"",values:""auto"",sparse:true,threshold:0.0,copy:true,mean:false,std:true,C:29910265517964,size:200,weight:null,coef0:9670178420919142,shape:null,degree:3,gamma:016842799905055713,kernel:""rbf"",iter:-1,probability:true,state:35015,shrinking:false,tol:003388400540658061,verbose:false"
"8706397","sklearn.pipeline.Pipeline(imputation=openmlstudy14.preprocessing.ConditionalImputer,hotencoding=sklearn.preprocessing.data.OneHotEncoder,scaling=sklearn.preprocessing.data.StandardScaler,variencethreshold=sklearn.feature_selection.variance_threshold.VarianceThreshold,classifier=sklearn.svm.classes.SVC)(1)","0.5607","axis:0,features:[],copy:true,empty:0,values:""NaN"",strategy:""mean"",nominal:""most_frequent"",verbose:0,features:[],dtype:float64""},unknown:""ignore"",values:""auto"",sparse:true,threshold:0.0,copy:true,mean:false,std:true,C:83244737130497,size:200,weight:null,coef0:00424199401041081,shape:null,degree:4,gamma:02408492454962675,kernel:""rbf"",iter:-1,probability:true,state:50548,shrinking:true,tol:00011442102116462586,verbose:false"
"9960795","sklearn.pipeline.Pipeline(columntransformer=sklearn.compose._column_transformer.ColumnTransformer(numeric=sklearn.pipeline.Pipeline(imputer=sklearn.preprocessing.imputation.Imputer,standardscaler=sklearn.preprocessing.data.StandardScaler),nominal=sklearn.pipeline.Pipeline(simpleimputer=sklearn.impute.SimpleImputer,onehotencoder=sklearn.preprocessing._encoders.OneHotEncoder)),variancethreshold=sklearn.feature_selection.variance_threshold.VarianceThreshold,gradientboostingclassifier=sklearn.ensemble.gradient_boosting.GradientBoostingClassifier)(3)","0.5606","memory:null,jobs:null,remainder:""passthrough"",threshold:0.3,weights:null,memory:null,axis:0,copy:true,values:""NaN"",strategy:""most_frequent"",verbose:0,copy:true,mean:true,std:true,memory:null,copy:true,value:-1,values:NaN,strategy:""constant"",verbose:0,features:null,categories:null,dtype:float64""},unknown:""ignore"",values:null,sparse:true,threshold:0.0,criterion:""friedman_mse"",init:null,rate:09214684887710135,loss:""deviance"",depth:8,features:9756499578701436,nodes:null,decrease:6887072434455762,split:null,leaf:20,split:2,leaf:13684440021956057,estimators:490,change:587,presort:""auto"",state:2664,subsample:3825271298217158,tol:010904308770389807,fraction:5133616385247347,verbose:0,start:false"
"8817889","sklearn.pipeline.Pipeline(imputation=openmlstudy14.preprocessing.ConditionalImputer,hotencoding=sklearn.preprocessing.data.OneHotEncoder,scaling=sklearn.preprocessing.data.StandardScaler,variencethreshold=sklearn.feature_selection.variance_threshold.VarianceThreshold,classifier=sklearn.svm.classes.SVC)(1)","0.5588","axis:0,features:[],copy:true,empty:0,values:""NaN"",strategy:""most_frequent"",nominal:""most_frequent"",verbose:0,features:[],dtype:float64""},unknown:""ignore"",values:""auto"",sparse:true,threshold:0.0,copy:true,mean:false,std:true,C:6422610131432,size:200,weight:null,coef0:484958542838666,shape:null,degree:5,gamma:10947705347354209,kernel:""rbf"",iter:-1,probability:true,state:32365,shrinking:true,tol:0004007217674086753,verbose:false"
"9905682","sklearn.pipeline.Pipeline(columntransformer=sklearn.compose._column_transformer.ColumnTransformer(numeric=sklearn.pipeline.Pipeline(imputer=sklearn.preprocessing.imputation.Imputer,standardscaler=sklearn.preprocessing.data.StandardScaler),nominal=sklearn.pipeline.Pipeline(simpleimputer=sklearn.impute.SimpleImputer,onehotencoder=sklearn.preprocessing._encoders.OneHotEncoder)),variancethreshold=sklearn.feature_selection.variance_threshold.VarianceThreshold,gradientboostingclassifier=sklearn.ensemble.gradient_boosting.GradientBoostingClassifier)(1)","0.5587","memory:null,jobs:null,remainder:""passthrough"",threshold:0.3,weights:null,memory:null,axis:0,copy:true,values:""NaN"",strategy:""mean"",verbose:0,copy:true,mean:true,std:true,memory:null,copy:true,value:-1,values:NaN,strategy:""constant"",verbose:0,features:null,categories:null,dtype:float64""},unknown:""ignore"",values:null,sparse:true,threshold:0.0,criterion:""friedman_mse"",init:null,rate:09523155433963211,loss:""deviance"",depth:6,features:31367697284363005,nodes:null,decrease:279572096775323,split:null,leaf:2,split:13,leaf:1903398004991544,estimators:279,change:677,presort:""auto"",state:30402,subsample:7015890706238741,tol:781241872905657e-05,fraction:010949185311914134,verbose:0,start:false"
"9911202","sklearn.pipeline.Pipeline(columntransformer=sklearn.compose._column_transformer.ColumnTransformer(numeric=sklearn.pipeline.Pipeline(imputer=sklearn.preprocessing.imputation.Imputer,standardscaler=sklearn.preprocessing.data.StandardScaler),nominal=sklearn.pipeline.Pipeline(simpleimputer=sklearn.impute.SimpleImputer,onehotencoder=sklearn.preprocessing._encoders.OneHotEncoder)),variancethreshold=sklearn.feature_selection.variance_threshold.VarianceThreshold,gradientboostingclassifier=sklearn.ensemble.gradient_boosting.GradientBoostingClassifier)(1)","0.5587","memory:null,jobs:null,remainder:""passthrough"",threshold:0.3,weights:null,memory:null,axis:0,copy:true,values:""NaN"",strategy:""mean"",verbose:0,copy:true,mean:true,std:true,memory:null,copy:true,value:-1,values:NaN,strategy:""constant"",verbose:0,features:null,categories:null,dtype:float64""},unknown:""ignore"",values:null,sparse:true,threshold:0.0,criterion:""friedman_mse"",init:null,rate:012484000499731501,loss:""deviance"",depth:3,features:9356349434154687,nodes:null,decrease:1887158451315456,split:null,leaf:15,split:6,leaf:07350362182708142,estimators:509,change:886,presort:""auto"",state:58818,subsample:16372560296987038,tol:00033667124487980727,fraction:03347065094147572,verbose:0,start:false"
"10004438","sklearn.pipeline.Pipeline(columntransformer=sklearn.compose._column_transformer.ColumnTransformer(numeric=sklearn.pipeline.Pipeline(imputer=sklearn.preprocessing.imputation.Imputer,standardscaler=sklearn.preprocessing.data.StandardScaler),nominal=sklearn.pipeline.Pipeline(simpleimputer=sklearn.impute.SimpleImputer,onehotencoder=sklearn.preprocessing._encoders.OneHotEncoder)),variancethreshold=sklearn.feature_selection.variance_threshold.VarianceThreshold,gradientboostingclassifier=sklearn.ensemble.gradient_boosting.GradientBoostingClassifier)(3)","0.5586","memory:null,jobs:null,remainder:""passthrough"",threshold:0.3,weights:null,memory:null,axis:0,copy:true,values:""NaN"",strategy:""mean"",verbose:0,copy:true,mean:true,std:true,memory:null,copy:true,value:-1,values:NaN,strategy:""constant"",verbose:0,features:null,categories:null,dtype:float64""},unknown:""ignore"",values:null,sparse:true,threshold:0.0,criterion:""friedman_mse"",init:null,rate:04194682728323134,loss:""deviance"",depth:5,features:5663069111686482,nodes:null,decrease:8250872255562133,split:null,leaf:11,split:19,leaf:09304954722332787,estimators:302,change:509,presort:""auto"",state:60736,subsample:2879606058767483,tol:00035594929985891595,fraction:2599402723123966,verbose:0,start:false"
"9929606","sklearn.pipeline.Pipeline(columntransformer=sklearn.compose._column_transformer.ColumnTransformer(numeric=sklearn.pipeline.Pipeline(imputer=sklearn.preprocessing.imputation.Imputer,standardscaler=sklearn.preprocessing.data.StandardScaler),nominal=sklearn.pipeline.Pipeline(simpleimputer=sklearn.impute.SimpleImputer,onehotencoder=sklearn.preprocessing._encoders.OneHotEncoder)),variancethreshold=sklearn.feature_selection.variance_threshold.VarianceThreshold,gradientboostingclassifier=sklearn.ensemble.gradient_boosting.GradientBoostingClassifier)(3)","0.5586","memory:null,jobs:null,remainder:""passthrough"",threshold:0.3,weights:null,memory:null,axis:0,copy:true,values:""NaN"",strategy:""mean"",verbose:0,copy:true,mean:true,std:true,memory:null,copy:true,value:-1,values:NaN,strategy:""constant"",verbose:0,features:null,categories:null,dtype:float64""},unknown:""ignore"",values:null,sparse:true,threshold:0.0,criterion:""friedman_mse"",init:null,rate:05219596802178998,loss:""deviance"",depth:7,features:8020976183434128,nodes:null,decrease:5066440252684727,split:null,leaf:17,split:19,leaf:12286705265519932,estimators:225,change:812,presort:""auto"",state:32475,subsample:1705608164224307,tol:06174399644398233,fraction:2907067289950048,verbose:0,start:false"
"9996588","sklearn.pipeline.Pipeline(columntransformer=sklearn.compose._column_transformer.ColumnTransformer(numeric=sklearn.pipeline.Pipeline(imputer=sklearn.preprocessing.imputation.Imputer,standardscaler=sklearn.preprocessing.data.StandardScaler),nominal=sklearn.pipeline.Pipeline(simpleimputer=sklearn.impute.SimpleImputer,onehotencoder=sklearn.preprocessing._encoders.OneHotEncoder)),variancethreshold=sklearn.feature_selection.variance_threshold.VarianceThreshold,gradientboostingclassifier=sklearn.ensemble.gradient_boosting.GradientBoostingClassifier)(3)","0.5576","memory:null,jobs:null,remainder:""passthrough"",threshold:0.3,weights:null,memory:null,axis:0,copy:true,values:""NaN"",strategy:""most_frequent"",verbose:0,copy:true,mean:true,std:true,memory:null,copy:true,value:-1,values:NaN,strategy:""constant"",verbose:0,features:null,categories:null,dtype:float64""},unknown:""ignore"",values:null,sparse:true,threshold:0.0,criterion:""friedman_mse"",init:null,rate:02652009827922345,loss:""deviance"",depth:6,features:7624069383406732,nodes:null,decrease:20115305245023685,split:null,leaf:3,split:6,leaf:05139226966445065,estimators:242,change:377,presort:""auto"",state:50576,subsample:8150909332476581,tol:0018125453865424196,fraction:7315744016567557,verbose:0,start:false"
"9942387","sklearn.pipeline.Pipeline(columntransformer=sklearn.compose._column_transformer.ColumnTransformer(numeric=sklearn.pipeline.Pipeline(imputer=sklearn.preprocessing.imputation.Imputer,standardscaler=sklearn.preprocessing.data.StandardScaler),nominal=sklearn.pipeline.Pipeline(simpleimputer=sklearn.impute.SimpleImputer,onehotencoder=sklearn.preprocessing._encoders.OneHotEncoder)),variancethreshold=sklearn.feature_selection.variance_threshold.VarianceThreshold,gradientboostingclassifier=sklearn.ensemble.gradient_boosting.GradientBoostingClassifier)(3)","0.5574","memory:null,jobs:null,remainder:""passthrough"",threshold:0.3,weights:null,memory:null,axis:0,copy:true,values:""NaN"",strategy:""median"",verbose:0,copy:true,mean:true,std:true,memory:null,copy:true,value:-1,values:NaN,strategy:""constant"",verbose:0,features:null,categories:null,dtype:float64""},unknown:""ignore"",values:null,sparse:true,threshold:0.0,criterion:""friedman_mse"",init:null,rate:10418517832493901,loss:""deviance"",depth:5,features:5869695640567996,nodes:null,decrease:7909804677432485,split:null,leaf:12,split:20,leaf:15821057117231085,estimators:483,change:95,presort:""auto"",state:63037,subsample:3074040910880854,tol:236540233353254e-05,fraction:06310396019064046,verbose:0,start:false"
"8697702","sklearn.pipeline.Pipeline(imputation=openmlstudy14.preprocessing.ConditionalImputer,hotencoding=sklearn.preprocessing.data.OneHotEncoder,scaling=sklearn.preprocessing.data.StandardScaler,variencethreshold=sklearn.feature_selection.variance_threshold.VarianceThreshold,classifier=sklearn.svm.classes.SVC)(1)","0.5571","axis:0,features:[],copy:true,empty:0,values:""NaN"",strategy:""most_frequent"",nominal:""most_frequent"",verbose:0,features:[],dtype:float64""},unknown:""ignore"",values:""auto"",sparse:true,threshold:0.0,copy:true,mean:false,std:true,C:28491196825644,size:200,weight:null,coef0:9477092242522374,shape:null,degree:4,gamma:01309599560886388,kernel:""rbf"",iter:-1,probability:true,state:15545,shrinking:true,tol:0895628187220025,verbose:false"
"9880715","sklearn.pipeline.Pipeline(columntransformer=sklearn.compose._column_transformer.ColumnTransformer(numeric=sklearn.pipeline.Pipeline(imputer=sklearn.preprocessing.imputation.Imputer,standardscaler=sklearn.preprocessing.data.StandardScaler),nominal=sklearn.pipeline.Pipeline(simpleimputer=sklearn.impute.SimpleImputer,onehotencoder=sklearn.preprocessing._encoders.OneHotEncoder)),variancethreshold=sklearn.feature_selection.variance_threshold.VarianceThreshold,gradientboostingclassifier=sklearn.ensemble.gradient_boosting.GradientBoostingClassifier)(1)","0.5565","memory:null,jobs:null,remainder:""passthrough"",threshold:0.3,weights:null,memory:null,axis:0,copy:true,values:""NaN"",strategy:""median"",verbose:0,copy:true,mean:true,std:true,memory:null,copy:true,value:-1,values:NaN,strategy:""constant"",verbose:0,features:null,categories:null,dtype:float64""},unknown:""ignore"",values:null,sparse:true,threshold:0.0,criterion:""friedman_mse"",init:null,rate:15292027210120218,loss:""deviance"",depth:8,features:24686046631803993,nodes:null,decrease:4283595895662362,split:null,leaf:2,split:15,leaf:09699506527548768,estimators:511,change:31,presort:""auto"",state:54129,subsample:1119603538986571,tol:0002532443304244968,fraction:017066043847515422,verbose:0,start:false"
"8709781","sklearn.pipeline.Pipeline(imputation=openmlstudy14.preprocessing.ConditionalImputer,hotencoding=sklearn.preprocessing.data.OneHotEncoder,scaling=sklearn.preprocessing.data.StandardScaler,variencethreshold=sklearn.feature_selection.variance_threshold.VarianceThreshold,classifier=sklearn.svm.classes.SVC)(1)","0.5557","axis:0,features:[],copy:true,empty:0,values:""NaN"",strategy:""median"",nominal:""most_frequent"",verbose:0,features:[],dtype:float64""},unknown:""ignore"",values:""auto"",sparse:true,threshold:0.0,copy:true,mean:false,std:true,C:167208893761,size:200,weight:null,coef0:4356411661485946,shape:null,degree:4,gamma:16374207176124841,kernel:""rbf"",iter:-1,probability:true,state:37211,shrinking:true,tol:009235061135032188,verbose:false"
"9925113","sklearn.pipeline.Pipeline(columntransformer=sklearn.compose._column_transformer.ColumnTransformer(numeric=sklearn.pipeline.Pipeline(imputer=sklearn.preprocessing.imputation.Imputer,standardscaler=sklearn.preprocessing.data.StandardScaler),nominal=sklearn.pipeline.Pipeline(simpleimputer=sklearn.impute.SimpleImputer,onehotencoder=sklearn.preprocessing._encoders.OneHotEncoder)),variancethreshold=sklearn.feature_selection.variance_threshold.VarianceThreshold,gradientboostingclassifier=sklearn.ensemble.gradient_boosting.GradientBoostingClassifier)(3)","0.5544","memory:null,jobs:null,remainder:""passthrough"",threshold:0.3,weights:null,memory:null,axis:0,copy:true,values:""NaN"",strategy:""most_frequent"",verbose:0,copy:true,mean:true,std:true,memory:null,copy:true,value:-1,values:NaN,strategy:""constant"",verbose:0,features:null,categories:null,dtype:float64""},unknown:""ignore"",values:null,sparse:true,threshold:0.0,criterion:""friedman_mse"",init:null,rate:013322821350694502,loss:""deviance"",depth:8,features:9733203637486824,nodes:null,decrease:913463102015169,split:null,leaf:5,split:16,leaf:08538278514462205,estimators:480,change:927,presort:""auto"",state:10216,subsample:9048326681532036,tol:011043508822667698,fraction:3149695691137552,verbose:0,start:false"
"1664080","weka.LMT(4)","0.5542","I:-1,M:15,W:0.0"
"9893199","sklearn.pipeline.Pipeline(columntransformer=sklearn.compose._column_transformer.ColumnTransformer(numeric=sklearn.pipeline.Pipeline(imputer=sklearn.preprocessing.imputation.Imputer,standardscaler=sklearn.preprocessing.data.StandardScaler),nominal=sklearn.pipeline.Pipeline(simpleimputer=sklearn.impute.SimpleImputer,onehotencoder=sklearn.preprocessing._encoders.OneHotEncoder)),variancethreshold=sklearn.feature_selection.variance_threshold.VarianceThreshold,gradientboostingclassifier=sklearn.ensemble.gradient_boosting.GradientBoostingClassifier)(2)","0.5541","axis:0,copy:true,values:""NaN"",strategy:""mean"",verbose:0,copy:true,mean:true,std:true,memory:null,copy:true,value:-1,values:NaN,strategy:""constant"",verbose:0,features:null,categories:null,dtype:float64""},unknown:""ignore"",values:null,sparse:true,criterion:""friedman_mse"",init:null,rate:08058906981655227,loss:""deviance"",depth:10,features:49106229660585554,nodes:null,decrease:7389117508725692,split:null,leaf:12,split:10,leaf:06869814698724341,estimators:194,change:974,presort:""auto"",state:56352,subsample:7142810951084444,tol:722044234680641e-05,fraction:6079312732208031,verbose:0,start:false,jobs:null,remainder:""passthrough"",threshold:0.3,weights:null,memory:null,threshold:0.0,memory:null"
"10004508","sklearn.pipeline.Pipeline(columntransformer=sklearn.compose._column_transformer.ColumnTransformer(numeric=sklearn.pipeline.Pipeline(imputer=sklearn.preprocessing.imputation.Imputer,standardscaler=sklearn.preprocessing.data.StandardScaler),nominal=sklearn.pipeline.Pipeline(simpleimputer=sklearn.impute.SimpleImputer,onehotencoder=sklearn.preprocessing._encoders.OneHotEncoder)),variancethreshold=sklearn.feature_selection.variance_threshold.VarianceThreshold,gradientboostingclassifier=sklearn.ensemble.gradient_boosting.GradientBoostingClassifier)(3)","0.554","memory:null,jobs:null,remainder:""passthrough"",threshold:0.3,weights:null,memory:null,axis:0,copy:true,values:""NaN"",strategy:""mean"",verbose:0,copy:true,mean:true,std:true,memory:null,copy:true,value:-1,values:NaN,strategy:""constant"",verbose:0,features:null,categories:null,dtype:float64""},unknown:""ignore"",values:null,sparse:true,threshold:0.0,criterion:""friedman_mse"",init:null,rate:03557075329284311,loss:""deviance"",depth:5,features:5395157065157594,nodes:null,decrease:8816716500451478,split:null,leaf:4,split:14,leaf:04379406080134929,estimators:103,change:962,presort:""auto"",state:57174,subsample:20001695971671263,tol:9905649516194687e-05,fraction:306354242868875,verbose:0,start:false"
"9949863","sklearn.pipeline.Pipeline(columntransformer=sklearn.compose._column_transformer.ColumnTransformer(numeric=sklearn.pipeline.Pipeline(imputer=sklearn.preprocessing.imputation.Imputer,standardscaler=sklearn.preprocessing.data.StandardScaler),nominal=sklearn.pipeline.Pipeline(simpleimputer=sklearn.impute.SimpleImputer,onehotencoder=sklearn.preprocessing._encoders.OneHotEncoder)),variancethreshold=sklearn.feature_selection.variance_threshold.VarianceThreshold,gradientboostingclassifier=sklearn.ensemble.gradient_boosting.GradientBoostingClassifier)(3)","0.5535","memory:null,jobs:null,remainder:""passthrough"",threshold:0.3,weights:null,memory:null,axis:0,copy:true,values:""NaN"",strategy:""mean"",verbose:0,copy:true,mean:true,std:true,memory:null,copy:true,value:-1,values:NaN,strategy:""constant"",verbose:0,features:null,categories:null,dtype:float64""},unknown:""ignore"",values:null,sparse:true,threshold:0.0,criterion:""friedman_mse"",init:null,rate:014962992160566327,loss:""deviance"",depth:4,features:6740230487112726,nodes:null,decrease:0224409573811708,split:null,leaf:7,split:20,leaf:003749230709599871,estimators:215,change:881,presort:""auto"",state:23398,subsample:035797860323854236,tol:165081445311695e-05,fraction:08492494611271006,verbose:0,start:false"
"8711492","sklearn.pipeline.Pipeline(imputation=openmlstudy14.preprocessing.ConditionalImputer,hotencoding=sklearn.preprocessing.data.OneHotEncoder,scaling=sklearn.preprocessing.data.StandardScaler,variencethreshold=sklearn.feature_selection.variance_threshold.VarianceThreshold,classifier=sklearn.svm.classes.SVC)(1)","0.5533","axis:0,features:[],copy:true,empty:0,values:""NaN"",strategy:""median"",nominal:""most_frequent"",verbose:0,features:[],dtype:float64""},unknown:""ignore"",values:""auto"",sparse:true,threshold:0.0,copy:true,mean:false,std:true,C:927020583134327,size:200,weight:null,coef0:66565755438955,shape:null,degree:5,gamma:059863466828154,kernel:""rbf"",iter:-1,probability:true,state:4255,shrinking:true,tol:00034067438435400637,verbose:false"
"8981586","sklearn.pipeline.Pipeline(imputation=openmlstudy14.preprocessing.ConditionalImputer,hotencoding=sklearn.preprocessing.data.OneHotEncoder,scaling=sklearn.preprocessing.data.StandardScaler,variencethreshold=sklearn.feature_selection.variance_threshold.VarianceThreshold,classifier=sklearn.svm.classes.SVC)(2)","0.553","axis:0,features:[],copy:true,empty:0,values:""NaN"",strategy:""mean"",nominal:""most_frequent"",verbose:0,features:[],dtype:float64""},unknown:""ignore"",values:""auto"",sparse:true,threshold:0.0,C:0812918854355,size:200,weight:null,coef0:6984611446152436,shape:null,degree:2,gamma:14557250404065958,kernel:""rbf"",iter:-1,probability:true,state:58760,shrinking:false,tol:08857381433591208,verbose:false,copy:true,mean:false,std:true"
"9971569","sklearn.pipeline.Pipeline(columntransformer=sklearn.compose._column_transformer.ColumnTransformer(numeric=sklearn.pipeline.Pipeline(imputer=sklearn.preprocessing.imputation.Imputer,standardscaler=sklearn.preprocessing.data.StandardScaler),nominal=sklearn.pipeline.Pipeline(simpleimputer=sklearn.impute.SimpleImputer,onehotencoder=sklearn.preprocessing._encoders.OneHotEncoder)),variancethreshold=sklearn.feature_selection.variance_threshold.VarianceThreshold,gradientboostingclassifier=sklearn.ensemble.gradient_boosting.GradientBoostingClassifier)(3)","0.5528","memory:null,jobs:null,remainder:""passthrough"",threshold:0.3,weights:null,memory:null,axis:0,copy:true,values:""NaN"",strategy:""median"",verbose:0,copy:true,mean:true,std:true,memory:null,copy:true,value:-1,values:NaN,strategy:""constant"",verbose:0,features:null,categories:null,dtype:float64""},unknown:""ignore"",values:null,sparse:true,threshold:0.0,criterion:""friedman_mse"",init:null,rate:058562019809066716,loss:""deviance"",depth:3,features:7896606848814001,nodes:null,decrease:7159334613139053,split:null,leaf:14,split:14,leaf:15195444867512553,estimators:206,change:746,presort:""auto"",state:16433,subsample:23613028581128037,tol:00803288696423285,fraction:11223776740031532,verbose:0,start:false"
"9986419","sklearn.pipeline.Pipeline(columntransformer=sklearn.compose._column_transformer.ColumnTransformer(numeric=sklearn.pipeline.Pipeline(imputer=sklearn.preprocessing.imputation.Imputer,standardscaler=sklearn.preprocessing.data.StandardScaler),nominal=sklearn.pipeline.Pipeline(simpleimputer=sklearn.impute.SimpleImputer,onehotencoder=sklearn.preprocessing._encoders.OneHotEncoder)),variancethreshold=sklearn.feature_selection.variance_threshold.VarianceThreshold,gradientboostingclassifier=sklearn.ensemble.gradient_boosting.GradientBoostingClassifier)(3)","0.5526","memory:null,jobs:null,remainder:""passthrough"",threshold:0.3,weights:null,memory:null,axis:0,copy:true,values:""NaN"",strategy:""mean"",verbose:0,copy:true,mean:true,std:true,memory:null,copy:true,value:-1,values:NaN,strategy:""constant"",verbose:0,features:null,categories:null,dtype:float64""},unknown:""ignore"",values:null,sparse:true,threshold:0.0,criterion:""friedman_mse"",init:null,rate:5436472792805799,loss:""deviance"",depth:2,features:3139938253477348,nodes:null,decrease:7430667716245555,split:null,leaf:3,split:4,leaf:044838900532271575,estimators:306,change:610,presort:""auto"",state:305,subsample:9488567347490124,tol:0014609305953522688,fraction:13095623718212468,verbose:0,start:false"
"8708753","sklearn.pipeline.Pipeline(imputation=openmlstudy14.preprocessing.ConditionalImputer,hotencoding=sklearn.preprocessing.data.OneHotEncoder,scaling=sklearn.preprocessing.data.StandardScaler,variencethreshold=sklearn.feature_selection.variance_threshold.VarianceThreshold,classifier=sklearn.svm.classes.SVC)(1)","0.552","axis:0,features:[],copy:true,empty:0,values:""NaN"",strategy:""mean"",nominal:""most_frequent"",verbose:0,features:[],dtype:float64""},unknown:""ignore"",values:""auto"",sparse:true,threshold:0.0,copy:true,mean:false,std:true,C:0461248080264,size:200,weight:null,coef0:8054571559057035,shape:null,degree:1,gamma:02938588324486391,kernel:""rbf"",iter:-1,probability:true,state:63965,shrinking:false,tol:8967380812075334e-05,verbose:false"
"8850548","sklearn.pipeline.Pipeline(imputation=openmlstudy14.preprocessing.ConditionalImputer,hotencoding=sklearn.preprocessing.data.OneHotEncoder,scaling=sklearn.preprocessing.data.StandardScaler,variencethreshold=sklearn.feature_selection.variance_threshold.VarianceThreshold,classifier=sklearn.svm.classes.SVC)(1)","0.5515","axis:0,features:[],copy:true,empty:0,values:""NaN"",strategy:""mean"",nominal:""most_frequent"",verbose:0,features:[],dtype:float64""},unknown:""ignore"",values:""auto"",sparse:true,threshold:0.0,copy:true,mean:false,std:true,C:0659020648815,size:200,weight:null,coef0:9111099192943861,shape:null,degree:1,gamma:03897453862215354,kernel:""rbf"",iter:-1,probability:true,state:9348,shrinking:true,tol:00645411442996927,verbose:false"
"8823753","sklearn.pipeline.Pipeline(imputation=openmlstudy14.preprocessing.ConditionalImputer,hotencoding=sklearn.preprocessing.data.OneHotEncoder,scaling=sklearn.preprocessing.data.StandardScaler,variencethreshold=sklearn.feature_selection.variance_threshold.VarianceThreshold,classifier=sklearn.svm.classes.SVC)(1)","0.5514","axis:0,features:[],copy:true,empty:0,values:""NaN"",strategy:""mean"",nominal:""most_frequent"",verbose:0,features:[],dtype:float64""},unknown:""ignore"",values:""auto"",sparse:true,threshold:0.0,copy:true,mean:false,std:true,C:7916129668868,size:200,weight:null,coef0:5597789960033241,shape:null,degree:4,gamma:00956661385824463,kernel:""rbf"",iter:-1,probability:true,state:21480,shrinking:false,tol:0001275819917100592,verbose:false"
"9949267","sklearn.pipeline.Pipeline(columntransformer=sklearn.compose._column_transformer.ColumnTransformer(numeric=sklearn.pipeline.Pipeline(imputer=sklearn.preprocessing.imputation.Imputer,standardscaler=sklearn.preprocessing.data.StandardScaler),nominal=sklearn.pipeline.Pipeline(simpleimputer=sklearn.impute.SimpleImputer,onehotencoder=sklearn.preprocessing._encoders.OneHotEncoder)),variancethreshold=sklearn.feature_selection.variance_threshold.VarianceThreshold,gradientboostingclassifier=sklearn.ensemble.gradient_boosting.GradientBoostingClassifier)(3)","0.5512","memory:null,jobs:null,remainder:""passthrough"",threshold:0.3,weights:null,memory:null,axis:0,copy:true,values:""NaN"",strategy:""median"",verbose:0,copy:true,mean:true,std:true,memory:null,copy:true,value:-1,values:NaN,strategy:""constant"",verbose:0,features:null,categories:null,dtype:float64""},unknown:""ignore"",values:null,sparse:true,threshold:0.0,criterion:""friedman_mse"",init:null,rate:057685587722363235,loss:""deviance"",depth:3,features:38146218116620834,nodes:null,decrease:43211005983662665,split:null,leaf:5,split:19,leaf:13604968083696795,estimators:275,change:840,presort:""auto"",state:64622,subsample:9568510918202577,tol:0007393471340284835,fraction:21324450569120834,verbose:0,start:false"
"8840267","sklearn.pipeline.Pipeline(imputation=openmlstudy14.preprocessing.ConditionalImputer,hotencoding=sklearn.preprocessing.data.OneHotEncoder,scaling=sklearn.preprocessing.data.StandardScaler,variencethreshold=sklearn.feature_selection.variance_threshold.VarianceThreshold,classifier=sklearn.svm.classes.SVC)(1)","0.5509","axis:0,features:[],copy:true,empty:0,values:""NaN"",strategy:""most_frequent"",nominal:""most_frequent"",verbose:0,features:[],dtype:float64""},unknown:""ignore"",values:""auto"",sparse:true,threshold:0.0,copy:true,mean:false,std:true,C:0315447334650467,size:200,weight:null,coef0:8962287648143197,shape:null,degree:5,gamma:42339059733967177,kernel:""rbf"",iter:-1,probability:true,state:45019,shrinking:false,tol:1689935475806804e-05,verbose:false"
"1664495","weka.A1DE(28)","0.5507","F:1,M:1.0"
"10008660","sklearn.pipeline.Pipeline(columntransformer=sklearn.compose._column_transformer.ColumnTransformer(numeric=sklearn.pipeline.Pipeline(imputer=sklearn.preprocessing.imputation.Imputer,standardscaler=sklearn.preprocessing.data.StandardScaler),nominal=sklearn.pipeline.Pipeline(simpleimputer=sklearn.impute.SimpleImputer,onehotencoder=sklearn.preprocessing._encoders.OneHotEncoder)),variancethreshold=sklearn.feature_selection.variance_threshold.VarianceThreshold,gradientboostingclassifier=sklearn.ensemble.gradient_boosting.GradientBoostingClassifier)(3)","0.5503","memory:null,jobs:null,remainder:""passthrough"",threshold:0.3,weights:null,memory:null,axis:0,copy:true,values:""NaN"",strategy:""median"",verbose:0,copy:true,mean:true,std:true,memory:null,copy:true,value:-1,values:NaN,strategy:""constant"",verbose:0,features:null,categories:null,dtype:float64""},unknown:""ignore"",values:null,sparse:true,threshold:0.0,criterion:""friedman_mse"",init:null,rate:04299804962067652,loss:""deviance"",depth:6,features:10478150498541994,nodes:null,decrease:3558758104615972,split:null,leaf:14,split:13,leaf:09360471317379299,estimators:209,change:689,presort:""auto"",state:13950,subsample:8021878320363571,tol:013288347247491282,fraction:33057774385863536,verbose:0,start:false"
"8836378","sklearn.pipeline.Pipeline(imputation=openmlstudy14.preprocessing.ConditionalImputer,hotencoding=sklearn.preprocessing.data.OneHotEncoder,scaling=sklearn.preprocessing.data.StandardScaler,variencethreshold=sklearn.feature_selection.variance_threshold.VarianceThreshold,classifier=sklearn.svm.classes.SVC)(1)","0.5503","axis:0,features:[],copy:true,empty:0,values:""NaN"",strategy:""median"",nominal:""most_frequent"",verbose:0,features:[],dtype:float64""},unknown:""ignore"",values:""auto"",sparse:true,threshold:0.0,copy:true,mean:false,std:true,C:58918471281147,size:200,weight:null,coef0:011152886249815142,shape:null,degree:1,gamma:007797624860104098,kernel:""rbf"",iter:-1,probability:true,state:64216,shrinking:true,tol:0003208944481040858,verbose:false"
"9945687","sklearn.pipeline.Pipeline(columntransformer=sklearn.compose._column_transformer.ColumnTransformer(numeric=sklearn.pipeline.Pipeline(imputer=sklearn.preprocessing.imputation.Imputer,standardscaler=sklearn.preprocessing.data.StandardScaler),nominal=sklearn.pipeline.Pipeline(simpleimputer=sklearn.impute.SimpleImputer,onehotencoder=sklearn.preprocessing._encoders.OneHotEncoder)),variancethreshold=sklearn.feature_selection.variance_threshold.VarianceThreshold,gradientboostingclassifier=sklearn.ensemble.gradient_boosting.GradientBoostingClassifier)(3)","0.5502","memory:null,jobs:null,remainder:""passthrough"",threshold:0.3,weights:null,memory:null,axis:0,copy:true,values:""NaN"",strategy:""mean"",verbose:0,copy:true,mean:true,std:true,memory:null,copy:true,value:-1,values:NaN,strategy:""constant"",verbose:0,features:null,categories:null,dtype:float64""},unknown:""ignore"",values:null,sparse:true,threshold:0.0,criterion:""friedman_mse"",init:null,rate:24291484494253646,loss:""deviance"",depth:6,features:31409052063499876,nodes:null,decrease:96605371194041,split:null,leaf:7,split:10,leaf:11003224071034978,estimators:242,change:373,presort:""auto"",state:29421,subsample:7407570030209076,tol:001264536448227997,fraction:10154428498872903,verbose:0,start:false"
"9193730","sklearn.model_selection._search.RandomizedSearchCV(estimator=sklearn.pipeline.Pipeline(imputation=hyperimp.utils.preprocessing.ConditionalImputer,hotencoding=sklearn.preprocessing.data.OneHotEncoder,scaling=sklearn.preprocessing.data.StandardScaler,variencethreshold=sklearn.feature_selection.variance_threshold.VarianceThreshold,clf=sklearn.svm.classes.SVC))(1)","0.55","features:[],dtype:float64""},unknown:""ignore"",values:""auto"",sparse:true,threshold:0.0,copy:true,mean:false,std:true,C:1.0,size:200,weight:null,coef0:0.0,shape:""ovr"",degree:3,gamma:""auto"",kernel:""rbf"",iter:-1,probability:false,state:17986,shrinking:true,tol:0.001,verbose:false,axis:0,features:[],copy:true,empty:0,values:""NaN"",strategy:""mean"",nominal:""most_frequent"",verbose:0,memory:null,cv:5,score:""raise"",params:null,iid:true,iter:100,jobs:-1,distributions:1}}}},dispatch:""2*n_jobs"",state:85956,refit:true,score:""warn"",scoring:null,verbose:1"
"9192263","sklearn.model_selection._search.RandomizedSearchCV(estimator=sklearn.pipeline.Pipeline(imputation=hyperimp.utils.preprocessing.ConditionalImputer,hotencoding=sklearn.preprocessing.data.OneHotEncoder,scaling=sklearn.preprocessing.data.StandardScaler,variencethreshold=sklearn.feature_selection.variance_threshold.VarianceThreshold,clf=sklearn.svm.classes.SVC))(1)","0.55","features:[],dtype:float64""},unknown:""ignore"",values:""auto"",sparse:true,threshold:0.0,copy:true,mean:false,std:true,C:1.0,size:200,weight:null,coef0:0.0,shape:""ovr"",degree:3,gamma:""auto"",kernel:""rbf"",iter:-1,probability:false,state:3058,shrinking:true,tol:0.001,verbose:false,axis:0,features:[],copy:true,empty:0,values:""NaN"",strategy:""mean"",nominal:""most_frequent"",verbose:0,memory:null,cv:5,score:""raise"",params:null,iid:true,iter:100,jobs:-1,distributions:1}}}},dispatch:""2*n_jobs"",state:742310,refit:true,score:""warn"",scoring:null,verbose:1"
"9929920","sklearn.pipeline.Pipeline(columntransformer=sklearn.compose._column_transformer.ColumnTransformer(numeric=sklearn.pipeline.Pipeline(imputer=sklearn.preprocessing.imputation.Imputer,standardscaler=sklearn.preprocessing.data.StandardScaler),nominal=sklearn.pipeline.Pipeline(simpleimputer=sklearn.impute.SimpleImputer,onehotencoder=sklearn.preprocessing._encoders.OneHotEncoder)),variancethreshold=sklearn.feature_selection.variance_threshold.VarianceThreshold,gradientboostingclassifier=sklearn.ensemble.gradient_boosting.GradientBoostingClassifier)(3)","0.5497","memory:null,jobs:null,remainder:""passthrough"",threshold:0.3,weights:null,memory:null,axis:0,copy:true,values:""NaN"",strategy:""most_frequent"",verbose:0,copy:true,mean:true,std:true,memory:null,copy:true,value:-1,values:NaN,strategy:""constant"",verbose:0,features:null,categories:null,dtype:float64""},unknown:""ignore"",values:null,sparse:true,threshold:0.0,criterion:""friedman_mse"",init:null,rate:12060301389134485,loss:""deviance"",depth:6,features:25864443073456844,nodes:null,decrease:6648519548392298,split:null,leaf:13,split:19,leaf:0781680887604258,estimators:429,change:211,presort:""auto"",state:1638,subsample:0942857416696713,tol:0049641790980904064,fraction:22876709877099288,verbose:0,start:false"
"9197104","sklearn.model_selection._search.RandomizedSearchCV(estimator=sklearn.pipeline.Pipeline(imputation=hyperimp.utils.preprocessing.ConditionalImputer,hotencoding=sklearn.preprocessing.data.OneHotEncoder,scaling=sklearn.preprocessing.data.StandardScaler,variencethreshold=sklearn.feature_selection.variance_threshold.VarianceThreshold,clf=sklearn.svm.classes.SVC))(1)","0.5497","features:[],dtype:float64""},unknown:""ignore"",values:""auto"",sparse:true,threshold:0.0,copy:true,mean:false,std:true,C:1.0,size:200,weight:null,coef0:0.0,shape:""ovr"",degree:3,gamma:""auto"",kernel:""rbf"",iter:-1,probability:false,state:54098,shrinking:true,tol:0.001,verbose:false,axis:0,features:[],copy:true,empty:0,values:""NaN"",strategy:""mean"",nominal:""most_frequent"",verbose:0,memory:null,cv:5,score:""raise"",params:null,iid:true,iter:100,jobs:-1,distributions:1}}}},dispatch:""2*n_jobs"",state:786801,refit:true,score:""warn"",scoring:null,verbose:1"
"9195373","sklearn.model_selection._search.RandomizedSearchCV(estimator=sklearn.pipeline.Pipeline(imputation=hyperimp.utils.preprocessing.ConditionalImputer,hotencoding=sklearn.preprocessing.data.OneHotEncoder,scaling=sklearn.preprocessing.data.StandardScaler,variencethreshold=sklearn.feature_selection.variance_threshold.VarianceThreshold,clf=sklearn.svm.classes.SVC))(1)","0.5492","features:[],dtype:float64""},unknown:""ignore"",values:""auto"",sparse:true,threshold:0.0,copy:true,mean:false,std:true,C:1.0,size:200,weight:null,coef0:0.0,shape:""ovr"",degree:3,gamma:""auto"",kernel:""rbf"",iter:-1,probability:false,state:45452,shrinking:true,tol:0.001,verbose:false,axis:0,features:[],copy:true,empty:0,values:""NaN"",strategy:""mean"",nominal:""most_frequent"",verbose:0,memory:null,cv:5,score:""raise"",params:null,iid:true,iter:100,jobs:-1,distributions:1}}}},dispatch:""2*n_jobs"",state:333412,refit:true,score:""warn"",scoring:null,verbose:1"
"9193197","sklearn.model_selection._search.RandomizedSearchCV(estimator=sklearn.pipeline.Pipeline(imputation=hyperimp.utils.preprocessing.ConditionalImputer,hotencoding=sklearn.preprocessing.data.OneHotEncoder,scaling=sklearn.preprocessing.data.StandardScaler,variencethreshold=sklearn.feature_selection.variance_threshold.VarianceThreshold,clf=sklearn.svm.classes.SVC))(1)","0.5492","features:[],dtype:float64""},unknown:""ignore"",values:""auto"",sparse:true,threshold:0.0,copy:true,mean:false,std:true,C:1.0,size:200,weight:null,coef0:0.0,shape:""ovr"",degree:3,gamma:""auto"",kernel:""rbf"",iter:-1,probability:false,state:42723,shrinking:true,tol:0.001,verbose:false,axis:0,features:[],copy:true,empty:0,values:""NaN"",strategy:""mean"",nominal:""most_frequent"",verbose:0,memory:null,cv:5,score:""raise"",params:null,iid:true,iter:100,jobs:-1,distributions:1}}}},dispatch:""2*n_jobs"",state:334195,refit:true,score:""warn"",scoring:null,verbose:1"
"9196659","sklearn.model_selection._search.RandomizedSearchCV(estimator=sklearn.pipeline.Pipeline(imputation=hyperimp.utils.preprocessing.ConditionalImputer,hotencoding=sklearn.preprocessing.data.OneHotEncoder,scaling=sklearn.preprocessing.data.StandardScaler,variencethreshold=sklearn.feature_selection.variance_threshold.VarianceThreshold,clf=sklearn.svm.classes.SVC))(1)","0.549","features:[],dtype:float64""},unknown:""ignore"",values:""auto"",sparse:true,threshold:0.0,copy:true,mean:false,std:true,C:1.0,size:200,weight:null,coef0:0.0,shape:""ovr"",degree:3,gamma:""auto"",kernel:""rbf"",iter:-1,probability:false,state:27949,shrinking:true,tol:0.001,verbose:false,axis:0,features:[],copy:true,empty:0,values:""NaN"",strategy:""mean"",nominal:""most_frequent"",verbose:0,memory:null,cv:5,score:""raise"",params:null,iid:true,iter:100,jobs:-1,distributions:1}}}},dispatch:""2*n_jobs"",state:196453,refit:true,score:""warn"",scoring:null,verbose:1"
"9195746","sklearn.model_selection._search.RandomizedSearchCV(estimator=sklearn.pipeline.Pipeline(imputation=hyperimp.utils.preprocessing.ConditionalImputer,hotencoding=sklearn.preprocessing.data.OneHotEncoder,scaling=sklearn.preprocessing.data.StandardScaler,variencethreshold=sklearn.feature_selection.variance_threshold.VarianceThreshold,clf=sklearn.svm.classes.SVC))(1)","0.5486","features:[],dtype:float64""},unknown:""ignore"",values:""auto"",sparse:true,threshold:0.0,copy:true,mean:false,std:true,C:1.0,size:200,weight:null,coef0:0.0,shape:""ovr"",degree:3,gamma:""auto"",kernel:""rbf"",iter:-1,probability:false,state:8053,shrinking:true,tol:0.001,verbose:false,axis:0,features:[],copy:true,empty:0,values:""NaN"",strategy:""mean"",nominal:""most_frequent"",verbose:0,memory:null,cv:5,score:""raise"",params:null,iid:true,iter:100,jobs:-1,distributions:1}}}},dispatch:""2*n_jobs"",state:878199,refit:true,score:""warn"",scoring:null,verbose:1"
"9197397","sklearn.model_selection._search.RandomizedSearchCV(estimator=sklearn.pipeline.Pipeline(imputation=hyperimp.utils.preprocessing.ConditionalImputer,hotencoding=sklearn.preprocessing.data.OneHotEncoder,scaling=sklearn.preprocessing.data.StandardScaler,variencethreshold=sklearn.feature_selection.variance_threshold.VarianceThreshold,clf=sklearn.svm.classes.SVC))(1)","0.5485","features:[],dtype:float64""},unknown:""ignore"",values:""auto"",sparse:true,threshold:0.0,copy:true,mean:false,std:true,C:1.0,size:200,weight:null,coef0:0.0,shape:""ovr"",degree:3,gamma:""auto"",kernel:""rbf"",iter:-1,probability:false,state:59529,shrinking:true,tol:0.001,verbose:false,axis:0,features:[],copy:true,empty:0,values:""NaN"",strategy:""mean"",nominal:""most_frequent"",verbose:0,memory:null,cv:5,score:""raise"",params:null,iid:true,iter:100,jobs:-1,distributions:1}}}},dispatch:""2*n_jobs"",state:3645,refit:true,score:""warn"",scoring:null,verbose:1"
"9197830","sklearn.model_selection._search.RandomizedSearchCV(estimator=sklearn.pipeline.Pipeline(imputation=hyperimp.utils.preprocessing.ConditionalImputer,hotencoding=sklearn.preprocessing.data.OneHotEncoder,scaling=sklearn.preprocessing.data.StandardScaler,variencethreshold=sklearn.feature_selection.variance_threshold.VarianceThreshold,clf=sklearn.svm.classes.SVC))(1)","0.5484","features:[],dtype:float64""},unknown:""ignore"",values:""auto"",sparse:true,threshold:0.0,copy:true,mean:false,std:true,C:1.0,size:200,weight:null,coef0:0.0,shape:""ovr"",degree:3,gamma:""auto"",kernel:""rbf"",iter:-1,probability:false,state:52380,shrinking:true,tol:0.001,verbose:false,axis:0,features:[],copy:true,empty:0,values:""NaN"",strategy:""mean"",nominal:""most_frequent"",verbose:0,memory:null,cv:5,score:""raise"",params:null,iid:true,iter:100,jobs:-1,distributions:1}}}},dispatch:""2*n_jobs"",state:241849,refit:true,score:""warn"",scoring:null,verbose:1"
"9198133","sklearn.model_selection._search.RandomizedSearchCV(estimator=sklearn.pipeline.Pipeline(imputation=hyperimp.utils.preprocessing.ConditionalImputer,hotencoding=sklearn.preprocessing.data.OneHotEncoder,scaling=sklearn.preprocessing.data.StandardScaler,variencethreshold=sklearn.feature_selection.variance_threshold.VarianceThreshold,clf=sklearn.svm.classes.SVC))(1)","0.5483","features:[],dtype:float64""},unknown:""ignore"",values:""auto"",sparse:true,threshold:0.0,copy:true,mean:false,std:true,C:1.0,size:200,weight:null,coef0:0.0,shape:""ovr"",degree:3,gamma:""auto"",kernel:""rbf"",iter:-1,probability:false,state:20470,shrinking:true,tol:0.001,verbose:false,axis:0,features:[],copy:true,empty:0,values:""NaN"",strategy:""mean"",nominal:""most_frequent"",verbose:0,memory:null,cv:5,score:""raise"",params:null,iid:true,iter:100,jobs:-1,distributions:1}}}},dispatch:""2*n_jobs"",state:979806,refit:true,score:""warn"",scoring:null,verbose:1"
"9951018","sklearn.pipeline.Pipeline(columntransformer=sklearn.compose._column_transformer.ColumnTransformer(numeric=sklearn.pipeline.Pipeline(imputer=sklearn.preprocessing.imputation.Imputer,standardscaler=sklearn.preprocessing.data.StandardScaler),nominal=sklearn.pipeline.Pipeline(simpleimputer=sklearn.impute.SimpleImputer,onehotencoder=sklearn.preprocessing._encoders.OneHotEncoder)),variancethreshold=sklearn.feature_selection.variance_threshold.VarianceThreshold,gradientboostingclassifier=sklearn.ensemble.gradient_boosting.GradientBoostingClassifier)(3)","0.5482","memory:null,jobs:null,remainder:""passthrough"",threshold:0.3,weights:null,memory:null,axis:0,copy:true,values:""NaN"",strategy:""mean"",verbose:0,copy:true,mean:true,std:true,memory:null,copy:true,value:-1,values:NaN,strategy:""constant"",verbose:0,features:null,categories:null,dtype:float64""},unknown:""ignore"",values:null,sparse:true,threshold:0.0,criterion:""friedman_mse"",init:null,rate:43594792811117555,loss:""deviance"",depth:7,features:24691225933663108,nodes:null,decrease:48574554447440244,split:null,leaf:11,split:2,leaf:11402606923208275,estimators:468,change:541,presort:""auto"",state:10882,subsample:3109452789597277,tol:0061651879904844695,fraction:22465500346904532,verbose:0,start:false"
"8707183","sklearn.pipeline.Pipeline(imputation=openmlstudy14.preprocessing.ConditionalImputer,hotencoding=sklearn.preprocessing.data.OneHotEncoder,scaling=sklearn.preprocessing.data.StandardScaler,variencethreshold=sklearn.feature_selection.variance_threshold.VarianceThreshold,classifier=sklearn.svm.classes.SVC)(1)","0.5481","axis:0,features:[],copy:true,empty:0,values:""NaN"",strategy:""median"",nominal:""most_frequent"",verbose:0,features:[],dtype:float64""},unknown:""ignore"",values:""auto"",sparse:true,threshold:0.0,copy:true,mean:false,std:true,C:55200370718617,size:200,weight:null,coef0:8859015665009968,shape:null,degree:2,gamma:007835551542939257,kernel:""rbf"",iter:-1,probability:true,state:29443,shrinking:true,tol:0007501873033051219,verbose:false"
"9885491","sklearn.pipeline.Pipeline(columntransformer=sklearn.compose._column_transformer.ColumnTransformer(numeric=sklearn.pipeline.Pipeline(imputer=sklearn.preprocessing.imputation.Imputer,standardscaler=sklearn.preprocessing.data.StandardScaler),nominal=sklearn.pipeline.Pipeline(simpleimputer=sklearn.impute.SimpleImputer,onehotencoder=sklearn.preprocessing._encoders.OneHotEncoder)),variancethreshold=sklearn.feature_selection.variance_threshold.VarianceThreshold,gradientboostingclassifier=sklearn.ensemble.gradient_boosting.GradientBoostingClassifier)(2)","0.548","axis:0,copy:true,values:""NaN"",strategy:""most_frequent"",verbose:0,copy:true,mean:true,std:true,memory:null,copy:true,value:-1,values:NaN,strategy:""constant"",verbose:0,features:null,categories:null,dtype:float64""},unknown:""ignore"",values:null,sparse:true,criterion:""friedman_mse"",init:null,rate:03228795511065221,loss:""deviance"",depth:2,features:514646904977891,nodes:null,decrease:836496479907539,split:null,leaf:20,split:4,leaf:018095407157206977,estimators:383,change:518,presort:""auto"",state:36448,subsample:673345468579549,tol:0010739797374091761,fraction:44160585832254307,verbose:0,start:false,jobs:null,remainder:""passthrough"",threshold:0.3,weights:null,memory:null,threshold:0.0,memory:null"
"8840648","sklearn.pipeline.Pipeline(imputation=openmlstudy14.preprocessing.ConditionalImputer,hotencoding=sklearn.preprocessing.data.OneHotEncoder,scaling=sklearn.preprocessing.data.StandardScaler,variencethreshold=sklearn.feature_selection.variance_threshold.VarianceThreshold,classifier=sklearn.svm.classes.SVC)(1)","0.547","axis:0,features:[],copy:true,empty:0,values:""NaN"",strategy:""most_frequent"",nominal:""most_frequent"",verbose:0,features:[],dtype:float64""},unknown:""ignore"",values:""auto"",sparse:true,threshold:0.0,copy:true,mean:false,std:true,C:8251794796543651,size:200,weight:null,coef0:05270135354552208,shape:null,degree:3,gamma:2717404731162853,kernel:""rbf"",iter:-1,probability:true,state:24099,shrinking:false,tol:0005285497355173974,verbose:false"
"9967243","sklearn.pipeline.Pipeline(columntransformer=sklearn.compose._column_transformer.ColumnTransformer(numeric=sklearn.pipeline.Pipeline(imputer=sklearn.preprocessing.imputation.Imputer,standardscaler=sklearn.preprocessing.data.StandardScaler),nominal=sklearn.pipeline.Pipeline(simpleimputer=sklearn.impute.SimpleImputer,onehotencoder=sklearn.preprocessing._encoders.OneHotEncoder)),variancethreshold=sklearn.feature_selection.variance_threshold.VarianceThreshold,gradientboostingclassifier=sklearn.ensemble.gradient_boosting.GradientBoostingClassifier)(3)","0.5469","memory:null,jobs:null,remainder:""passthrough"",threshold:0.3,weights:null,memory:null,axis:0,copy:true,values:""NaN"",strategy:""mean"",verbose:0,copy:true,mean:true,std:true,memory:null,copy:true,value:-1,values:NaN,strategy:""constant"",verbose:0,features:null,categories:null,dtype:float64""},unknown:""ignore"",values:null,sparse:true,threshold:0.0,criterion:""friedman_mse"",init:null,rate:14879879884980504,loss:""deviance"",depth:6,features:6420846376314966,nodes:null,decrease:59131564647323,split:null,leaf:6,split:2,leaf:20596364416739454,estimators:161,change:609,presort:""auto"",state:22196,subsample:23174053167663455,tol:020704842311544954,fraction:038146746723609626,verbose:0,start:false"
"9967947","sklearn.pipeline.Pipeline(columntransformer=sklearn.compose._column_transformer.ColumnTransformer(numeric=sklearn.pipeline.Pipeline(imputer=sklearn.preprocessing.imputation.Imputer,standardscaler=sklearn.preprocessing.data.StandardScaler),nominal=sklearn.pipeline.Pipeline(simpleimputer=sklearn.impute.SimpleImputer,onehotencoder=sklearn.preprocessing._encoders.OneHotEncoder)),variancethreshold=sklearn.feature_selection.variance_threshold.VarianceThreshold,gradientboostingclassifier=sklearn.ensemble.gradient_boosting.GradientBoostingClassifier)(3)","0.5467","memory:null,jobs:null,remainder:""passthrough"",threshold:0.3,weights:null,memory:null,axis:0,copy:true,values:""NaN"",strategy:""mean"",verbose:0,copy:true,mean:true,std:true,memory:null,copy:true,value:-1,values:NaN,strategy:""constant"",verbose:0,features:null,categories:null,dtype:float64""},unknown:""ignore"",values:null,sparse:true,threshold:0.0,criterion:""friedman_mse"",init:null,rate:8609520174206342,loss:""deviance"",depth:9,features:5429659184552744,nodes:null,decrease:5951544766722959,split:null,leaf:6,split:3,leaf:182304744258799,estimators:256,change:294,presort:""auto"",state:64890,subsample:8952467621889906,tol:05561716481015188,fraction:28673378398359506,verbose:0,start:false"
"8979762","sklearn.pipeline.Pipeline(imputation=openmlstudy14.preprocessing.ConditionalImputer,hotencoding=sklearn.preprocessing.data.OneHotEncoder,scaling=sklearn.preprocessing.data.StandardScaler,variencethreshold=sklearn.feature_selection.variance_threshold.VarianceThreshold,classifier=sklearn.svm.classes.SVC)(2)","0.5462","axis:0,features:[],copy:true,empty:0,values:""NaN"",strategy:""mean"",nominal:""most_frequent"",verbose:0,features:[],dtype:float64""},unknown:""ignore"",values:""auto"",sparse:true,threshold:0.0,C:4430660825242,size:200,weight:null,coef0:14284276525103512,shape:null,degree:4,gamma:04223677998610487,kernel:""rbf"",iter:-1,probability:true,state:36688,shrinking:false,tol:0164819846212295,verbose:false,copy:true,mean:false,std:true"
"8837524","sklearn.pipeline.Pipeline(imputation=openmlstudy14.preprocessing.ConditionalImputer,hotencoding=sklearn.preprocessing.data.OneHotEncoder,scaling=sklearn.preprocessing.data.StandardScaler,variencethreshold=sklearn.feature_selection.variance_threshold.VarianceThreshold,classifier=sklearn.svm.classes.SVC)(1)","0.546","axis:0,features:[],copy:true,empty:0,values:""NaN"",strategy:""most_frequent"",nominal:""most_frequent"",verbose:0,features:[],dtype:float64""},unknown:""ignore"",values:""auto"",sparse:true,threshold:0.0,copy:true,mean:false,std:true,C:7217685711889,size:200,weight:null,coef0:8705394184319235,shape:null,degree:2,gamma:013433410885042947,kernel:""rbf"",iter:-1,probability:true,state:53784,shrinking:true,tol:004784922014381857,verbose:false"
"9980951","sklearn.pipeline.Pipeline(columntransformer=sklearn.compose._column_transformer.ColumnTransformer(numeric=sklearn.pipeline.Pipeline(imputer=sklearn.preprocessing.imputation.Imputer,standardscaler=sklearn.preprocessing.data.StandardScaler),nominal=sklearn.pipeline.Pipeline(simpleimputer=sklearn.impute.SimpleImputer,onehotencoder=sklearn.preprocessing._encoders.OneHotEncoder)),variancethreshold=sklearn.feature_selection.variance_threshold.VarianceThreshold,gradientboostingclassifier=sklearn.ensemble.gradient_boosting.GradientBoostingClassifier)(3)","0.5459","memory:null,jobs:null,remainder:""passthrough"",threshold:0.3,weights:null,memory:null,axis:0,copy:true,values:""NaN"",strategy:""most_frequent"",verbose:0,copy:true,mean:true,std:true,memory:null,copy:true,value:-1,values:NaN,strategy:""constant"",verbose:0,features:null,categories:null,dtype:float64""},unknown:""ignore"",values:null,sparse:true,threshold:0.0,criterion:""friedman_mse"",init:null,rate:013367037375784097,loss:""deviance"",depth:7,features:6753542602558171,nodes:null,decrease:6943436621901398,split:null,leaf:2,split:4,leaf:06881682212816109,estimators:413,change:216,presort:""auto"",state:31233,subsample:31008824207207475,tol:005643667775827027,fraction:707470009536753,verbose:0,start:false"
"9949638","sklearn.pipeline.Pipeline(columntransformer=sklearn.compose._column_transformer.ColumnTransformer(numeric=sklearn.pipeline.Pipeline(imputer=sklearn.preprocessing.imputation.Imputer,standardscaler=sklearn.preprocessing.data.StandardScaler),nominal=sklearn.pipeline.Pipeline(simpleimputer=sklearn.impute.SimpleImputer,onehotencoder=sklearn.preprocessing._encoders.OneHotEncoder)),variancethreshold=sklearn.feature_selection.variance_threshold.VarianceThreshold,gradientboostingclassifier=sklearn.ensemble.gradient_boosting.GradientBoostingClassifier)(3)","0.5457","memory:null,jobs:null,remainder:""passthrough"",threshold:0.3,weights:null,memory:null,axis:0,copy:true,values:""NaN"",strategy:""mean"",verbose:0,copy:true,mean:true,std:true,memory:null,copy:true,value:-1,values:NaN,strategy:""constant"",verbose:0,features:null,categories:null,dtype:float64""},unknown:""ignore"",values:null,sparse:true,threshold:0.0,criterion:""friedman_mse"",init:null,rate:14794383473403627,loss:""deviance"",depth:10,features:44518035425406355,nodes:null,decrease:8705084247375122,split:null,leaf:9,split:19,leaf:14493284754504288,estimators:315,change:60,presort:""auto"",state:1707,subsample:6612510410707796,tol:003953209823680281,fraction:390836332272424,verbose:0,start:false"
"8699218","sklearn.pipeline.Pipeline(imputation=openmlstudy14.preprocessing.ConditionalImputer,hotencoding=sklearn.preprocessing.data.OneHotEncoder,scaling=sklearn.preprocessing.data.StandardScaler,variencethreshold=sklearn.feature_selection.variance_threshold.VarianceThreshold,classifier=sklearn.svm.classes.SVC)(1)","0.5455","axis:0,features:[],copy:true,empty:0,values:""NaN"",strategy:""most_frequent"",nominal:""most_frequent"",verbose:0,features:[],dtype:float64""},unknown:""ignore"",values:""auto"",sparse:true,threshold:0.0,copy:true,mean:false,std:true,C:32912688812456,size:200,weight:null,coef0:027223472486649358,shape:null,degree:2,gamma:006112426913839667,kernel:""rbf"",iter:-1,probability:true,state:30820,shrinking:false,tol:00723591561680463,verbose:false"
"8728264","sklearn.pipeline.Pipeline(imputation=openmlstudy14.preprocessing.ConditionalImputer,hotencoding=sklearn.preprocessing.data.OneHotEncoder,scaling=sklearn.preprocessing.data.StandardScaler,variencethreshold=sklearn.feature_selection.variance_threshold.VarianceThreshold,classifier=sklearn.svm.classes.SVC)(1)","0.5451","axis:0,features:[],copy:true,empty:0,values:""NaN"",strategy:""median"",nominal:""most_frequent"",verbose:0,features:[],dtype:float64""},unknown:""ignore"",values:""auto"",sparse:true,threshold:0.0,copy:true,mean:false,std:true,C:69035719912857,size:200,weight:null,coef0:20785593778626077,shape:null,degree:2,gamma:005864968473975231,kernel:""rbf"",iter:-1,probability:true,state:9824,shrinking:true,tol:00018356190861398676,verbose:false"
"8845699","sklearn.pipeline.Pipeline(imputation=openmlstudy14.preprocessing.ConditionalImputer,hotencoding=sklearn.preprocessing.data.OneHotEncoder,scaling=sklearn.preprocessing.data.StandardScaler,variencethreshold=sklearn.feature_selection.variance_threshold.VarianceThreshold,classifier=sklearn.svm.classes.SVC)(1)","0.5449","axis:0,features:[],copy:true,empty:0,values:""NaN"",strategy:""median"",nominal:""most_frequent"",verbose:0,features:[],dtype:float64""},unknown:""ignore"",values:""auto"",sparse:true,threshold:0.0,copy:true,mean:false,std:true,C:5647378211385,size:200,weight:null,coef0:791844767791686,shape:null,degree:2,gamma:01971544381106057,kernel:""rbf"",iter:-1,probability:true,state:13659,shrinking:false,tol:0005187138297734966,verbose:false"
"9886139","sklearn.pipeline.Pipeline(columntransformer=sklearn.compose._column_transformer.ColumnTransformer(numeric=sklearn.pipeline.Pipeline(imputer=sklearn.preprocessing.imputation.Imputer,standardscaler=sklearn.preprocessing.data.StandardScaler),nominal=sklearn.pipeline.Pipeline(simpleimputer=sklearn.impute.SimpleImputer,onehotencoder=sklearn.preprocessing._encoders.OneHotEncoder)),variancethreshold=sklearn.feature_selection.variance_threshold.VarianceThreshold,gradientboostingclassifier=sklearn.ensemble.gradient_boosting.GradientBoostingClassifier)(2)","0.5447","axis:0,copy:true,values:""NaN"",strategy:""mean"",verbose:0,copy:true,mean:true,std:true,memory:null,copy:true,value:-1,values:NaN,strategy:""constant"",verbose:0,features:null,categories:null,dtype:float64""},unknown:""ignore"",values:null,sparse:true,criterion:""friedman_mse"",init:null,rate:039123511969983225,loss:""deviance"",depth:6,features:5340328057924211,nodes:null,decrease:7725651488281527,split:null,leaf:12,split:16,leaf:08418627333425582,estimators:459,change:299,presort:""auto"",state:40176,subsample:888423895814877,tol:0787298361354628e-05,fraction:5833809186053329,verbose:0,start:false,jobs:null,remainder:""passthrough"",threshold:0.3,weights:null,memory:null,threshold:0.0,memory:null"
"1666043","weka.SimpleCart(4)","0.5437","M:2.0,N:5,C:1.0,S:1"
"9915150","sklearn.pipeline.Pipeline(columntransformer=sklearn.compose._column_transformer.ColumnTransformer(numeric=sklearn.pipeline.Pipeline(imputer=sklearn.preprocessing.imputation.Imputer,standardscaler=sklearn.preprocessing.data.StandardScaler),nominal=sklearn.pipeline.Pipeline(simpleimputer=sklearn.impute.SimpleImputer,onehotencoder=sklearn.preprocessing._encoders.OneHotEncoder)),variancethreshold=sklearn.feature_selection.variance_threshold.VarianceThreshold,gradientboostingclassifier=sklearn.ensemble.gradient_boosting.GradientBoostingClassifier)(1)","0.5432","memory:null,jobs:null,remainder:""passthrough"",threshold:0.3,weights:null,memory:null,axis:0,copy:true,values:""NaN"",strategy:""median"",verbose:0,copy:true,mean:true,std:true,memory:null,copy:true,value:-1,values:NaN,strategy:""constant"",verbose:0,features:null,categories:null,dtype:float64""},unknown:""ignore"",values:null,sparse:true,threshold:0.0,criterion:""friedman_mse"",init:null,rate:21284244250122492,loss:""deviance"",depth:3,features:3457975910353098,nodes:null,decrease:5817090339496155,split:null,leaf:15,split:14,leaf:009312101579987186,estimators:111,change:54,presort:""auto"",state:33667,subsample:10502004780761398,tol:04697938464167904,fraction:15809033138521045,verbose:0,start:false"
"8963782","sklearn.pipeline.Pipeline(imputation=openmlstudy14.preprocessing.ConditionalImputer,hotencoding=sklearn.preprocessing.data.OneHotEncoder,scaling=sklearn.preprocessing.data.StandardScaler,variencethreshold=sklearn.feature_selection.variance_threshold.VarianceThreshold,classifier=sklearn.svm.classes.SVC)(2)","0.5432","axis:0,features:[],copy:true,empty:0,values:""NaN"",strategy:""most_frequent"",nominal:""most_frequent"",verbose:0,features:[],dtype:float64""},unknown:""ignore"",values:""auto"",sparse:true,threshold:0.0,C:2974335421705825,size:200,weight:null,coef0:9330247918945072,shape:null,degree:2,gamma:01625577682435211,kernel:""rbf"",iter:-1,probability:true,state:22662,shrinking:false,tol:0008917842396084379,verbose:false,copy:true,mean:false,std:true"
"9904459","sklearn.pipeline.Pipeline(columntransformer=sklearn.compose._column_transformer.ColumnTransformer(numeric=sklearn.pipeline.Pipeline(imputer=sklearn.preprocessing.imputation.Imputer,standardscaler=sklearn.preprocessing.data.StandardScaler),nominal=sklearn.pipeline.Pipeline(simpleimputer=sklearn.impute.SimpleImputer,onehotencoder=sklearn.preprocessing._encoders.OneHotEncoder)),variancethreshold=sklearn.feature_selection.variance_threshold.VarianceThreshold,gradientboostingclassifier=sklearn.ensemble.gradient_boosting.GradientBoostingClassifier)(2)","0.5431","axis:0,copy:true,values:""NaN"",strategy:""median"",verbose:0,copy:true,mean:true,std:true,memory:null,copy:true,value:-1,values:NaN,strategy:""constant"",verbose:0,features:null,categories:null,dtype:float64""},unknown:""ignore"",values:null,sparse:true,criterion:""friedman_mse"",init:null,rate:43896988917568186,loss:""deviance"",depth:7,features:04428971972749196,nodes:null,decrease:9109505392967999,split:null,leaf:4,split:7,leaf:022388633127955804,estimators:351,change:553,presort:""auto"",state:61787,subsample:484033178174062,tol:00127082905085557,fraction:06667156975663746,verbose:0,start:false,jobs:null,remainder:""passthrough"",threshold:0.3,weights:null,memory:null,threshold:0.0,memory:null"
"8820973","sklearn.pipeline.Pipeline(imputation=openmlstudy14.preprocessing.ConditionalImputer,hotencoding=sklearn.preprocessing.data.OneHotEncoder,scaling=sklearn.preprocessing.data.StandardScaler,variencethreshold=sklearn.feature_selection.variance_threshold.VarianceThreshold,classifier=sklearn.svm.classes.SVC)(1)","0.5431","axis:0,features:[],copy:true,empty:0,values:""NaN"",strategy:""most_frequent"",nominal:""most_frequent"",verbose:0,features:[],dtype:float64""},unknown:""ignore"",values:""auto"",sparse:true,threshold:0.0,copy:true,mean:false,std:true,C:977476874475066,size:200,weight:null,coef0:6432182556413641,shape:null,degree:1,gamma:009005827400240156,kernel:""rbf"",iter:-1,probability:true,state:17294,shrinking:false,tol:339384109134003e-05,verbose:false"
"9957555","sklearn.pipeline.Pipeline(columntransformer=sklearn.compose._column_transformer.ColumnTransformer(numeric=sklearn.pipeline.Pipeline(imputer=sklearn.preprocessing.imputation.Imputer,standardscaler=sklearn.preprocessing.data.StandardScaler),nominal=sklearn.pipeline.Pipeline(simpleimputer=sklearn.impute.SimpleImputer,onehotencoder=sklearn.preprocessing._encoders.OneHotEncoder)),variancethreshold=sklearn.feature_selection.variance_threshold.VarianceThreshold,gradientboostingclassifier=sklearn.ensemble.gradient_boosting.GradientBoostingClassifier)(3)","0.5429","memory:null,jobs:null,remainder:""passthrough"",threshold:0.3,weights:null,memory:null,axis:0,copy:true,values:""NaN"",strategy:""most_frequent"",verbose:0,copy:true,mean:true,std:true,memory:null,copy:true,value:-1,values:NaN,strategy:""constant"",verbose:0,features:null,categories:null,dtype:float64""},unknown:""ignore"",values:null,sparse:true,threshold:0.0,criterion:""friedman_mse"",init:null,rate:2392733384166322,loss:""deviance"",depth:6,features:5244167521459548,nodes:null,decrease:34987062714007533,split:null,leaf:11,split:16,leaf:2749886514230201,estimators:433,change:899,presort:""auto"",state:7910,subsample:3919286593261372,tol:042645416592209e-05,fraction:30356942694855227,verbose:0,start:false"
"9943552","sklearn.pipeline.Pipeline(columntransformer=sklearn.compose._column_transformer.ColumnTransformer(numeric=sklearn.pipeline.Pipeline(imputer=sklearn.preprocessing.imputation.Imputer,standardscaler=sklearn.preprocessing.data.StandardScaler),nominal=sklearn.pipeline.Pipeline(simpleimputer=sklearn.impute.SimpleImputer,onehotencoder=sklearn.preprocessing._encoders.OneHotEncoder)),variancethreshold=sklearn.feature_selection.variance_threshold.VarianceThreshold,gradientboostingclassifier=sklearn.ensemble.gradient_boosting.GradientBoostingClassifier)(3)","0.5426","memory:null,jobs:null,remainder:""passthrough"",threshold:0.3,weights:null,memory:null,axis:0,copy:true,values:""NaN"",strategy:""mean"",verbose:0,copy:true,mean:true,std:true,memory:null,copy:true,value:-1,values:NaN,strategy:""constant"",verbose:0,features:null,categories:null,dtype:float64""},unknown:""ignore"",values:null,sparse:true,threshold:0.0,criterion:""friedman_mse"",init:null,rate:6026918303043747,loss:""deviance"",depth:5,features:8814391587368585,nodes:null,decrease:8914423259978937,split:null,leaf:18,split:14,leaf:2515518499654826,estimators:468,change:273,presort:""auto"",state:18501,subsample:686617771124544,tol:6135444081469974e-05,fraction:020656777021322514,verbose:0,start:false"
"8828764","sklearn.pipeline.Pipeline(imputation=openmlstudy14.preprocessing.ConditionalImputer,hotencoding=sklearn.preprocessing.data.OneHotEncoder,scaling=sklearn.preprocessing.data.StandardScaler,variencethreshold=sklearn.feature_selection.variance_threshold.VarianceThreshold,classifier=sklearn.svm.classes.SVC)(1)","0.5425","axis:0,features:[],copy:true,empty:0,values:""NaN"",strategy:""mean"",nominal:""most_frequent"",verbose:0,features:[],dtype:float64""},unknown:""ignore"",values:""auto"",sparse:true,threshold:0.0,copy:true,mean:false,std:true,C:9974373428111,size:200,weight:null,coef0:0050842096460628206,shape:null,degree:4,gamma:5348868932576294,kernel:""rbf"",iter:-1,probability:true,state:54575,shrinking:false,tol:00019424112701761385,verbose:false"
"9945543","sklearn.pipeline.Pipeline(columntransformer=sklearn.compose._column_transformer.ColumnTransformer(numeric=sklearn.pipeline.Pipeline(imputer=sklearn.preprocessing.imputation.Imputer,standardscaler=sklearn.preprocessing.data.StandardScaler),nominal=sklearn.pipeline.Pipeline(simpleimputer=sklearn.impute.SimpleImputer,onehotencoder=sklearn.preprocessing._encoders.OneHotEncoder)),variancethreshold=sklearn.feature_selection.variance_threshold.VarianceThreshold,gradientboostingclassifier=sklearn.ensemble.gradient_boosting.GradientBoostingClassifier)(3)","0.5422","memory:null,jobs:null,remainder:""passthrough"",threshold:0.3,weights:null,memory:null,axis:0,copy:true,values:""NaN"",strategy:""median"",verbose:0,copy:true,mean:true,std:true,memory:null,copy:true,value:-1,values:NaN,strategy:""constant"",verbose:0,features:null,categories:null,dtype:float64""},unknown:""ignore"",values:null,sparse:true,threshold:0.0,criterion:""friedman_mse"",init:null,rate:5574687563066221,loss:""deviance"",depth:8,features:4056478219230043,nodes:null,decrease:37734546176751826,split:null,leaf:15,split:17,leaf:04844351661599866,estimators:371,change:760,presort:""auto"",state:55071,subsample:8008139814293823,tol:032886942834152076,fraction:6854044246585005,verbose:0,start:false"
"9881768","sklearn.pipeline.Pipeline(columntransformer=sklearn.compose._column_transformer.ColumnTransformer(numeric=sklearn.pipeline.Pipeline(imputer=sklearn.preprocessing.imputation.Imputer,standardscaler=sklearn.preprocessing.data.StandardScaler),nominal=sklearn.pipeline.Pipeline(simpleimputer=sklearn.impute.SimpleImputer,onehotencoder=sklearn.preprocessing._encoders.OneHotEncoder)),variancethreshold=sklearn.feature_selection.variance_threshold.VarianceThreshold,gradientboostingclassifier=sklearn.ensemble.gradient_boosting.GradientBoostingClassifier)(2)","0.5422","axis:0,copy:true,values:""NaN"",strategy:""most_frequent"",verbose:0,copy:true,mean:true,std:true,memory:null,copy:true,value:-1,values:NaN,strategy:""constant"",verbose:0,features:null,categories:null,dtype:float64""},unknown:""ignore"",values:null,sparse:true,criterion:""friedman_mse"",init:null,rate:4107313523076903,loss:""deviance"",depth:6,features:8639766726869499,nodes:null,decrease:30482026243605875,split:null,leaf:10,split:17,leaf:27400433230618815,estimators:463,change:227,presort:""auto"",state:32961,subsample:5344458947017635,tol:0010251771201021961,fraction:4062394021068455,verbose:0,start:false,jobs:null,remainder:""passthrough"",threshold:0.3,weights:null,memory:null,threshold:0.0,memory:null"
"9873976","sklearn.pipeline.Pipeline(columntransformer=sklearn.compose._column_transformer.ColumnTransformer(numeric=sklearn.pipeline.Pipeline(imputer=sklearn.preprocessing.imputation.Imputer,standardscaler=sklearn.preprocessing.data.StandardScaler),nominal=sklearn.pipeline.Pipeline(simpleimputer=sklearn.impute.SimpleImputer,onehotencoder=sklearn.preprocessing._encoders.OneHotEncoder)),variancethreshold=sklearn.feature_selection.variance_threshold.VarianceThreshold,gradientboostingclassifier=sklearn.ensemble.gradient_boosting.GradientBoostingClassifier)(2)","0.5419","axis:0,copy:true,values:""NaN"",strategy:""mean"",verbose:0,copy:true,mean:true,std:true,memory:null,copy:true,value:-1,values:NaN,strategy:""constant"",verbose:0,features:null,categories:null,dtype:float64""},unknown:""ignore"",values:null,sparse:true,criterion:""friedman_mse"",init:null,rate:01208860034890983,loss:""deviance"",depth:9,features:7051233999820772,nodes:null,decrease:988917352596353,split:null,leaf:20,split:3,leaf:03816712707491221,estimators:508,change:312,presort:""auto"",state:58305,subsample:580224562660956,tol:00032275025139803397,fraction:7565842760986502,verbose:0,start:false,jobs:null,remainder:""passthrough"",threshold:0.3,weights:null,memory:null,threshold:0.0,memory:null"
"8809956","sklearn.pipeline.Pipeline(imputation=openmlstudy14.preprocessing.ConditionalImputer,hotencoding=sklearn.preprocessing.data.OneHotEncoder,scaling=sklearn.preprocessing.data.StandardScaler,variencethreshold=sklearn.feature_selection.variance_threshold.VarianceThreshold,classifier=sklearn.svm.classes.SVC)(1)","0.5417","axis:0,features:[],copy:true,empty:0,values:""NaN"",strategy:""mean"",nominal:""most_frequent"",verbose:0,features:[],dtype:float64""},unknown:""ignore"",values:""auto"",sparse:true,threshold:0.0,copy:true,mean:false,std:true,C:7772173711451,size:200,weight:null,coef0:3973339946071459,shape:null,degree:4,gamma:012552683239776364,kernel:""rbf"",iter:-1,probability:true,state:4821,shrinking:true,tol:01996910067032543,verbose:false"
"9886436","sklearn.pipeline.Pipeline(columntransformer=sklearn.compose._column_transformer.ColumnTransformer(numeric=sklearn.pipeline.Pipeline(imputer=sklearn.preprocessing.imputation.Imputer,standardscaler=sklearn.preprocessing.data.StandardScaler),nominal=sklearn.pipeline.Pipeline(simpleimputer=sklearn.impute.SimpleImputer,onehotencoder=sklearn.preprocessing._encoders.OneHotEncoder)),variancethreshold=sklearn.feature_selection.variance_threshold.VarianceThreshold,gradientboostingclassifier=sklearn.ensemble.gradient_boosting.GradientBoostingClassifier)(2)","0.5415","axis:0,copy:true,values:""NaN"",strategy:""median"",verbose:0,copy:true,mean:true,std:true,memory:null,copy:true,value:-1,values:NaN,strategy:""constant"",verbose:0,features:null,categories:null,dtype:float64""},unknown:""ignore"",values:null,sparse:true,criterion:""friedman_mse"",init:null,rate:10676827386072649,loss:""deviance"",depth:8,features:2607051920707193,nodes:null,decrease:004441349404555539,split:null,leaf:14,split:19,leaf:2688635633550851,estimators:393,change:542,presort:""auto"",state:31288,subsample:5897162202786775,tol:01436157571232692,fraction:07555552402322663,verbose:0,start:false,jobs:null,remainder:""passthrough"",threshold:0.3,weights:null,memory:null,threshold:0.0,memory:null"
"9888861","sklearn.pipeline.Pipeline(columntransformer=sklearn.compose._column_transformer.ColumnTransformer(numeric=sklearn.pipeline.Pipeline(imputer=sklearn.preprocessing.imputation.Imputer,standardscaler=sklearn.preprocessing.data.StandardScaler),nominal=sklearn.pipeline.Pipeline(simpleimputer=sklearn.impute.SimpleImputer,onehotencoder=sklearn.preprocessing._encoders.OneHotEncoder)),variancethreshold=sklearn.feature_selection.variance_threshold.VarianceThreshold,gradientboostingclassifier=sklearn.ensemble.gradient_boosting.GradientBoostingClassifier)(2)","0.5408","axis:0,copy:true,values:""NaN"",strategy:""mean"",verbose:0,copy:true,mean:true,std:true,memory:null,copy:true,value:-1,values:NaN,strategy:""constant"",verbose:0,features:null,categories:null,dtype:float64""},unknown:""ignore"",values:null,sparse:true,criterion:""friedman_mse"",init:null,rate:019248890124318303,loss:""deviance"",depth:3,features:7058442231426922,nodes:null,decrease:8896834399129137,split:null,leaf:1,split:7,leaf:10688810527850129,estimators:438,change:472,presort:""auto"",state:15083,subsample:696311830602546,tol:012325310081946877,fraction:3136476775135998,verbose:0,start:false,jobs:null,remainder:""passthrough"",threshold:0.3,weights:null,memory:null,threshold:0.0,memory:null"
"9986269","sklearn.pipeline.Pipeline(columntransformer=sklearn.compose._column_transformer.ColumnTransformer(numeric=sklearn.pipeline.Pipeline(imputer=sklearn.preprocessing.imputation.Imputer,standardscaler=sklearn.preprocessing.data.StandardScaler),nominal=sklearn.pipeline.Pipeline(simpleimputer=sklearn.impute.SimpleImputer,onehotencoder=sklearn.preprocessing._encoders.OneHotEncoder)),variancethreshold=sklearn.feature_selection.variance_threshold.VarianceThreshold,gradientboostingclassifier=sklearn.ensemble.gradient_boosting.GradientBoostingClassifier)(3)","0.5407","memory:null,jobs:null,remainder:""passthrough"",threshold:0.3,weights:null,memory:null,axis:0,copy:true,values:""NaN"",strategy:""most_frequent"",verbose:0,copy:true,mean:true,std:true,memory:null,copy:true,value:-1,values:NaN,strategy:""constant"",verbose:0,features:null,categories:null,dtype:float64""},unknown:""ignore"",values:null,sparse:true,threshold:0.0,criterion:""friedman_mse"",init:null,rate:46071266244605846,loss:""deviance"",depth:3,features:9961547975022212,nodes:null,decrease:9114661593666209,split:null,leaf:12,split:9,leaf:1912831646811533,estimators:335,change:747,presort:""auto"",state:47998,subsample:8284742090273536,tol:00033773563789997,fraction:3165314610987967,verbose:0,start:false"
"9878243","sklearn.pipeline.Pipeline(columntransformer=sklearn.compose._column_transformer.ColumnTransformer(numeric=sklearn.pipeline.Pipeline(imputer=sklearn.preprocessing.imputation.Imputer,standardscaler=sklearn.preprocessing.data.StandardScaler),nominal=sklearn.pipeline.Pipeline(simpleimputer=sklearn.impute.SimpleImputer,onehotencoder=sklearn.preprocessing._encoders.OneHotEncoder)),variancethreshold=sklearn.feature_selection.variance_threshold.VarianceThreshold,gradientboostingclassifier=sklearn.ensemble.gradient_boosting.GradientBoostingClassifier)(2)","0.5407","axis:0,copy:true,values:""NaN"",strategy:""median"",verbose:0,copy:true,mean:true,std:true,memory:null,copy:true,value:-1,values:NaN,strategy:""constant"",verbose:0,features:null,categories:null,dtype:float64""},unknown:""ignore"",values:null,sparse:true,criterion:""friedman_mse"",init:null,rate:3155031138742776,loss:""deviance"",depth:3,features:3890291687194346,nodes:null,decrease:24280851166410256,split:null,leaf:5,split:4,leaf:2640150348536833,estimators:275,change:510,presort:""auto"",state:3805,subsample:8510544842973374,tol:08119553984317462,fraction:21217659280853707,verbose:0,start:false,jobs:null,remainder:""passthrough"",threshold:0.3,weights:null,memory:null,threshold:0.0,memory:null"
"8737634","sklearn.pipeline.Pipeline(imputation=openmlstudy14.preprocessing.ConditionalImputer,hotencoding=sklearn.preprocessing.data.OneHotEncoder,scaling=sklearn.preprocessing.data.StandardScaler,variencethreshold=sklearn.feature_selection.variance_threshold.VarianceThreshold,classifier=sklearn.svm.classes.SVC)(1)","0.5407","axis:0,features:[],copy:true,empty:0,values:""NaN"",strategy:""mean"",nominal:""most_frequent"",verbose:0,features:[],dtype:float64""},unknown:""ignore"",values:""auto"",sparse:true,threshold:0.0,copy:true,mean:false,std:true,C:3604266118596,size:200,weight:null,coef0:6587625839198892,shape:null,degree:5,gamma:3919977262895834,kernel:""rbf"",iter:-1,probability:true,state:51540,shrinking:false,tol:011400440754117737,verbose:false"
"9909368","sklearn.pipeline.Pipeline(columntransformer=sklearn.compose._column_transformer.ColumnTransformer(numeric=sklearn.pipeline.Pipeline(imputer=sklearn.preprocessing.imputation.Imputer,standardscaler=sklearn.preprocessing.data.StandardScaler),nominal=sklearn.pipeline.Pipeline(simpleimputer=sklearn.impute.SimpleImputer,onehotencoder=sklearn.preprocessing._encoders.OneHotEncoder)),variancethreshold=sklearn.feature_selection.variance_threshold.VarianceThreshold,gradientboostingclassifier=sklearn.ensemble.gradient_boosting.GradientBoostingClassifier)(1)","0.5406","memory:null,jobs:null,remainder:""passthrough"",threshold:0.3,weights:null,memory:null,axis:0,copy:true,values:""NaN"",strategy:""most_frequent"",verbose:0,copy:true,mean:true,std:true,memory:null,copy:true,value:-1,values:NaN,strategy:""constant"",verbose:0,features:null,categories:null,dtype:float64""},unknown:""ignore"",values:null,sparse:true,threshold:0.0,criterion:""friedman_mse"",init:null,rate:045439141892097246,loss:""deviance"",depth:4,features:8128635315224032,nodes:null,decrease:39375400685239104,split:null,leaf:19,split:7,leaf:20816061009470582,estimators:305,change:696,presort:""auto"",state:63754,subsample:2718497561393818,tol:06033078772071426,fraction:08204820991917183,verbose:0,start:false"
"9868813","sklearn.pipeline.Pipeline(columntransformer=sklearn.compose._column_transformer.ColumnTransformer(numeric=sklearn.pipeline.Pipeline(imputer=sklearn.preprocessing.imputation.Imputer,standardscaler=sklearn.preprocessing.data.StandardScaler),nominal=sklearn.pipeline.Pipeline(simpleimputer=sklearn.impute.SimpleImputer,onehotencoder=sklearn.preprocessing._encoders.OneHotEncoder)),variancethreshold=sklearn.feature_selection.variance_threshold.VarianceThreshold,gradientboostingclassifier=sklearn.ensemble.gradient_boosting.GradientBoostingClassifier)(1)","0.5404","memory:null,jobs:null,remainder:""passthrough"",threshold:0.3,weights:null,memory:null,axis:0,copy:true,values:""NaN"",strategy:""mean"",verbose:0,copy:true,mean:true,std:true,memory:null,copy:true,value:-1,values:NaN,strategy:""constant"",verbose:0,features:null,categories:null,dtype:float64""},unknown:""ignore"",values:null,sparse:true,threshold:0.0,criterion:""friedman_mse"",init:null,rate:5283467497179479,loss:""deviance"",depth:10,features:912554919697284,nodes:null,decrease:0557693854849004,split:null,leaf:16,split:14,leaf:24984253979516652,estimators:437,change:118,presort:""auto"",state:12591,subsample:6998480822251089,tol:007759351853764344,fraction:3782134226329188,verbose:0,start:false"
"9916944","sklearn.pipeline.Pipeline(columntransformer=sklearn.compose._column_transformer.ColumnTransformer(numeric=sklearn.pipeline.Pipeline(imputer=sklearn.preprocessing.imputation.Imputer,standardscaler=sklearn.preprocessing.data.StandardScaler),nominal=sklearn.pipeline.Pipeline(simpleimputer=sklearn.impute.SimpleImputer,onehotencoder=sklearn.preprocessing._encoders.OneHotEncoder)),variancethreshold=sklearn.feature_selection.variance_threshold.VarianceThreshold,gradientboostingclassifier=sklearn.ensemble.gradient_boosting.GradientBoostingClassifier)(1)","0.5404","memory:null,jobs:null,remainder:""passthrough"",threshold:0.3,weights:null,memory:null,axis:0,copy:true,values:""NaN"",strategy:""mean"",verbose:0,copy:true,mean:true,std:true,memory:null,copy:true,value:-1,values:NaN,strategy:""constant"",verbose:0,features:null,categories:null,dtype:float64""},unknown:""ignore"",values:null,sparse:true,threshold:0.0,criterion:""friedman_mse"",init:null,rate:5742185417138497,loss:""deviance"",depth:8,features:994881568703292,nodes:null,decrease:4777212429842127,split:null,leaf:4,split:3,leaf:2393168496928153,estimators:84,change:700,presort:""auto"",state:7151,subsample:4193540188873208,tol:0012387796243316354,fraction:005561831306245102,verbose:0,start:false"
"9989752","sklearn.pipeline.Pipeline(columntransformer=sklearn.compose._column_transformer.ColumnTransformer(numeric=sklearn.pipeline.Pipeline(imputer=sklearn.preprocessing.imputation.Imputer,standardscaler=sklearn.preprocessing.data.StandardScaler),nominal=sklearn.pipeline.Pipeline(simpleimputer=sklearn.impute.SimpleImputer,onehotencoder=sklearn.preprocessing._encoders.OneHotEncoder)),variancethreshold=sklearn.feature_selection.variance_threshold.VarianceThreshold,gradientboostingclassifier=sklearn.ensemble.gradient_boosting.GradientBoostingClassifier)(3)","0.5403","memory:null,jobs:null,remainder:""passthrough"",threshold:0.3,weights:null,memory:null,axis:0,copy:true,values:""NaN"",strategy:""median"",verbose:0,copy:true,mean:true,std:true,memory:null,copy:true,value:-1,values:NaN,strategy:""constant"",verbose:0,features:null,categories:null,dtype:float64""},unknown:""ignore"",values:null,sparse:true,threshold:0.0,criterion:""friedman_mse"",init:null,rate:09173474869696233,loss:""deviance"",depth:4,features:6752263954532102,nodes:null,decrease:01912226194689648,split:null,leaf:3,split:8,leaf:13322030677864533,estimators:385,change:286,presort:""auto"",state:16599,subsample:5779442659978032,tol:007195691382192964,fraction:8057393239005067,verbose:0,start:false"
"9957262","sklearn.pipeline.Pipeline(columntransformer=sklearn.compose._column_transformer.ColumnTransformer(numeric=sklearn.pipeline.Pipeline(imputer=sklearn.preprocessing.imputation.Imputer,standardscaler=sklearn.preprocessing.data.StandardScaler),nominal=sklearn.pipeline.Pipeline(simpleimputer=sklearn.impute.SimpleImputer,onehotencoder=sklearn.preprocessing._encoders.OneHotEncoder)),variancethreshold=sklearn.feature_selection.variance_threshold.VarianceThreshold,gradientboostingclassifier=sklearn.ensemble.gradient_boosting.GradientBoostingClassifier)(3)","0.5403","memory:null,jobs:null,remainder:""passthrough"",threshold:0.3,weights:null,memory:null,axis:0,copy:true,values:""NaN"",strategy:""most_frequent"",verbose:0,copy:true,mean:true,std:true,memory:null,copy:true,value:-1,values:NaN,strategy:""constant"",verbose:0,features:null,categories:null,dtype:float64""},unknown:""ignore"",values:null,sparse:true,threshold:0.0,criterion:""friedman_mse"",init:null,rate:0720739144748196,loss:""deviance"",depth:2,features:3344416531967913,nodes:null,decrease:4114192527923014,split:null,leaf:11,split:6,leaf:183315198722655,estimators:475,change:414,presort:""auto"",state:55918,subsample:6649662675613922,tol:00011477526186695471,fraction:559235464693053,verbose:0,start:false"
"9999907","sklearn.pipeline.Pipeline(columntransformer=sklearn.compose._column_transformer.ColumnTransformer(numeric=sklearn.pipeline.Pipeline(imputer=sklearn.preprocessing.imputation.Imputer,standardscaler=sklearn.preprocessing.data.StandardScaler),nominal=sklearn.pipeline.Pipeline(simpleimputer=sklearn.impute.SimpleImputer,onehotencoder=sklearn.preprocessing._encoders.OneHotEncoder)),variancethreshold=sklearn.feature_selection.variance_threshold.VarianceThreshold,gradientboostingclassifier=sklearn.ensemble.gradient_boosting.GradientBoostingClassifier)(3)","0.5402","memory:null,jobs:null,remainder:""passthrough"",threshold:0.3,weights:null,memory:null,axis:0,copy:true,values:""NaN"",strategy:""median"",verbose:0,copy:true,mean:true,std:true,memory:null,copy:true,value:-1,values:NaN,strategy:""constant"",verbose:0,features:null,categories:null,dtype:float64""},unknown:""ignore"",values:null,sparse:true,threshold:0.0,criterion:""friedman_mse"",init:null,rate:01783881915193322,loss:""deviance"",depth:4,features:4665819077134564,nodes:null,decrease:93119536865229,split:null,leaf:17,split:15,leaf:07230467658611411,estimators:414,change:127,presort:""auto"",state:55920,subsample:5653090392500553,tol:01756106458879618,fraction:4717350008326866,verbose:0,start:false"
"8709313","sklearn.pipeline.Pipeline(imputation=openmlstudy14.preprocessing.ConditionalImputer,hotencoding=sklearn.preprocessing.data.OneHotEncoder,scaling=sklearn.preprocessing.data.StandardScaler,variencethreshold=sklearn.feature_selection.variance_threshold.VarianceThreshold,classifier=sklearn.svm.classes.SVC)(1)","0.5398","axis:0,features:[],copy:true,empty:0,values:""NaN"",strategy:""mean"",nominal:""most_frequent"",verbose:0,features:[],dtype:float64""},unknown:""ignore"",values:""auto"",sparse:true,threshold:0.0,copy:true,mean:false,std:true,C:6720313447564,size:200,weight:null,coef0:39602129060155433,shape:null,degree:4,gamma:8664810270315759,kernel:""rbf"",iter:-1,probability:true,state:23707,shrinking:false,tol:043998814576769366,verbose:false"
"8811138","sklearn.pipeline.Pipeline(imputation=openmlstudy14.preprocessing.ConditionalImputer,hotencoding=sklearn.preprocessing.data.OneHotEncoder,scaling=sklearn.preprocessing.data.StandardScaler,variencethreshold=sklearn.feature_selection.variance_threshold.VarianceThreshold,classifier=sklearn.svm.classes.SVC)(1)","0.5397","axis:0,features:[],copy:true,empty:0,values:""NaN"",strategy:""median"",nominal:""most_frequent"",verbose:0,features:[],dtype:float64""},unknown:""ignore"",values:""auto"",sparse:true,threshold:0.0,copy:true,mean:false,std:true,C:0072891247344,size:200,weight:null,coef0:5688632004997785,shape:null,degree:5,gamma:20933432101233396,kernel:""rbf"",iter:-1,probability:true,state:47143,shrinking:true,tol:00010892964048355488,verbose:false"
"9873729","sklearn.pipeline.Pipeline(columntransformer=sklearn.compose._column_transformer.ColumnTransformer(numeric=sklearn.pipeline.Pipeline(imputer=sklearn.preprocessing.imputation.Imputer,standardscaler=sklearn.preprocessing.data.StandardScaler),nominal=sklearn.pipeline.Pipeline(simpleimputer=sklearn.impute.SimpleImputer,onehotencoder=sklearn.preprocessing._encoders.OneHotEncoder)),variancethreshold=sklearn.feature_selection.variance_threshold.VarianceThreshold,gradientboostingclassifier=sklearn.ensemble.gradient_boosting.GradientBoostingClassifier)(2)","0.5396","axis:0,copy:true,values:""NaN"",strategy:""mean"",verbose:0,copy:true,mean:true,std:true,memory:null,copy:true,value:-1,values:NaN,strategy:""constant"",verbose:0,features:null,categories:null,dtype:float64""},unknown:""ignore"",values:null,sparse:true,criterion:""friedman_mse"",init:null,rate:043864750035240214,loss:""deviance"",depth:8,features:9439277832568457,nodes:null,decrease:21194195570783914,split:null,leaf:4,split:10,leaf:17778697493550177,estimators:190,change:1012,presort:""auto"",state:24989,subsample:840634280383912,tol:09981376946235243,fraction:5044534787142777,verbose:0,start:false,jobs:null,remainder:""passthrough"",threshold:0.3,weights:null,memory:null,threshold:0.0,memory:null"
"9958144","sklearn.pipeline.Pipeline(columntransformer=sklearn.compose._column_transformer.ColumnTransformer(numeric=sklearn.pipeline.Pipeline(imputer=sklearn.preprocessing.imputation.Imputer,standardscaler=sklearn.preprocessing.data.StandardScaler),nominal=sklearn.pipeline.Pipeline(simpleimputer=sklearn.impute.SimpleImputer,onehotencoder=sklearn.preprocessing._encoders.OneHotEncoder)),variancethreshold=sklearn.feature_selection.variance_threshold.VarianceThreshold,gradientboostingclassifier=sklearn.ensemble.gradient_boosting.GradientBoostingClassifier)(3)","0.5395","memory:null,jobs:null,remainder:""passthrough"",threshold:0.3,weights:null,memory:null,axis:0,copy:true,values:""NaN"",strategy:""mean"",verbose:0,copy:true,mean:true,std:true,memory:null,copy:true,value:-1,values:NaN,strategy:""constant"",verbose:0,features:null,categories:null,dtype:float64""},unknown:""ignore"",values:null,sparse:true,threshold:0.0,criterion:""friedman_mse"",init:null,rate:07903802011225308,loss:""deviance"",depth:5,features:9649382297931262,nodes:null,decrease:046006454039320355,split:null,leaf:14,split:6,leaf:0792338323096568,estimators:229,change:235,presort:""auto"",state:32610,subsample:4002164706388197,tol:09277956536259342,fraction:8388887504513474,verbose:0,start:false"
"10004638","sklearn.pipeline.Pipeline(columntransformer=sklearn.compose._column_transformer.ColumnTransformer(numeric=sklearn.pipeline.Pipeline(imputer=sklearn.preprocessing.imputation.Imputer,standardscaler=sklearn.preprocessing.data.StandardScaler),nominal=sklearn.pipeline.Pipeline(simpleimputer=sklearn.impute.SimpleImputer,onehotencoder=sklearn.preprocessing._encoders.OneHotEncoder)),variancethreshold=sklearn.feature_selection.variance_threshold.VarianceThreshold,gradientboostingclassifier=sklearn.ensemble.gradient_boosting.GradientBoostingClassifier)(3)","0.5393","memory:null,jobs:null,remainder:""passthrough"",threshold:0.3,weights:null,memory:null,axis:0,copy:true,values:""NaN"",strategy:""median"",verbose:0,copy:true,mean:true,std:true,memory:null,copy:true,value:-1,values:NaN,strategy:""constant"",verbose:0,features:null,categories:null,dtype:float64""},unknown:""ignore"",values:null,sparse:true,threshold:0.0,criterion:""friedman_mse"",init:null,rate:8003518749587966,loss:""deviance"",depth:6,features:09490602755711341,nodes:null,decrease:48358168822390635,split:null,leaf:15,split:19,leaf:035547466324135524,estimators:498,change:373,presort:""auto"",state:9844,subsample:7118854553651397,tol:3022736733098295e-05,fraction:4681556513994932,verbose:0,start:false"
"1664227","weka.PART(4)","0.5389","C:0.25,M:2,Q:1"
"9882910","sklearn.pipeline.Pipeline(columntransformer=sklearn.compose._column_transformer.ColumnTransformer(numeric=sklearn.pipeline.Pipeline(imputer=sklearn.preprocessing.imputation.Imputer,standardscaler=sklearn.preprocessing.data.StandardScaler),nominal=sklearn.pipeline.Pipeline(simpleimputer=sklearn.impute.SimpleImputer,onehotencoder=sklearn.preprocessing._encoders.OneHotEncoder)),variancethreshold=sklearn.feature_selection.variance_threshold.VarianceThreshold,gradientboostingclassifier=sklearn.ensemble.gradient_boosting.GradientBoostingClassifier)(2)","0.5388","axis:0,copy:true,values:""NaN"",strategy:""mean"",verbose:0,copy:true,mean:true,std:true,memory:null,copy:true,value:-1,values:NaN,strategy:""constant"",verbose:0,features:null,categories:null,dtype:float64""},unknown:""ignore"",values:null,sparse:true,criterion:""friedman_mse"",init:null,rate:12378928610304595,loss:""deviance"",depth:3,features:7192502691811397,nodes:null,decrease:24996308813928247,split:null,leaf:1,split:19,leaf:28053212779401326,estimators:400,change:334,presort:""auto"",state:5011,subsample:519315198912951,tol:03329640193651694,fraction:22677144030913055,verbose:0,start:false,jobs:null,remainder:""passthrough"",threshold:0.3,weights:null,memory:null,threshold:0.0,memory:null"
"9929129","sklearn.pipeline.Pipeline(columntransformer=sklearn.compose._column_transformer.ColumnTransformer(numeric=sklearn.pipeline.Pipeline(imputer=sklearn.preprocessing.imputation.Imputer,standardscaler=sklearn.preprocessing.data.StandardScaler),nominal=sklearn.pipeline.Pipeline(simpleimputer=sklearn.impute.SimpleImputer,onehotencoder=sklearn.preprocessing._encoders.OneHotEncoder)),variancethreshold=sklearn.feature_selection.variance_threshold.VarianceThreshold,gradientboostingclassifier=sklearn.ensemble.gradient_boosting.GradientBoostingClassifier)(3)","0.5386","memory:null,jobs:null,remainder:""passthrough"",threshold:0.3,weights:null,memory:null,axis:0,copy:true,values:""NaN"",strategy:""most_frequent"",verbose:0,copy:true,mean:true,std:true,memory:null,copy:true,value:-1,values:NaN,strategy:""constant"",verbose:0,features:null,categories:null,dtype:float64""},unknown:""ignore"",values:null,sparse:true,threshold:0.0,criterion:""friedman_mse"",init:null,rate:05933695893026364,loss:""deviance"",depth:5,features:49920329798592844,nodes:null,decrease:00812005915156977,split:null,leaf:5,split:4,leaf:1891268747932472,estimators:158,change:426,presort:""auto"",state:51653,subsample:5514467439607713,tol:374130896477707e-05,fraction:09340536893463725,verbose:0,start:false"
"8700939","sklearn.pipeline.Pipeline(imputation=openmlstudy14.preprocessing.ConditionalImputer,hotencoding=sklearn.preprocessing.data.OneHotEncoder,scaling=sklearn.preprocessing.data.StandardScaler,variencethreshold=sklearn.feature_selection.variance_threshold.VarianceThreshold,classifier=sklearn.svm.classes.SVC)(1)","0.5385","axis:0,features:[],copy:true,empty:0,values:""NaN"",strategy:""most_frequent"",nominal:""most_frequent"",verbose:0,features:[],dtype:float64""},unknown:""ignore"",values:""auto"",sparse:true,threshold:0.0,copy:true,mean:false,std:true,C:201543820683,size:200,weight:null,coef0:9732389364590042,shape:null,degree:3,gamma:004356963653509274,kernel:""rbf"",iter:-1,probability:true,state:48837,shrinking:false,tol:00011330044388679629,verbose:false"
"9882848","sklearn.pipeline.Pipeline(columntransformer=sklearn.compose._column_transformer.ColumnTransformer(numeric=sklearn.pipeline.Pipeline(imputer=sklearn.preprocessing.imputation.Imputer,standardscaler=sklearn.preprocessing.data.StandardScaler),nominal=sklearn.pipeline.Pipeline(simpleimputer=sklearn.impute.SimpleImputer,onehotencoder=sklearn.preprocessing._encoders.OneHotEncoder)),variancethreshold=sklearn.feature_selection.variance_threshold.VarianceThreshold,gradientboostingclassifier=sklearn.ensemble.gradient_boosting.GradientBoostingClassifier)(2)","0.5384","axis:0,copy:true,values:""NaN"",strategy:""most_frequent"",verbose:0,copy:true,mean:true,std:true,memory:null,copy:true,value:-1,values:NaN,strategy:""constant"",verbose:0,features:null,categories:null,dtype:float64""},unknown:""ignore"",values:null,sparse:true,criterion:""friedman_mse"",init:null,rate:14111603714769783,loss:""deviance"",depth:3,features:2208392697110907,nodes:null,decrease:7863271832017971,split:null,leaf:9,split:9,leaf:07282492543905988,estimators:328,change:310,presort:""auto"",state:60164,subsample:9942843176601864,tol:01249610379440618,fraction:29342429928313485,verbose:0,start:false,jobs:null,remainder:""passthrough"",threshold:0.3,weights:null,memory:null,threshold:0.0,memory:null"
"9923199","sklearn.pipeline.Pipeline(columntransformer=sklearn.compose._column_transformer.ColumnTransformer(numeric=sklearn.pipeline.Pipeline(imputer=sklearn.preprocessing.imputation.Imputer,standardscaler=sklearn.preprocessing.data.StandardScaler),nominal=sklearn.pipeline.Pipeline(simpleimputer=sklearn.impute.SimpleImputer,onehotencoder=sklearn.preprocessing._encoders.OneHotEncoder)),variancethreshold=sklearn.feature_selection.variance_threshold.VarianceThreshold,gradientboostingclassifier=sklearn.ensemble.gradient_boosting.GradientBoostingClassifier)(3)","0.5383","memory:null,jobs:null,remainder:""passthrough"",threshold:0.3,weights:null,memory:null,axis:0,copy:true,values:""NaN"",strategy:""most_frequent"",verbose:0,copy:true,mean:true,std:true,memory:null,copy:true,value:-1,values:NaN,strategy:""constant"",verbose:0,features:null,categories:null,dtype:float64""},unknown:""ignore"",values:null,sparse:true,threshold:0.0,criterion:""friedman_mse"",init:null,rate:0618693899971123,loss:""deviance"",depth:7,features:15952024566506495,nodes:null,decrease:48900241135995326,split:null,leaf:3,split:11,leaf:22277545681229444,estimators:219,change:202,presort:""auto"",state:48026,subsample:8057315144219249,tol:022105938768422647,fraction:05450428486116243,verbose:0,start:false"
"8706695","sklearn.pipeline.Pipeline(imputation=openmlstudy14.preprocessing.ConditionalImputer,hotencoding=sklearn.preprocessing.data.OneHotEncoder,scaling=sklearn.preprocessing.data.StandardScaler,variencethreshold=sklearn.feature_selection.variance_threshold.VarianceThreshold,classifier=sklearn.svm.classes.SVC)(1)","0.5383","axis:0,features:[],copy:true,empty:0,values:""NaN"",strategy:""most_frequent"",nominal:""most_frequent"",verbose:0,features:[],dtype:float64""},unknown:""ignore"",values:""auto"",sparse:true,threshold:0.0,copy:true,mean:false,std:true,C:3509726189061,size:200,weight:null,coef0:34137444478607204,shape:null,degree:4,gamma:0032313865995106084,kernel:""rbf"",iter:-1,probability:true,state:34440,shrinking:true,tol:4124710620853514e-05,verbose:false"
"9978184","sklearn.pipeline.Pipeline(columntransformer=sklearn.compose._column_transformer.ColumnTransformer(numeric=sklearn.pipeline.Pipeline(imputer=sklearn.preprocessing.imputation.Imputer,standardscaler=sklearn.preprocessing.data.StandardScaler),nominal=sklearn.pipeline.Pipeline(simpleimputer=sklearn.impute.SimpleImputer,onehotencoder=sklearn.preprocessing._encoders.OneHotEncoder)),variancethreshold=sklearn.feature_selection.variance_threshold.VarianceThreshold,gradientboostingclassifier=sklearn.ensemble.gradient_boosting.GradientBoostingClassifier)(3)","0.538","memory:null,jobs:null,remainder:""passthrough"",threshold:0.3,weights:null,memory:null,axis:0,copy:true,values:""NaN"",strategy:""most_frequent"",verbose:0,copy:true,mean:true,std:true,memory:null,copy:true,value:-1,values:NaN,strategy:""constant"",verbose:0,features:null,categories:null,dtype:float64""},unknown:""ignore"",values:null,sparse:true,threshold:0.0,criterion:""friedman_mse"",init:null,rate:8169591678582073,loss:""deviance"",depth:3,features:8434913177962656,nodes:null,decrease:4007688461731975,split:null,leaf:11,split:16,leaf:05986888292485326,estimators:99,change:761,presort:""auto"",state:12374,subsample:9811366994837811,tol:0014268527473543183,fraction:6782736325803287,verbose:0,start:false"
"9939494","sklearn.pipeline.Pipeline(columntransformer=sklearn.compose._column_transformer.ColumnTransformer(numeric=sklearn.pipeline.Pipeline(imputer=sklearn.preprocessing.imputation.Imputer,standardscaler=sklearn.preprocessing.data.StandardScaler),nominal=sklearn.pipeline.Pipeline(simpleimputer=sklearn.impute.SimpleImputer,onehotencoder=sklearn.preprocessing._encoders.OneHotEncoder)),variancethreshold=sklearn.feature_selection.variance_threshold.VarianceThreshold,gradientboostingclassifier=sklearn.ensemble.gradient_boosting.GradientBoostingClassifier)(3)","0.5379","memory:null,jobs:null,remainder:""passthrough"",threshold:0.3,weights:null,memory:null,axis:0,copy:true,values:""NaN"",strategy:""mean"",verbose:0,copy:true,mean:true,std:true,memory:null,copy:true,value:-1,values:NaN,strategy:""constant"",verbose:0,features:null,categories:null,dtype:float64""},unknown:""ignore"",values:null,sparse:true,threshold:0.0,criterion:""friedman_mse"",init:null,rate:026521904336088913,loss:""deviance"",depth:3,features:9924983335436123,nodes:null,decrease:810580957048685,split:null,leaf:20,split:15,leaf:19143454761446949,estimators:433,change:227,presort:""auto"",state:3337,subsample:4097997088036861,tol:03472744543382133,fraction:25899971995302284,verbose:0,start:false"
"8991890","sklearn.pipeline.Pipeline(imputation=openmlstudy14.preprocessing.ConditionalImputer,hotencoding=sklearn.preprocessing.data.OneHotEncoder,scaling=sklearn.preprocessing.data.StandardScaler,variencethreshold=sklearn.feature_selection.variance_threshold.VarianceThreshold,classifier=sklearn.svm.classes.SVC)(2)","0.5379","axis:0,features:[],copy:true,empty:0,values:""NaN"",strategy:""median"",nominal:""most_frequent"",verbose:0,features:[],dtype:float64""},unknown:""ignore"",values:""auto"",sparse:true,threshold:0.0,C:6399924650177,size:200,weight:null,coef0:5906233754695622,shape:null,degree:4,gamma:06401563141211734,kernel:""rbf"",iter:-1,probability:true,state:958,shrinking:false,tol:870906198293838e-05,verbose:false,copy:true,mean:false,std:true"
"8703896","sklearn.pipeline.Pipeline(imputation=openmlstudy14.preprocessing.ConditionalImputer,hotencoding=sklearn.preprocessing.data.OneHotEncoder,scaling=sklearn.preprocessing.data.StandardScaler,variencethreshold=sklearn.feature_selection.variance_threshold.VarianceThreshold,classifier=sklearn.svm.classes.SVC)(1)","0.5379","axis:0,features:[],copy:true,empty:0,values:""NaN"",strategy:""mean"",nominal:""most_frequent"",verbose:0,features:[],dtype:float64""},unknown:""ignore"",values:""auto"",sparse:true,threshold:0.0,copy:true,mean:false,std:true,C:14035118334277,size:200,weight:null,coef0:07149131741198511,shape:null,degree:2,gamma:317712324758638,kernel:""rbf"",iter:-1,probability:true,state:8987,shrinking:false,tol:791321589726055e-05,verbose:false"
"8710010","sklearn.pipeline.Pipeline(imputation=openmlstudy14.preprocessing.ConditionalImputer,hotencoding=sklearn.preprocessing.data.OneHotEncoder,scaling=sklearn.preprocessing.data.StandardScaler,variencethreshold=sklearn.feature_selection.variance_threshold.VarianceThreshold,classifier=sklearn.svm.classes.SVC)(1)","0.5379","axis:0,features:[],copy:true,empty:0,values:""NaN"",strategy:""mean"",nominal:""most_frequent"",verbose:0,features:[],dtype:float64""},unknown:""ignore"",values:""auto"",sparse:true,threshold:0.0,copy:true,mean:false,std:true,C:475385128274826,size:200,weight:null,coef0:23367452142171774,shape:null,degree:5,gamma:15124338212678734,kernel:""rbf"",iter:-1,probability:true,state:24032,shrinking:false,tol:0005383377721419043,verbose:false"
"9895176","sklearn.pipeline.Pipeline(columntransformer=sklearn.compose._column_transformer.ColumnTransformer(numeric=sklearn.pipeline.Pipeline(imputer=sklearn.preprocessing.imputation.Imputer,standardscaler=sklearn.preprocessing.data.StandardScaler),nominal=sklearn.pipeline.Pipeline(simpleimputer=sklearn.impute.SimpleImputer,onehotencoder=sklearn.preprocessing._encoders.OneHotEncoder)),variancethreshold=sklearn.feature_selection.variance_threshold.VarianceThreshold,gradientboostingclassifier=sklearn.ensemble.gradient_boosting.GradientBoostingClassifier)(2)","0.5375","axis:0,copy:true,values:""NaN"",strategy:""most_frequent"",verbose:0,copy:true,mean:true,std:true,memory:null,copy:true,value:-1,values:NaN,strategy:""constant"",verbose:0,features:null,categories:null,dtype:float64""},unknown:""ignore"",values:null,sparse:true,criterion:""friedman_mse"",init:null,rate:30704050707781977,loss:""deviance"",depth:3,features:0959515155822912,nodes:null,decrease:6802350445243766,split:null,leaf:16,split:7,leaf:061777706985303216,estimators:213,change:429,presort:""auto"",state:17325,subsample:8933412238326959,tol:052515860089561e-05,fraction:4609840880762851,verbose:0,start:false,jobs:null,remainder:""passthrough"",threshold:0.3,weights:null,memory:null,threshold:0.0,memory:null"
"8807424","sklearn.pipeline.Pipeline(imputation=openmlstudy14.preprocessing.ConditionalImputer,hotencoding=sklearn.preprocessing.data.OneHotEncoder,scaling=sklearn.preprocessing.data.StandardScaler,variencethreshold=sklearn.feature_selection.variance_threshold.VarianceThreshold,classifier=sklearn.svm.classes.SVC)(1)","0.5375","axis:0,features:[],copy:true,empty:0,values:""NaN"",strategy:""most_frequent"",nominal:""most_frequent"",verbose:0,features:[],dtype:float64""},unknown:""ignore"",values:""auto"",sparse:true,threshold:0.0,copy:true,mean:false,std:true,C:5638536797373124,size:200,weight:null,coef0:7149090957793602,shape:null,degree:4,gamma:1894750403144001,kernel:""rbf"",iter:-1,probability:true,state:18908,shrinking:false,tol:0006643959202601199,verbose:false"
"9870979","sklearn.pipeline.Pipeline(columntransformer=sklearn.compose._column_transformer.ColumnTransformer(numeric=sklearn.pipeline.Pipeline(imputer=sklearn.preprocessing.imputation.Imputer,standardscaler=sklearn.preprocessing.data.StandardScaler),nominal=sklearn.pipeline.Pipeline(simpleimputer=sklearn.impute.SimpleImputer,onehotencoder=sklearn.preprocessing._encoders.OneHotEncoder)),variancethreshold=sklearn.feature_selection.variance_threshold.VarianceThreshold,gradientboostingclassifier=sklearn.ensemble.gradient_boosting.GradientBoostingClassifier)(2)","0.5372","axis:0,copy:true,values:""NaN"",strategy:""most_frequent"",verbose:0,copy:true,mean:true,std:true,memory:null,copy:true,value:-1,values:NaN,strategy:""constant"",verbose:0,features:null,categories:null,dtype:float64""},unknown:""ignore"",values:null,sparse:true,criterion:""friedman_mse"",init:null,rate:17517188232568098,loss:""deviance"",depth:9,features:9204804193196325,nodes:null,decrease:2299650306178329,split:null,leaf:13,split:13,leaf:2563714965448778,estimators:408,change:339,presort:""auto"",state:7110,subsample:2228912399194093,tol:00013321747881136025,fraction:3344736874041544,verbose:0,start:false,jobs:null,remainder:""passthrough"",threshold:0.3,weights:null,memory:null,threshold:0.0,memory:null"
"8990161","sklearn.pipeline.Pipeline(imputation=openmlstudy14.preprocessing.ConditionalImputer,hotencoding=sklearn.preprocessing.data.OneHotEncoder,scaling=sklearn.preprocessing.data.StandardScaler,variencethreshold=sklearn.feature_selection.variance_threshold.VarianceThreshold,classifier=sklearn.svm.classes.SVC)(2)","0.5372","axis:0,features:[],copy:true,empty:0,values:""NaN"",strategy:""most_frequent"",nominal:""most_frequent"",verbose:0,features:[],dtype:float64""},unknown:""ignore"",values:""auto"",sparse:true,threshold:0.0,C:57005986031336,size:200,weight:null,coef0:00885161499553,shape:null,degree:3,gamma:003493730203315109,kernel:""rbf"",iter:-1,probability:true,state:381,shrinking:true,tol:005691603352100733,verbose:false,copy:true,mean:false,std:true"
"8702788","sklearn.pipeline.Pipeline(imputation=openmlstudy14.preprocessing.ConditionalImputer,hotencoding=sklearn.preprocessing.data.OneHotEncoder,scaling=sklearn.preprocessing.data.StandardScaler,variencethreshold=sklearn.feature_selection.variance_threshold.VarianceThreshold,classifier=sklearn.svm.classes.SVC)(1)","0.537","axis:0,features:[],copy:true,empty:0,values:""NaN"",strategy:""mean"",nominal:""most_frequent"",verbose:0,features:[],dtype:float64""},unknown:""ignore"",values:""auto"",sparse:true,threshold:0.0,copy:true,mean:false,std:true,C:698614652712585,size:200,weight:null,coef0:24901923500991208,shape:null,degree:5,gamma:004334421133533708,kernel:""rbf"",iter:-1,probability:true,state:60742,shrinking:true,tol:002862104893028453,verbose:false"
"8846238","sklearn.pipeline.Pipeline(imputation=openmlstudy14.preprocessing.ConditionalImputer,hotencoding=sklearn.preprocessing.data.OneHotEncoder,scaling=sklearn.preprocessing.data.StandardScaler,variencethreshold=sklearn.feature_selection.variance_threshold.VarianceThreshold,classifier=sklearn.svm.classes.SVC)(1)","0.5369","axis:0,features:[],copy:true,empty:0,values:""NaN"",strategy:""mean"",nominal:""most_frequent"",verbose:0,features:[],dtype:float64""},unknown:""ignore"",values:""auto"",sparse:true,threshold:0.0,copy:true,mean:false,std:true,C:4899032525345,size:200,weight:null,coef0:43512474117785827,shape:null,degree:4,gamma:1398876248857144,kernel:""rbf"",iter:-1,probability:true,state:5046,shrinking:false,tol:844198840417419e-05,verbose:false"
"9892633","sklearn.pipeline.Pipeline(columntransformer=sklearn.compose._column_transformer.ColumnTransformer(numeric=sklearn.pipeline.Pipeline(imputer=sklearn.preprocessing.imputation.Imputer,standardscaler=sklearn.preprocessing.data.StandardScaler),nominal=sklearn.pipeline.Pipeline(simpleimputer=sklearn.impute.SimpleImputer,onehotencoder=sklearn.preprocessing._encoders.OneHotEncoder)),variancethreshold=sklearn.feature_selection.variance_threshold.VarianceThreshold,gradientboostingclassifier=sklearn.ensemble.gradient_boosting.GradientBoostingClassifier)(2)","0.5367","axis:0,copy:true,values:""NaN"",strategy:""most_frequent"",verbose:0,copy:true,mean:true,std:true,memory:null,copy:true,value:-1,values:NaN,strategy:""constant"",verbose:0,features:null,categories:null,dtype:float64""},unknown:""ignore"",values:null,sparse:true,criterion:""friedman_mse"",init:null,rate:03513816284882402,loss:""deviance"",depth:4,features:4969733269922946,nodes:null,decrease:019889858802132898,split:null,leaf:11,split:13,leaf:06572405072096349,estimators:345,change:403,presort:""auto"",state:49220,subsample:3769919915170976,tol:017132930255026334,fraction:843260998013245,verbose:0,start:false,jobs:null,remainder:""passthrough"",threshold:0.3,weights:null,memory:null,threshold:0.0,memory:null"
"9982785","sklearn.pipeline.Pipeline(columntransformer=sklearn.compose._column_transformer.ColumnTransformer(numeric=sklearn.pipeline.Pipeline(imputer=sklearn.preprocessing.imputation.Imputer,standardscaler=sklearn.preprocessing.data.StandardScaler),nominal=sklearn.pipeline.Pipeline(simpleimputer=sklearn.impute.SimpleImputer,onehotencoder=sklearn.preprocessing._encoders.OneHotEncoder)),variancethreshold=sklearn.feature_selection.variance_threshold.VarianceThreshold,gradientboostingclassifier=sklearn.ensemble.gradient_boosting.GradientBoostingClassifier)(3)","0.5366","memory:null,jobs:null,remainder:""passthrough"",threshold:0.3,weights:null,memory:null,axis:0,copy:true,values:""NaN"",strategy:""median"",verbose:0,copy:true,mean:true,std:true,memory:null,copy:true,value:-1,values:NaN,strategy:""constant"",verbose:0,features:null,categories:null,dtype:float64""},unknown:""ignore"",values:null,sparse:true,threshold:0.0,criterion:""friedman_mse"",init:null,rate:1285084921439972,loss:""deviance"",depth:2,features:6862824280484169,nodes:null,decrease:3998920814383311,split:null,leaf:4,split:6,leaf:1363340542503274,estimators:134,change:529,presort:""auto"",state:56756,subsample:366085615653185,tol:00042464826933623134,fraction:6807145747409815,verbose:0,start:false"
"9967281","sklearn.pipeline.Pipeline(columntransformer=sklearn.compose._column_transformer.ColumnTransformer(numeric=sklearn.pipeline.Pipeline(imputer=sklearn.preprocessing.imputation.Imputer,standardscaler=sklearn.preprocessing.data.StandardScaler),nominal=sklearn.pipeline.Pipeline(simpleimputer=sklearn.impute.SimpleImputer,onehotencoder=sklearn.preprocessing._encoders.OneHotEncoder)),variancethreshold=sklearn.feature_selection.variance_threshold.VarianceThreshold,gradientboostingclassifier=sklearn.ensemble.gradient_boosting.GradientBoostingClassifier)(3)","0.536","memory:null,jobs:null,remainder:""passthrough"",threshold:0.3,weights:null,memory:null,axis:0,copy:true,values:""NaN"",strategy:""most_frequent"",verbose:0,copy:true,mean:true,std:true,memory:null,copy:true,value:-1,values:NaN,strategy:""constant"",verbose:0,features:null,categories:null,dtype:float64""},unknown:""ignore"",values:null,sparse:true,threshold:0.0,criterion:""friedman_mse"",init:null,rate:09056542903391955,loss:""deviance"",depth:8,features:04490901246544621,nodes:null,decrease:615385199108274,split:null,leaf:14,split:13,leaf:10970631861029745,estimators:503,change:175,presort:""auto"",state:47519,subsample:31072690236031997,tol:0015655011742230197,fraction:07168041634336941,verbose:0,start:false"
"10002511","sklearn.pipeline.Pipeline(columntransformer=sklearn.compose._column_transformer.ColumnTransformer(numeric=sklearn.pipeline.Pipeline(imputer=sklearn.preprocessing.imputation.Imputer,standardscaler=sklearn.preprocessing.data.StandardScaler),nominal=sklearn.pipeline.Pipeline(simpleimputer=sklearn.impute.SimpleImputer,onehotencoder=sklearn.preprocessing._encoders.OneHotEncoder)),variancethreshold=sklearn.feature_selection.variance_threshold.VarianceThreshold,gradientboostingclassifier=sklearn.ensemble.gradient_boosting.GradientBoostingClassifier)(3)","0.536","memory:null,jobs:null,remainder:""passthrough"",threshold:0.3,weights:null,memory:null,axis:0,copy:true,values:""NaN"",strategy:""mean"",verbose:0,copy:true,mean:true,std:true,memory:null,copy:true,value:-1,values:NaN,strategy:""constant"",verbose:0,features:null,categories:null,dtype:float64""},unknown:""ignore"",values:null,sparse:true,threshold:0.0,criterion:""friedman_mse"",init:null,rate:012245378377570839,loss:""deviance"",depth:5,features:2915917837153681,nodes:null,decrease:4441622815898222,split:null,leaf:10,split:20,leaf:09778921678992808,estimators:335,change:297,presort:""auto"",state:11714,subsample:3280501827784109,tol:12266792747922e-05,fraction:6411373038031746,verbose:0,start:false"
"1673969","weka.J48(33)","0.536","C:0.25,M:6"
"8701599","sklearn.pipeline.Pipeline(imputation=openmlstudy14.preprocessing.ConditionalImputer,hotencoding=sklearn.preprocessing.data.OneHotEncoder,scaling=sklearn.preprocessing.data.StandardScaler,variencethreshold=sklearn.feature_selection.variance_threshold.VarianceThreshold,classifier=sklearn.svm.classes.SVC)(1)","0.5356","axis:0,features:[],copy:true,empty:0,values:""NaN"",strategy:""most_frequent"",nominal:""most_frequent"",verbose:0,features:[],dtype:float64""},unknown:""ignore"",values:""auto"",sparse:true,threshold:0.0,copy:true,mean:false,std:true,C:845232441614,size:200,weight:null,coef0:48433785683681485,shape:null,degree:3,gamma:017406950820683904,kernel:""rbf"",iter:-1,probability:true,state:9178,shrinking:true,tol:009873861885137808,verbose:false"
"8981850","sklearn.pipeline.Pipeline(imputation=openmlstudy14.preprocessing.ConditionalImputer,hotencoding=sklearn.preprocessing.data.OneHotEncoder,scaling=sklearn.preprocessing.data.StandardScaler,variencethreshold=sklearn.feature_selection.variance_threshold.VarianceThreshold,classifier=sklearn.svm.classes.SVC)(2)","0.5351","axis:0,features:[],copy:true,empty:0,values:""NaN"",strategy:""most_frequent"",nominal:""most_frequent"",verbose:0,features:[],dtype:float64""},unknown:""ignore"",values:""auto"",sparse:true,threshold:0.0,C:785888630728,size:200,weight:null,coef0:14615315735555412,shape:null,degree:3,gamma:0023250636026964293,kernel:""rbf"",iter:-1,probability:true,state:139,shrinking:true,tol:017164560249888435,verbose:false,copy:true,mean:false,std:true"
"8846470","sklearn.pipeline.Pipeline(imputation=openmlstudy14.preprocessing.ConditionalImputer,hotencoding=sklearn.preprocessing.data.OneHotEncoder,scaling=sklearn.preprocessing.data.StandardScaler,variencethreshold=sklearn.feature_selection.variance_threshold.VarianceThreshold,classifier=sklearn.svm.classes.SVC)(1)","0.5348","axis:0,features:[],copy:true,empty:0,values:""NaN"",strategy:""median"",nominal:""most_frequent"",verbose:0,features:[],dtype:float64""},unknown:""ignore"",values:""auto"",sparse:true,threshold:0.0,copy:true,mean:false,std:true,C:662345797759,size:200,weight:null,coef0:5169100790588068,shape:null,degree:2,gamma:0031824057154777883,kernel:""rbf"",iter:-1,probability:true,state:8773,shrinking:false,tol:0038610693530998093,verbose:false"
"9982253","sklearn.pipeline.Pipeline(columntransformer=sklearn.compose._column_transformer.ColumnTransformer(numeric=sklearn.pipeline.Pipeline(imputer=sklearn.preprocessing.imputation.Imputer,standardscaler=sklearn.preprocessing.data.StandardScaler),nominal=sklearn.pipeline.Pipeline(simpleimputer=sklearn.impute.SimpleImputer,onehotencoder=sklearn.preprocessing._encoders.OneHotEncoder)),variancethreshold=sklearn.feature_selection.variance_threshold.VarianceThreshold,gradientboostingclassifier=sklearn.ensemble.gradient_boosting.GradientBoostingClassifier)(3)","0.5345","memory:null,jobs:null,remainder:""passthrough"",threshold:0.3,weights:null,memory:null,axis:0,copy:true,values:""NaN"",strategy:""mean"",verbose:0,copy:true,mean:true,std:true,memory:null,copy:true,value:-1,values:NaN,strategy:""constant"",verbose:0,features:null,categories:null,dtype:float64""},unknown:""ignore"",values:null,sparse:true,threshold:0.0,criterion:""friedman_mse"",init:null,rate:11226496889127237,loss:""deviance"",depth:9,features:029571568922102887,nodes:null,decrease:341226796501504,split:null,leaf:1,split:15,leaf:15272185792591192,estimators:413,change:272,presort:""auto"",state:12607,subsample:3137707378323399,tol:002614423520325943,fraction:3396999335177824,verbose:0,start:false"
"8728460","sklearn.pipeline.Pipeline(imputation=openmlstudy14.preprocessing.ConditionalImputer,hotencoding=sklearn.preprocessing.data.OneHotEncoder,scaling=sklearn.preprocessing.data.StandardScaler,variencethreshold=sklearn.feature_selection.variance_threshold.VarianceThreshold,classifier=sklearn.svm.classes.SVC)(1)","0.5345","axis:0,features:[],copy:true,empty:0,values:""NaN"",strategy:""median"",nominal:""most_frequent"",verbose:0,features:[],dtype:float64""},unknown:""ignore"",values:""auto"",sparse:true,threshold:0.0,copy:true,mean:false,std:true,C:474632168844,size:200,weight:null,coef0:13283408825052856,shape:null,degree:2,gamma:0013502397315507807,kernel:""rbf"",iter:-1,probability:true,state:25413,shrinking:false,tol:01718091619906313,verbose:false"
"8817809","sklearn.pipeline.Pipeline(imputation=openmlstudy14.preprocessing.ConditionalImputer,hotencoding=sklearn.preprocessing.data.OneHotEncoder,scaling=sklearn.preprocessing.data.StandardScaler,variencethreshold=sklearn.feature_selection.variance_threshold.VarianceThreshold,classifier=sklearn.svm.classes.SVC)(1)","0.5344","axis:0,features:[],copy:true,empty:0,values:""NaN"",strategy:""mean"",nominal:""most_frequent"",verbose:0,features:[],dtype:float64""},unknown:""ignore"",values:""auto"",sparse:true,threshold:0.0,copy:true,mean:false,std:true,C:8403662046035,size:200,weight:null,coef0:7954826778344661,shape:null,degree:5,gamma:03254028941700382,kernel:""rbf"",iter:-1,probability:true,state:6794,shrinking:true,tol:00012294938941807615,verbose:false"
"1673501","weka.J48(33)","0.5343","C:0.25,M:4"
"9916808","sklearn.pipeline.Pipeline(columntransformer=sklearn.compose._column_transformer.ColumnTransformer(numeric=sklearn.pipeline.Pipeline(imputer=sklearn.preprocessing.imputation.Imputer,standardscaler=sklearn.preprocessing.data.StandardScaler),nominal=sklearn.pipeline.Pipeline(simpleimputer=sklearn.impute.SimpleImputer,onehotencoder=sklearn.preprocessing._encoders.OneHotEncoder)),variancethreshold=sklearn.feature_selection.variance_threshold.VarianceThreshold,gradientboostingclassifier=sklearn.ensemble.gradient_boosting.GradientBoostingClassifier)(1)","0.5342","memory:null,jobs:null,remainder:""passthrough"",threshold:0.3,weights:null,memory:null,axis:0,copy:true,values:""NaN"",strategy:""mean"",verbose:0,copy:true,mean:true,std:true,memory:null,copy:true,value:-1,values:NaN,strategy:""constant"",verbose:0,features:null,categories:null,dtype:float64""},unknown:""ignore"",values:null,sparse:true,threshold:0.0,criterion:""friedman_mse"",init:null,rate:06041094794583488,loss:""deviance"",depth:8,features:22678363364966725,nodes:null,decrease:6024207926863646,split:null,leaf:4,split:17,leaf:140716631479762,estimators:377,change:861,presort:""auto"",state:35084,subsample:5033082039881533,tol:475934587087163e-05,fraction:7193411291637748,verbose:0,start:false"
"9979996","sklearn.pipeline.Pipeline(columntransformer=sklearn.compose._column_transformer.ColumnTransformer(numeric=sklearn.pipeline.Pipeline(imputer=sklearn.preprocessing.imputation.Imputer,standardscaler=sklearn.preprocessing.data.StandardScaler),nominal=sklearn.pipeline.Pipeline(simpleimputer=sklearn.impute.SimpleImputer,onehotencoder=sklearn.preprocessing._encoders.OneHotEncoder)),variancethreshold=sklearn.feature_selection.variance_threshold.VarianceThreshold,gradientboostingclassifier=sklearn.ensemble.gradient_boosting.GradientBoostingClassifier)(3)","0.534","memory:null,jobs:null,remainder:""passthrough"",threshold:0.3,weights:null,memory:null,axis:0,copy:true,values:""NaN"",strategy:""most_frequent"",verbose:0,copy:true,mean:true,std:true,memory:null,copy:true,value:-1,values:NaN,strategy:""constant"",verbose:0,features:null,categories:null,dtype:float64""},unknown:""ignore"",values:null,sparse:true,threshold:0.0,criterion:""friedman_mse"",init:null,rate:2145347765583052,loss:""deviance"",depth:6,features:6891226939867636,nodes:null,decrease:8286885748342114,split:null,leaf:10,split:6,leaf:21500918762668425,estimators:234,change:493,presort:""auto"",state:53388,subsample:7785630284066934,tol:0012712826623414084,fraction:11083043617572341,verbose:0,start:false"
"8731131","sklearn.pipeline.Pipeline(imputation=openmlstudy14.preprocessing.ConditionalImputer,hotencoding=sklearn.preprocessing.data.OneHotEncoder,scaling=sklearn.preprocessing.data.StandardScaler,variencethreshold=sklearn.feature_selection.variance_threshold.VarianceThreshold,classifier=sklearn.svm.classes.SVC)(1)","0.5339","axis:0,features:[],copy:true,empty:0,values:""NaN"",strategy:""median"",nominal:""most_frequent"",verbose:0,features:[],dtype:float64""},unknown:""ignore"",values:""auto"",sparse:true,threshold:0.0,copy:true,mean:false,std:true,C:16791635233,size:200,weight:null,coef0:25722925040998623,shape:null,degree:5,gamma:005554890693734067,kernel:""rbf"",iter:-1,probability:true,state:18957,shrinking:false,tol:03244608316099206,verbose:false"
"8733900","sklearn.pipeline.Pipeline(imputation=openmlstudy14.preprocessing.ConditionalImputer,hotencoding=sklearn.preprocessing.data.OneHotEncoder,scaling=sklearn.preprocessing.data.StandardScaler,variencethreshold=sklearn.feature_selection.variance_threshold.VarianceThreshold,classifier=sklearn.svm.classes.SVC)(1)","0.5338","axis:0,features:[],copy:true,empty:0,values:""NaN"",strategy:""most_frequent"",nominal:""most_frequent"",verbose:0,features:[],dtype:float64""},unknown:""ignore"",values:""auto"",sparse:true,threshold:0.0,copy:true,mean:false,std:true,C:5594768906917,size:200,weight:null,coef0:011860983207621079,shape:null,degree:4,gamma:007303668629452439,kernel:""rbf"",iter:-1,probability:true,state:43124,shrinking:true,tol:7621089388485778e-05,verbose:false"
"10001543","sklearn.pipeline.Pipeline(columntransformer=sklearn.compose._column_transformer.ColumnTransformer(numeric=sklearn.pipeline.Pipeline(imputer=sklearn.preprocessing.imputation.Imputer,standardscaler=sklearn.preprocessing.data.StandardScaler),nominal=sklearn.pipeline.Pipeline(simpleimputer=sklearn.impute.SimpleImputer,onehotencoder=sklearn.preprocessing._encoders.OneHotEncoder)),variancethreshold=sklearn.feature_selection.variance_threshold.VarianceThreshold,gradientboostingclassifier=sklearn.ensemble.gradient_boosting.GradientBoostingClassifier)(3)","0.5333","memory:null,jobs:null,remainder:""passthrough"",threshold:0.3,weights:null,memory:null,axis:0,copy:true,values:""NaN"",strategy:""mean"",verbose:0,copy:true,mean:true,std:true,memory:null,copy:true,value:-1,values:NaN,strategy:""constant"",verbose:0,features:null,categories:null,dtype:float64""},unknown:""ignore"",values:null,sparse:true,threshold:0.0,criterion:""friedman_mse"",init:null,rate:20378793898409334,loss:""deviance"",depth:10,features:32348035263901054,nodes:null,decrease:9687834513990434,split:null,leaf:16,split:10,leaf:1909051668052279,estimators:304,change:473,presort:""auto"",state:16140,subsample:18494440414425228,tol:00038810359798235807,fraction:18179522454631247,verbose:0,start:false"
"8698029","sklearn.pipeline.Pipeline(imputation=openmlstudy14.preprocessing.ConditionalImputer,hotencoding=sklearn.preprocessing.data.OneHotEncoder,scaling=sklearn.preprocessing.data.StandardScaler,variencethreshold=sklearn.feature_selection.variance_threshold.VarianceThreshold,classifier=sklearn.svm.classes.SVC)(1)","0.5333","axis:0,features:[],copy:true,empty:0,values:""NaN"",strategy:""mean"",nominal:""most_frequent"",verbose:0,features:[],dtype:float64""},unknown:""ignore"",values:""auto"",sparse:true,threshold:0.0,copy:true,mean:false,std:true,C:1318401576373,size:200,weight:null,coef0:4528803830842796,shape:null,degree:1,gamma:001226779885133008,kernel:""rbf"",iter:-1,probability:true,state:42680,shrinking:true,tol:648979016601014e-05,verbose:false"
"1681521","weka.J48(33)","0.5329","C:0.25,M:8"
"9958382","sklearn.pipeline.Pipeline(columntransformer=sklearn.compose._column_transformer.ColumnTransformer(numeric=sklearn.pipeline.Pipeline(imputer=sklearn.preprocessing.imputation.Imputer,standardscaler=sklearn.preprocessing.data.StandardScaler),nominal=sklearn.pipeline.Pipeline(simpleimputer=sklearn.impute.SimpleImputer,onehotencoder=sklearn.preprocessing._encoders.OneHotEncoder)),variancethreshold=sklearn.feature_selection.variance_threshold.VarianceThreshold,gradientboostingclassifier=sklearn.ensemble.gradient_boosting.GradientBoostingClassifier)(3)","0.5327","memory:null,jobs:null,remainder:""passthrough"",threshold:0.3,weights:null,memory:null,axis:0,copy:true,values:""NaN"",strategy:""mean"",verbose:0,copy:true,mean:true,std:true,memory:null,copy:true,value:-1,values:NaN,strategy:""constant"",verbose:0,features:null,categories:null,dtype:float64""},unknown:""ignore"",values:null,sparse:true,threshold:0.0,criterion:""friedman_mse"",init:null,rate:34018749422773414,loss:""deviance"",depth:10,features:8219142344138849,nodes:null,decrease:8932279873597401,split:null,leaf:4,split:4,leaf:0931952784564663,estimators:347,change:22,presort:""auto"",state:46509,subsample:30640737841518584,tol:025115048593873902,fraction:5129838700434639,verbose:0,start:false"
"8836996","sklearn.pipeline.Pipeline(imputation=openmlstudy14.preprocessing.ConditionalImputer,hotencoding=sklearn.preprocessing.data.OneHotEncoder,scaling=sklearn.preprocessing.data.StandardScaler,variencethreshold=sklearn.feature_selection.variance_threshold.VarianceThreshold,classifier=sklearn.svm.classes.SVC)(1)","0.5324","axis:0,features:[],copy:true,empty:0,values:""NaN"",strategy:""median"",nominal:""most_frequent"",verbose:0,features:[],dtype:float64""},unknown:""ignore"",values:""auto"",sparse:true,threshold:0.0,copy:true,mean:false,std:true,C:514640064675,size:200,weight:null,coef0:41851478165793066,shape:null,degree:1,gamma:058345796598208356,kernel:""rbf"",iter:-1,probability:true,state:481,shrinking:true,tol:335430101424264e-05,verbose:false"
"10083193","sklearn.pipeline.Pipeline(columntransformer=sklearn.compose._column_transformer.ColumnTransformer(numeric=sklearn.pipeline.Pipeline(imputer=sklearn.preprocessing.imputation.Imputer,standardscaler=sklearn.preprocessing.data.StandardScaler),nominal=sklearn.pipeline.Pipeline(simpleimputer=sklearn.impute.SimpleImputer,onehotencoder=sklearn.preprocessing._encoders.OneHotEncoder)),variancethreshold=sklearn.feature_selection.variance_threshold.VarianceThreshold,decisiontreeclassifier=sklearn.tree.tree.DecisionTreeClassifier)(1)","0.5324","axis:0,copy:true,values:""NaN"",strategy:""mean"",verbose:0,copy:true,mean:true,std:true,memory:null,copy:true,value:-1,values:NaN,strategy:""constant"",verbose:0,features:null,categories:null,dtype:float64""},unknown:""ignore"",values:null,sparse:true,weight:null,criterion:""gini"",depth:null,features:1.0,nodes:null,decrease:0.0,split:null,leaf:8,split:6,leaf:0.0,presort:false,state:53188,splitter:""best"",jobs:null,remainder:""passthrough"",threshold:0.3,weights:null,memory:null,memory:null,threshold:0.0"
"8836958","sklearn.pipeline.Pipeline(imputation=openmlstudy14.preprocessing.ConditionalImputer,hotencoding=sklearn.preprocessing.data.OneHotEncoder,scaling=sklearn.preprocessing.data.StandardScaler,variencethreshold=sklearn.feature_selection.variance_threshold.VarianceThreshold,classifier=sklearn.svm.classes.SVC)(1)","0.5322","axis:0,features:[],copy:true,empty:0,values:""NaN"",strategy:""mean"",nominal:""most_frequent"",verbose:0,features:[],dtype:float64""},unknown:""ignore"",values:""auto"",sparse:true,threshold:0.0,copy:true,mean:false,std:true,C:782229817244,size:200,weight:null,coef0:7941230490197277,shape:null,degree:1,gamma:010627975155012553,kernel:""rbf"",iter:-1,probability:true,state:14063,shrinking:true,tol:068685962930983,verbose:false"
"10116581","sklearn.pipeline.Pipeline(columntransformer=sklearn.compose._column_transformer.ColumnTransformer(numeric=sklearn.pipeline.Pipeline(imputer=sklearn.preprocessing.imputation.Imputer,standardscaler=sklearn.preprocessing.data.StandardScaler),nominal=sklearn.pipeline.Pipeline(simpleimputer=sklearn.impute.SimpleImputer,onehotencoder=sklearn.preprocessing._encoders.OneHotEncoder)),variancethreshold=sklearn.feature_selection.variance_threshold.VarianceThreshold,decisiontreeclassifier=sklearn.tree.tree.DecisionTreeClassifier)(1)","0.5321","axis:0,copy:true,values:""NaN"",strategy:""mean"",verbose:0,copy:true,mean:true,std:true,memory:null,copy:true,value:-1,values:NaN,strategy:""constant"",verbose:0,features:null,categories:null,dtype:float64""},unknown:""ignore"",values:null,sparse:true,weight:null,criterion:""gini"",depth:null,features:1.0,nodes:null,decrease:0.0,split:null,leaf:8,split:4,leaf:0.0,presort:false,state:42575,splitter:""best"",jobs:null,remainder:""passthrough"",threshold:0.3,weights:null,memory:null,memory:null,threshold:0.0"
"8980164","sklearn.pipeline.Pipeline(imputation=openmlstudy14.preprocessing.ConditionalImputer,hotencoding=sklearn.preprocessing.data.OneHotEncoder,scaling=sklearn.preprocessing.data.StandardScaler,variencethreshold=sklearn.feature_selection.variance_threshold.VarianceThreshold,classifier=sklearn.svm.classes.SVC)(2)","0.532","axis:0,features:[],copy:true,empty:0,values:""NaN"",strategy:""median"",nominal:""most_frequent"",verbose:0,features:[],dtype:float64""},unknown:""ignore"",values:""auto"",sparse:true,threshold:0.0,C:9490801263443418,size:200,weight:null,coef0:21467866469764996,shape:null,degree:3,gamma:014360133013219605,kernel:""rbf"",iter:-1,probability:true,state:28462,shrinking:false,tol:00013549430391206666,verbose:false,copy:true,mean:false,std:true"
"10148299","sklearn.pipeline.Pipeline(columntransformer=sklearn.compose._column_transformer.ColumnTransformer(numeric=sklearn.pipeline.Pipeline(imputer=sklearn.preprocessing.imputation.Imputer,standardscaler=sklearn.preprocessing.data.StandardScaler),nominal=sklearn.pipeline.Pipeline(simpleimputer=sklearn.impute.SimpleImputer,onehotencoder=sklearn.preprocessing._encoders.OneHotEncoder)),variancethreshold=sklearn.feature_selection.variance_threshold.VarianceThreshold,decisiontreeclassifier=sklearn.tree.tree.DecisionTreeClassifier)(1)","0.532","axis:0,copy:true,values:""NaN"",strategy:""most_frequent"",verbose:0,copy:true,mean:true,std:true,memory:null,copy:true,value:-1,values:NaN,strategy:""constant"",verbose:0,features:null,categories:null,dtype:float64""},unknown:""ignore"",values:null,sparse:true,weight:null,criterion:""gini"",depth:null,features:1.0,nodes:null,decrease:0.0,split:null,leaf:8,split:13,leaf:0.0,presort:false,state:34707,splitter:""best"",jobs:null,remainder:""passthrough"",threshold:0.3,weights:null,memory:null,memory:null,threshold:0.0"
"10062622","sklearn.pipeline.Pipeline(columntransformer=sklearn.compose._column_transformer.ColumnTransformer(numeric=sklearn.pipeline.Pipeline(imputer=sklearn.preprocessing.imputation.Imputer,standardscaler=sklearn.preprocessing.data.StandardScaler),nominal=sklearn.pipeline.Pipeline(simpleimputer=sklearn.impute.SimpleImputer,onehotencoder=sklearn.preprocessing._encoders.OneHotEncoder)),variancethreshold=sklearn.feature_selection.variance_threshold.VarianceThreshold,decisiontreeclassifier=sklearn.tree.tree.DecisionTreeClassifier)(1)","0.5318","axis:0,copy:true,values:""NaN"",strategy:""median"",verbose:0,copy:true,mean:true,std:true,memory:null,copy:true,value:-1,values:NaN,strategy:""constant"",verbose:0,features:null,categories:null,dtype:float64""},unknown:""ignore"",values:null,sparse:true,weight:null,criterion:""gini"",depth:null,features:1.0,nodes:null,decrease:0.0,split:null,leaf:8,split:11,leaf:0.0,presort:false,state:40139,splitter:""best"",jobs:null,remainder:""passthrough"",threshold:0.3,weights:null,memory:null,memory:null,threshold:0.0"
"10078275","sklearn.pipeline.Pipeline(columntransformer=sklearn.compose._column_transformer.ColumnTransformer(numeric=sklearn.pipeline.Pipeline(imputer=sklearn.preprocessing.imputation.Imputer,standardscaler=sklearn.preprocessing.data.StandardScaler),nominal=sklearn.pipeline.Pipeline(simpleimputer=sklearn.impute.SimpleImputer,onehotencoder=sklearn.preprocessing._encoders.OneHotEncoder)),variancethreshold=sklearn.feature_selection.variance_threshold.VarianceThreshold,decisiontreeclassifier=sklearn.tree.tree.DecisionTreeClassifier)(1)","0.5317","axis:0,copy:true,values:""NaN"",strategy:""mean"",verbose:0,copy:true,mean:true,std:true,memory:null,copy:true,value:-1,values:NaN,strategy:""constant"",verbose:0,features:null,categories:null,dtype:float64""},unknown:""ignore"",values:null,sparse:true,weight:null,criterion:""gini"",depth:null,features:1.0,nodes:null,decrease:0.0,split:null,leaf:8,split:10,leaf:0.0,presort:false,state:915,splitter:""best"",jobs:null,remainder:""passthrough"",threshold:0.3,weights:null,memory:null,memory:null,threshold:0.0"
"9977673","sklearn.pipeline.Pipeline(columntransformer=sklearn.compose._column_transformer.ColumnTransformer(numeric=sklearn.pipeline.Pipeline(imputer=sklearn.preprocessing.imputation.Imputer,standardscaler=sklearn.preprocessing.data.StandardScaler),nominal=sklearn.pipeline.Pipeline(simpleimputer=sklearn.impute.SimpleImputer,onehotencoder=sklearn.preprocessing._encoders.OneHotEncoder)),variancethreshold=sklearn.feature_selection.variance_threshold.VarianceThreshold,gradientboostingclassifier=sklearn.ensemble.gradient_boosting.GradientBoostingClassifier)(3)","0.5316","memory:null,jobs:null,remainder:""passthrough"",threshold:0.3,weights:null,memory:null,axis:0,copy:true,values:""NaN"",strategy:""most_frequent"",verbose:0,copy:true,mean:true,std:true,memory:null,copy:true,value:-1,values:NaN,strategy:""constant"",verbose:0,features:null,categories:null,dtype:float64""},unknown:""ignore"",values:null,sparse:true,threshold:0.0,criterion:""friedman_mse"",init:null,rate:01883749434733562,loss:""deviance"",depth:7,features:7488771454068939,nodes:null,decrease:8662448989294589,split:null,leaf:11,split:8,leaf:17476143018225387,estimators:422,change:955,presort:""auto"",state:26601,subsample:565751707740539,tol:004351593198731947,fraction:5031127736946491,verbose:0,start:false"
"9910592","sklearn.pipeline.Pipeline(columntransformer=sklearn.compose._column_transformer.ColumnTransformer(numeric=sklearn.pipeline.Pipeline(imputer=sklearn.preprocessing.imputation.Imputer,standardscaler=sklearn.preprocessing.data.StandardScaler),nominal=sklearn.pipeline.Pipeline(simpleimputer=sklearn.impute.SimpleImputer,onehotencoder=sklearn.preprocessing._encoders.OneHotEncoder)),variancethreshold=sklearn.feature_selection.variance_threshold.VarianceThreshold,gradientboostingclassifier=sklearn.ensemble.gradient_boosting.GradientBoostingClassifier)(1)","0.5316","memory:null,jobs:null,remainder:""passthrough"",threshold:0.3,weights:null,memory:null,axis:0,copy:true,values:""NaN"",strategy:""most_frequent"",verbose:0,copy:true,mean:true,std:true,memory:null,copy:true,value:-1,values:NaN,strategy:""constant"",verbose:0,features:null,categories:null,dtype:float64""},unknown:""ignore"",values:null,sparse:true,threshold:0.0,criterion:""friedman_mse"",init:null,rate:04776982893453569,loss:""deviance"",depth:7,features:07488804289415829,nodes:null,decrease:50061272879563,split:null,leaf:15,split:4,leaf:1740852791076853,estimators:459,change:492,presort:""auto"",state:28991,subsample:8301953423355353,tol:2621490187146284e-05,fraction:318060844972504,verbose:0,start:false"
"8807451","sklearn.pipeline.Pipeline(imputation=openmlstudy14.preprocessing.ConditionalImputer,hotencoding=sklearn.preprocessing.data.OneHotEncoder,scaling=sklearn.preprocessing.data.StandardScaler,variencethreshold=sklearn.feature_selection.variance_threshold.VarianceThreshold,classifier=sklearn.svm.classes.SVC)(1)","0.5316","axis:0,features:[],copy:true,empty:0,values:""NaN"",strategy:""mean"",nominal:""most_frequent"",verbose:0,features:[],dtype:float64""},unknown:""ignore"",values:""auto"",sparse:true,threshold:0.0,copy:true,mean:false,std:true,C:56965655363658,size:200,weight:null,coef0:1840941388321482,shape:null,degree:2,gamma:02677243332884353,kernel:""rbf"",iter:-1,probability:true,state:386,shrinking:false,tol:03615779442411426,verbose:false"
"10125015","sklearn.pipeline.Pipeline(columntransformer=sklearn.compose._column_transformer.ColumnTransformer(numeric=sklearn.pipeline.Pipeline(imputer=sklearn.preprocessing.imputation.Imputer,standardscaler=sklearn.preprocessing.data.StandardScaler),nominal=sklearn.pipeline.Pipeline(simpleimputer=sklearn.impute.SimpleImputer,onehotencoder=sklearn.preprocessing._encoders.OneHotEncoder)),variancethreshold=sklearn.feature_selection.variance_threshold.VarianceThreshold,decisiontreeclassifier=sklearn.tree.tree.DecisionTreeClassifier)(1)","0.5316","axis:0,copy:true,values:""NaN"",strategy:""median"",verbose:0,copy:true,mean:true,std:true,memory:null,copy:true,value:-1,values:NaN,strategy:""constant"",verbose:0,features:null,categories:null,dtype:float64""},unknown:""ignore"",values:null,sparse:true,weight:null,criterion:""gini"",depth:null,features:1.0,nodes:null,decrease:0.0,split:null,leaf:8,split:15,leaf:0.0,presort:false,state:62970,splitter:""best"",jobs:null,remainder:""passthrough"",threshold:0.3,weights:null,memory:null,memory:null,threshold:0.0"
"10105649","sklearn.pipeline.Pipeline(columntransformer=sklearn.compose._column_transformer.ColumnTransformer(numeric=sklearn.pipeline.Pipeline(imputer=sklearn.preprocessing.imputation.Imputer,standardscaler=sklearn.preprocessing.data.StandardScaler),nominal=sklearn.pipeline.Pipeline(simpleimputer=sklearn.impute.SimpleImputer,onehotencoder=sklearn.preprocessing._encoders.OneHotEncoder)),variancethreshold=sklearn.feature_selection.variance_threshold.VarianceThreshold,decisiontreeclassifier=sklearn.tree.tree.DecisionTreeClassifier)(1)","0.5316","axis:0,copy:true,values:""NaN"",strategy:""most_frequent"",verbose:0,copy:true,mean:true,std:true,memory:null,copy:true,value:-1,values:NaN,strategy:""constant"",verbose:0,features:null,categories:null,dtype:float64""},unknown:""ignore"",values:null,sparse:true,weight:null,criterion:""gini"",depth:null,features:1.0,nodes:null,decrease:0.0,split:null,leaf:7,split:18,leaf:0.0,presort:false,state:46329,splitter:""best"",jobs:null,remainder:""passthrough"",threshold:0.3,weights:null,memory:null,memory:null,threshold:0.0"
"10116365","sklearn.pipeline.Pipeline(columntransformer=sklearn.compose._column_transformer.ColumnTransformer(numeric=sklearn.pipeline.Pipeline(imputer=sklearn.preprocessing.imputation.Imputer,standardscaler=sklearn.preprocessing.data.StandardScaler),nominal=sklearn.pipeline.Pipeline(simpleimputer=sklearn.impute.SimpleImputer,onehotencoder=sklearn.preprocessing._encoders.OneHotEncoder)),variancethreshold=sklearn.feature_selection.variance_threshold.VarianceThreshold,decisiontreeclassifier=sklearn.tree.tree.DecisionTreeClassifier)(1)","0.5316","axis:0,copy:true,values:""NaN"",strategy:""mean"",verbose:0,copy:true,mean:true,std:true,memory:null,copy:true,value:-1,values:NaN,strategy:""constant"",verbose:0,features:null,categories:null,dtype:float64""},unknown:""ignore"",values:null,sparse:true,weight:null,criterion:""gini"",depth:null,features:1.0,nodes:null,decrease:0.0,split:null,leaf:8,split:2,leaf:0.0,presort:false,state:50313,splitter:""best"",jobs:null,remainder:""passthrough"",threshold:0.3,weights:null,memory:null,memory:null,threshold:0.0"
"9956855","sklearn.pipeline.Pipeline(columntransformer=sklearn.compose._column_transformer.ColumnTransformer(numeric=sklearn.pipeline.Pipeline(imputer=sklearn.preprocessing.imputation.Imputer,standardscaler=sklearn.preprocessing.data.StandardScaler),nominal=sklearn.pipeline.Pipeline(simpleimputer=sklearn.impute.SimpleImputer,onehotencoder=sklearn.preprocessing._encoders.OneHotEncoder)),variancethreshold=sklearn.feature_selection.variance_threshold.VarianceThreshold,gradientboostingclassifier=sklearn.ensemble.gradient_boosting.GradientBoostingClassifier)(3)","0.5314","memory:null,jobs:null,remainder:""passthrough"",threshold:0.3,weights:null,memory:null,axis:0,copy:true,values:""NaN"",strategy:""mean"",verbose:0,copy:true,mean:true,std:true,memory:null,copy:true,value:-1,values:NaN,strategy:""constant"",verbose:0,features:null,categories:null,dtype:float64""},unknown:""ignore"",values:null,sparse:true,threshold:0.0,criterion:""friedman_mse"",init:null,rate:011062213712823933,loss:""deviance"",depth:2,features:16305373629326503,nodes:null,decrease:6097155994596877,split:null,leaf:18,split:16,leaf:009895718234615603,estimators:473,change:22,presort:""auto"",state:7636,subsample:876948583430712,tol:03467288171631907,fraction:16510423527990514,verbose:0,start:false"
"9944643","sklearn.pipeline.Pipeline(columntransformer=sklearn.compose._column_transformer.ColumnTransformer(numeric=sklearn.pipeline.Pipeline(imputer=sklearn.preprocessing.imputation.Imputer,standardscaler=sklearn.preprocessing.data.StandardScaler),nominal=sklearn.pipeline.Pipeline(simpleimputer=sklearn.impute.SimpleImputer,onehotencoder=sklearn.preprocessing._encoders.OneHotEncoder)),variancethreshold=sklearn.feature_selection.variance_threshold.VarianceThreshold,gradientboostingclassifier=sklearn.ensemble.gradient_boosting.GradientBoostingClassifier)(3)","0.5313","memory:null,jobs:null,remainder:""passthrough"",threshold:0.3,weights:null,memory:null,axis:0,copy:true,values:""NaN"",strategy:""median"",verbose:0,copy:true,mean:true,std:true,memory:null,copy:true,value:-1,values:NaN,strategy:""constant"",verbose:0,features:null,categories:null,dtype:float64""},unknown:""ignore"",values:null,sparse:true,threshold:0.0,criterion:""friedman_mse"",init:null,rate:1372854046951155,loss:""deviance"",depth:4,features:4520557866810654,nodes:null,decrease:9495324309990086,split:null,leaf:9,split:14,leaf:2214182758891115,estimators:303,change:162,presort:""auto"",state:33384,subsample:7027337112205705,tol:037596384331284614,fraction:2312327367342235,verbose:0,start:false"
"10079973","sklearn.pipeline.Pipeline(columntransformer=sklearn.compose._column_transformer.ColumnTransformer(numeric=sklearn.pipeline.Pipeline(imputer=sklearn.preprocessing.imputation.Imputer,standardscaler=sklearn.preprocessing.data.StandardScaler),nominal=sklearn.pipeline.Pipeline(simpleimputer=sklearn.impute.SimpleImputer,onehotencoder=sklearn.preprocessing._encoders.OneHotEncoder)),variancethreshold=sklearn.feature_selection.variance_threshold.VarianceThreshold,decisiontreeclassifier=sklearn.tree.tree.DecisionTreeClassifier)(1)","0.5312","axis:0,copy:true,values:""NaN"",strategy:""mean"",verbose:0,copy:true,mean:true,std:true,memory:null,copy:true,value:-1,values:NaN,strategy:""constant"",verbose:0,features:null,categories:null,dtype:float64""},unknown:""ignore"",values:null,sparse:true,weight:null,criterion:""gini"",depth:null,features:1.0,nodes:null,decrease:0.0,split:null,leaf:8,split:12,leaf:0.0,presort:false,state:49360,splitter:""best"",jobs:null,remainder:""passthrough"",threshold:0.3,weights:null,memory:null,memory:null,threshold:0.0"
"10103749","sklearn.pipeline.Pipeline(columntransformer=sklearn.compose._column_transformer.ColumnTransformer(numeric=sklearn.pipeline.Pipeline(imputer=sklearn.preprocessing.imputation.Imputer,standardscaler=sklearn.preprocessing.data.StandardScaler),nominal=sklearn.pipeline.Pipeline(simpleimputer=sklearn.impute.SimpleImputer,onehotencoder=sklearn.preprocessing._encoders.OneHotEncoder)),variancethreshold=sklearn.feature_selection.variance_threshold.VarianceThreshold,decisiontreeclassifier=sklearn.tree.tree.DecisionTreeClassifier)(1)","0.5311","axis:0,copy:true,values:""NaN"",strategy:""median"",verbose:0,copy:true,mean:true,std:true,memory:null,copy:true,value:-1,values:NaN,strategy:""constant"",verbose:0,features:null,categories:null,dtype:float64""},unknown:""ignore"",values:null,sparse:true,weight:null,criterion:""gini"",depth:null,features:1.0,nodes:null,decrease:0.0,split:null,leaf:8,split:11,leaf:0.0,presort:false,state:34770,splitter:""best"",jobs:null,remainder:""passthrough"",threshold:0.3,weights:null,memory:null,memory:null,threshold:0.0"
"10153162","sklearn.pipeline.Pipeline(columntransformer=sklearn.compose._column_transformer.ColumnTransformer(numeric=sklearn.pipeline.Pipeline(imputer=sklearn.preprocessing.imputation.Imputer,standardscaler=sklearn.preprocessing.data.StandardScaler),nominal=sklearn.pipeline.Pipeline(simpleimputer=sklearn.impute.SimpleImputer,onehotencoder=sklearn.preprocessing._encoders.OneHotEncoder)),variancethreshold=sklearn.feature_selection.variance_threshold.VarianceThreshold,decisiontreeclassifier=sklearn.tree.tree.DecisionTreeClassifier)(1)","0.5311","axis:0,copy:true,values:""NaN"",strategy:""mean"",verbose:0,copy:true,mean:true,std:true,memory:null,copy:true,value:-1,values:NaN,strategy:""constant"",verbose:0,features:null,categories:null,dtype:float64""},unknown:""ignore"",values:null,sparse:true,weight:null,criterion:""gini"",depth:null,features:1.0,nodes:null,decrease:0.0,split:null,leaf:7,split:16,leaf:0.0,presort:false,state:55335,splitter:""best"",jobs:null,remainder:""passthrough"",threshold:0.3,weights:null,memory:null,memory:null,threshold:0.0"
"8708654","sklearn.pipeline.Pipeline(imputation=openmlstudy14.preprocessing.ConditionalImputer,hotencoding=sklearn.preprocessing.data.OneHotEncoder,scaling=sklearn.preprocessing.data.StandardScaler,variencethreshold=sklearn.feature_selection.variance_threshold.VarianceThreshold,classifier=sklearn.svm.classes.SVC)(1)","0.531","axis:0,features:[],copy:true,empty:0,values:""NaN"",strategy:""most_frequent"",nominal:""most_frequent"",verbose:0,features:[],dtype:float64""},unknown:""ignore"",values:""auto"",sparse:true,threshold:0.0,copy:true,mean:false,std:true,C:921908602349,size:200,weight:null,coef0:885271788612072,shape:null,degree:5,gamma:15088813605662993,kernel:""rbf"",iter:-1,probability:true,state:19474,shrinking:true,tol:00012490665866009236,verbose:false"
"10143144","sklearn.pipeline.Pipeline(columntransformer=sklearn.compose._column_transformer.ColumnTransformer(numeric=sklearn.pipeline.Pipeline(imputer=sklearn.preprocessing.imputation.Imputer,standardscaler=sklearn.preprocessing.data.StandardScaler),nominal=sklearn.pipeline.Pipeline(simpleimputer=sklearn.impute.SimpleImputer,onehotencoder=sklearn.preprocessing._encoders.OneHotEncoder)),variancethreshold=sklearn.feature_selection.variance_threshold.VarianceThreshold,decisiontreeclassifier=sklearn.tree.tree.DecisionTreeClassifier)(1)","0.5309","axis:0,copy:true,values:""NaN"",strategy:""mean"",verbose:0,copy:true,mean:true,std:true,memory:null,copy:true,value:-1,values:NaN,strategy:""constant"",verbose:0,features:null,categories:null,dtype:float64""},unknown:""ignore"",values:null,sparse:true,weight:null,criterion:""gini"",depth:null,features:1.0,nodes:null,decrease:0.0,split:null,leaf:8,split:5,leaf:0.0,presort:false,state:48195,splitter:""best"",jobs:null,remainder:""passthrough"",threshold:0.3,weights:null,memory:null,memory:null,threshold:0.0"
"10065102","sklearn.pipeline.Pipeline(columntransformer=sklearn.compose._column_transformer.ColumnTransformer(numeric=sklearn.pipeline.Pipeline(imputer=sklearn.preprocessing.imputation.Imputer,standardscaler=sklearn.preprocessing.data.StandardScaler),nominal=sklearn.pipeline.Pipeline(simpleimputer=sklearn.impute.SimpleImputer,onehotencoder=sklearn.preprocessing._encoders.OneHotEncoder)),variancethreshold=sklearn.feature_selection.variance_threshold.VarianceThreshold,decisiontreeclassifier=sklearn.tree.tree.DecisionTreeClassifier)(1)","0.5309","axis:0,copy:true,values:""NaN"",strategy:""most_frequent"",verbose:0,copy:true,mean:true,std:true,memory:null,copy:true,value:-1,values:NaN,strategy:""constant"",verbose:0,features:null,categories:null,dtype:float64""},unknown:""ignore"",values:null,sparse:true,weight:null,criterion:""gini"",depth:null,features:1.0,nodes:null,decrease:0.0,split:null,leaf:8,split:19,leaf:0.0,presort:false,state:47026,splitter:""best"",jobs:null,remainder:""passthrough"",threshold:0.3,weights:null,memory:null,memory:null,threshold:0.0"
"10112302","sklearn.pipeline.Pipeline(columntransformer=sklearn.compose._column_transformer.ColumnTransformer(numeric=sklearn.pipeline.Pipeline(imputer=sklearn.preprocessing.imputation.Imputer,standardscaler=sklearn.preprocessing.data.StandardScaler),nominal=sklearn.pipeline.Pipeline(simpleimputer=sklearn.impute.SimpleImputer,onehotencoder=sklearn.preprocessing._encoders.OneHotEncoder)),variancethreshold=sklearn.feature_selection.variance_threshold.VarianceThreshold,decisiontreeclassifier=sklearn.tree.tree.DecisionTreeClassifier)(1)","0.5309","axis:0,copy:true,values:""NaN"",strategy:""median"",verbose:0,copy:true,mean:true,std:true,memory:null,copy:true,value:-1,values:NaN,strategy:""constant"",verbose:0,features:null,categories:null,dtype:float64""},unknown:""ignore"",values:null,sparse:true,weight:null,criterion:""gini"",depth:null,features:1.0,nodes:null,decrease:0.0,split:null,leaf:8,split:11,leaf:0.0,presort:false,state:27052,splitter:""best"",jobs:null,remainder:""passthrough"",threshold:0.3,weights:null,memory:null,memory:null,threshold:0.0"
"10075155","sklearn.pipeline.Pipeline(columntransformer=sklearn.compose._column_transformer.ColumnTransformer(numeric=sklearn.pipeline.Pipeline(imputer=sklearn.preprocessing.imputation.Imputer,standardscaler=sklearn.preprocessing.data.StandardScaler),nominal=sklearn.pipeline.Pipeline(simpleimputer=sklearn.impute.SimpleImputer,onehotencoder=sklearn.preprocessing._encoders.OneHotEncoder)),variancethreshold=sklearn.feature_selection.variance_threshold.VarianceThreshold,decisiontreeclassifier=sklearn.tree.tree.DecisionTreeClassifier)(1)","0.5309","axis:0,copy:true,values:""NaN"",strategy:""median"",verbose:0,copy:true,mean:true,std:true,memory:null,copy:true,value:-1,values:NaN,strategy:""constant"",verbose:0,features:null,categories:null,dtype:float64""},unknown:""ignore"",values:null,sparse:true,weight:null,criterion:""gini"",depth:null,features:1.0,nodes:null,decrease:0.0,split:null,leaf:8,split:9,leaf:0.0,presort:false,state:56950,splitter:""best"",jobs:null,remainder:""passthrough"",threshold:0.3,weights:null,memory:null,memory:null,threshold:0.0"
"10108279","sklearn.pipeline.Pipeline(columntransformer=sklearn.compose._column_transformer.ColumnTransformer(numeric=sklearn.pipeline.Pipeline(imputer=sklearn.preprocessing.imputation.Imputer,standardscaler=sklearn.preprocessing.data.StandardScaler),nominal=sklearn.pipeline.Pipeline(simpleimputer=sklearn.impute.SimpleImputer,onehotencoder=sklearn.preprocessing._encoders.OneHotEncoder)),variancethreshold=sklearn.feature_selection.variance_threshold.VarianceThreshold,decisiontreeclassifier=sklearn.tree.tree.DecisionTreeClassifier)(1)","0.5309","axis:0,copy:true,values:""NaN"",strategy:""median"",verbose:0,copy:true,mean:true,std:true,memory:null,copy:true,value:-1,values:NaN,strategy:""constant"",verbose:0,features:null,categories:null,dtype:float64""},unknown:""ignore"",values:null,sparse:true,weight:null,criterion:""gini"",depth:null,features:1.0,nodes:null,decrease:0.0,split:null,leaf:8,split:11,leaf:0.0,presort:false,state:33528,splitter:""best"",jobs:null,remainder:""passthrough"",threshold:0.3,weights:null,memory:null,memory:null,threshold:0.0"
"10061728","sklearn.pipeline.Pipeline(columntransformer=sklearn.compose._column_transformer.ColumnTransformer(numeric=sklearn.pipeline.Pipeline(imputer=sklearn.preprocessing.imputation.Imputer,standardscaler=sklearn.preprocessing.data.StandardScaler),nominal=sklearn.pipeline.Pipeline(simpleimputer=sklearn.impute.SimpleImputer,onehotencoder=sklearn.preprocessing._encoders.OneHotEncoder)),variancethreshold=sklearn.feature_selection.variance_threshold.VarianceThreshold,decisiontreeclassifier=sklearn.tree.tree.DecisionTreeClassifier)(1)","0.5309","axis:0,copy:true,values:""NaN"",strategy:""median"",verbose:0,copy:true,mean:true,std:true,memory:null,copy:true,value:-1,values:NaN,strategy:""constant"",verbose:0,features:null,categories:null,dtype:float64""},unknown:""ignore"",values:null,sparse:true,weight:null,criterion:""gini"",depth:null,features:1.0,nodes:null,decrease:0.0,split:null,leaf:8,split:8,leaf:0.0,presort:false,state:19573,splitter:""best"",jobs:null,remainder:""passthrough"",threshold:0.3,weights:null,memory:null,memory:null,threshold:0.0"
"8823078","sklearn.pipeline.Pipeline(imputation=openmlstudy14.preprocessing.ConditionalImputer,hotencoding=sklearn.preprocessing.data.OneHotEncoder,scaling=sklearn.preprocessing.data.StandardScaler,variencethreshold=sklearn.feature_selection.variance_threshold.VarianceThreshold,classifier=sklearn.svm.classes.SVC)(1)","0.5308","axis:0,features:[],copy:true,empty:0,values:""NaN"",strategy:""median"",nominal:""most_frequent"",verbose:0,features:[],dtype:float64""},unknown:""ignore"",values:""auto"",sparse:true,threshold:0.0,copy:true,mean:false,std:true,C:137309120363609,size:200,weight:null,coef0:0477677001647383,shape:null,degree:2,gamma:012496531238432152,kernel:""rbf"",iter:-1,probability:true,state:45644,shrinking:false,tol:009084847384801246,verbose:false"
"10057255","sklearn.pipeline.Pipeline(columntransformer=sklearn.compose._column_transformer.ColumnTransformer(numeric=sklearn.pipeline.Pipeline(imputer=sklearn.preprocessing.imputation.Imputer,standardscaler=sklearn.preprocessing.data.StandardScaler),nominal=sklearn.pipeline.Pipeline(simpleimputer=sklearn.impute.SimpleImputer,onehotencoder=sklearn.preprocessing._encoders.OneHotEncoder)),variancethreshold=sklearn.feature_selection.variance_threshold.VarianceThreshold,decisiontreeclassifier=sklearn.tree.tree.DecisionTreeClassifier)(1)","0.5308","axis:0,copy:true,values:""NaN"",strategy:""median"",verbose:0,copy:true,mean:true,std:true,memory:null,copy:true,value:-1,values:NaN,strategy:""constant"",verbose:0,features:null,categories:null,dtype:float64""},unknown:""ignore"",values:null,sparse:true,weight:null,criterion:""gini"",depth:null,features:1.0,nodes:null,decrease:0.0,split:null,leaf:8,split:3,leaf:0.0,presort:false,state:4082,splitter:""best"",jobs:null,remainder:""passthrough"",threshold:0.3,weights:null,memory:null,memory:null,threshold:0.0"
"10115591","sklearn.pipeline.Pipeline(columntransformer=sklearn.compose._column_transformer.ColumnTransformer(numeric=sklearn.pipeline.Pipeline(imputer=sklearn.preprocessing.imputation.Imputer,standardscaler=sklearn.preprocessing.data.StandardScaler),nominal=sklearn.pipeline.Pipeline(simpleimputer=sklearn.impute.SimpleImputer,onehotencoder=sklearn.preprocessing._encoders.OneHotEncoder)),variancethreshold=sklearn.feature_selection.variance_threshold.VarianceThreshold,decisiontreeclassifier=sklearn.tree.tree.DecisionTreeClassifier)(1)","0.5308","axis:0,copy:true,values:""NaN"",strategy:""mean"",verbose:0,copy:true,mean:true,std:true,memory:null,copy:true,value:-1,values:NaN,strategy:""constant"",verbose:0,features:null,categories:null,dtype:float64""},unknown:""ignore"",values:null,sparse:true,weight:null,criterion:""gini"",depth:null,features:1.0,nodes:null,decrease:0.0,split:null,leaf:7,split:16,leaf:0.0,presort:false,state:62962,splitter:""best"",jobs:null,remainder:""passthrough"",threshold:0.3,weights:null,memory:null,memory:null,threshold:0.0"
"10064136","sklearn.pipeline.Pipeline(columntransformer=sklearn.compose._column_transformer.ColumnTransformer(numeric=sklearn.pipeline.Pipeline(imputer=sklearn.preprocessing.imputation.Imputer,standardscaler=sklearn.preprocessing.data.StandardScaler),nominal=sklearn.pipeline.Pipeline(simpleimputer=sklearn.impute.SimpleImputer,onehotencoder=sklearn.preprocessing._encoders.OneHotEncoder)),variancethreshold=sklearn.feature_selection.variance_threshold.VarianceThreshold,decisiontreeclassifier=sklearn.tree.tree.DecisionTreeClassifier)(1)","0.5308","axis:0,copy:true,values:""NaN"",strategy:""most_frequent"",verbose:0,copy:true,mean:true,std:true,memory:null,copy:true,value:-1,values:NaN,strategy:""constant"",verbose:0,features:null,categories:null,dtype:float64""},unknown:""ignore"",values:null,sparse:true,weight:null,criterion:""gini"",depth:null,features:1.0,nodes:null,decrease:0.0,split:null,leaf:8,split:17,leaf:0.0,presort:false,state:52261,splitter:""best"",jobs:null,remainder:""passthrough"",threshold:0.3,weights:null,memory:null,memory:null,threshold:0.0"
"10074148","sklearn.pipeline.Pipeline(columntransformer=sklearn.compose._column_transformer.ColumnTransformer(numeric=sklearn.pipeline.Pipeline(imputer=sklearn.preprocessing.imputation.Imputer,standardscaler=sklearn.preprocessing.data.StandardScaler),nominal=sklearn.pipeline.Pipeline(simpleimputer=sklearn.impute.SimpleImputer,onehotencoder=sklearn.preprocessing._encoders.OneHotEncoder)),variancethreshold=sklearn.feature_selection.variance_threshold.VarianceThreshold,decisiontreeclassifier=sklearn.tree.tree.DecisionTreeClassifier)(1)","0.5307","axis:0,copy:true,values:""NaN"",strategy:""mean"",verbose:0,copy:true,mean:true,std:true,memory:null,copy:true,value:-1,values:NaN,strategy:""constant"",verbose:0,features:null,categories:null,dtype:float64""},unknown:""ignore"",values:null,sparse:true,weight:null,criterion:""gini"",depth:null,features:1.0,nodes:null,decrease:0.0,split:null,leaf:8,split:15,leaf:0.0,presort:false,state:26036,splitter:""best"",jobs:null,remainder:""passthrough"",threshold:0.3,weights:null,memory:null,memory:null,threshold:0.0"
"10048724","sklearn.pipeline.Pipeline(columntransformer=sklearn.compose._column_transformer.ColumnTransformer(numeric=sklearn.pipeline.Pipeline(imputer=sklearn.preprocessing.imputation.Imputer,standardscaler=sklearn.preprocessing.data.StandardScaler),nominal=sklearn.pipeline.Pipeline(simpleimputer=sklearn.impute.SimpleImputer,onehotencoder=sklearn.preprocessing._encoders.OneHotEncoder)),variancethreshold=sklearn.feature_selection.variance_threshold.VarianceThreshold,decisiontreeclassifier=sklearn.tree.tree.DecisionTreeClassifier)(1)","0.5306","axis:0,copy:true,values:""NaN"",strategy:""mean"",verbose:0,copy:true,mean:true,std:true,memory:null,copy:true,value:-1,values:NaN,strategy:""constant"",verbose:0,features:null,categories:null,dtype:float64""},unknown:""ignore"",values:null,sparse:true,weight:null,criterion:""gini"",depth:null,features:1.0,nodes:null,decrease:0.0,split:null,leaf:7,split:9,leaf:0.0,presort:false,state:65156,splitter:""best"",jobs:null,remainder:""passthrough"",threshold:0.3,weights:null,memory:null,memory:null,threshold:0.0"
"10113326","sklearn.pipeline.Pipeline(columntransformer=sklearn.compose._column_transformer.ColumnTransformer(numeric=sklearn.pipeline.Pipeline(imputer=sklearn.preprocessing.imputation.Imputer,standardscaler=sklearn.preprocessing.data.StandardScaler),nominal=sklearn.pipeline.Pipeline(simpleimputer=sklearn.impute.SimpleImputer,onehotencoder=sklearn.preprocessing._encoders.OneHotEncoder)),variancethreshold=sklearn.feature_selection.variance_threshold.VarianceThreshold,decisiontreeclassifier=sklearn.tree.tree.DecisionTreeClassifier)(1)","0.5306","axis:0,copy:true,values:""NaN"",strategy:""most_frequent"",verbose:0,copy:true,mean:true,std:true,memory:null,copy:true,value:-1,values:NaN,strategy:""constant"",verbose:0,features:null,categories:null,dtype:float64""},unknown:""ignore"",values:null,sparse:true,weight:null,criterion:""gini"",depth:null,features:1.0,nodes:null,decrease:0.0,split:null,leaf:7,split:14,leaf:0.0,presort:false,state:58945,splitter:""best"",jobs:null,remainder:""passthrough"",threshold:0.3,weights:null,memory:null,memory:null,threshold:0.0"
"10051558","sklearn.pipeline.Pipeline(columntransformer=sklearn.compose._column_transformer.ColumnTransformer(numeric=sklearn.pipeline.Pipeline(imputer=sklearn.preprocessing.imputation.Imputer,standardscaler=sklearn.preprocessing.data.StandardScaler),nominal=sklearn.pipeline.Pipeline(simpleimputer=sklearn.impute.SimpleImputer,onehotencoder=sklearn.preprocessing._encoders.OneHotEncoder)),variancethreshold=sklearn.feature_selection.variance_threshold.VarianceThreshold,decisiontreeclassifier=sklearn.tree.tree.DecisionTreeClassifier)(1)","0.5305","axis:0,copy:true,values:""NaN"",strategy:""most_frequent"",verbose:0,copy:true,mean:true,std:true,memory:null,copy:true,value:-1,values:NaN,strategy:""constant"",verbose:0,features:null,categories:null,dtype:float64""},unknown:""ignore"",values:null,sparse:true,weight:null,criterion:""gini"",depth:null,features:1.0,nodes:null,decrease:0.0,split:null,leaf:8,split:16,leaf:0.0,presort:false,state:41680,splitter:""best"",jobs:null,remainder:""passthrough"",threshold:0.3,weights:null,memory:null,memory:null,threshold:0.0"
"8815499","sklearn.pipeline.Pipeline(imputation=openmlstudy14.preprocessing.ConditionalImputer,hotencoding=sklearn.preprocessing.data.OneHotEncoder,scaling=sklearn.preprocessing.data.StandardScaler,variencethreshold=sklearn.feature_selection.variance_threshold.VarianceThreshold,classifier=sklearn.svm.classes.SVC)(1)","0.5304","axis:0,features:[],copy:true,empty:0,values:""NaN"",strategy:""most_frequent"",nominal:""most_frequent"",verbose:0,features:[],dtype:float64""},unknown:""ignore"",values:""auto"",sparse:true,threshold:0.0,copy:true,mean:false,std:true,C:835772203882,size:200,weight:null,coef0:10041599848919969,shape:null,degree:1,gamma:0006825879286223659,kernel:""rbf"",iter:-1,probability:true,state:38475,shrinking:false,tol:00130278273378433,verbose:false"
"10093518","sklearn.pipeline.Pipeline(columntransformer=sklearn.compose._column_transformer.ColumnTransformer(numeric=sklearn.pipeline.Pipeline(imputer=sklearn.preprocessing.imputation.Imputer,standardscaler=sklearn.preprocessing.data.StandardScaler),nominal=sklearn.pipeline.Pipeline(simpleimputer=sklearn.impute.SimpleImputer,onehotencoder=sklearn.preprocessing._encoders.OneHotEncoder)),variancethreshold=sklearn.feature_selection.variance_threshold.VarianceThreshold,decisiontreeclassifier=sklearn.tree.tree.DecisionTreeClassifier)(1)","0.5304","axis:0,copy:true,values:""NaN"",strategy:""most_frequent"",verbose:0,copy:true,mean:true,std:true,memory:null,copy:true,value:-1,values:NaN,strategy:""constant"",verbose:0,features:null,categories:null,dtype:float64""},unknown:""ignore"",values:null,sparse:true,weight:null,criterion:""gini"",depth:null,features:1.0,nodes:null,decrease:0.0,split:null,leaf:7,split:19,leaf:0.0,presort:false,state:7756,splitter:""best"",jobs:null,remainder:""passthrough"",threshold:0.3,weights:null,memory:null,memory:null,threshold:0.0"
"10089111","sklearn.pipeline.Pipeline(columntransformer=sklearn.compose._column_transformer.ColumnTransformer(numeric=sklearn.pipeline.Pipeline(imputer=sklearn.preprocessing.imputation.Imputer,standardscaler=sklearn.preprocessing.data.StandardScaler),nominal=sklearn.pipeline.Pipeline(simpleimputer=sklearn.impute.SimpleImputer,onehotencoder=sklearn.preprocessing._encoders.OneHotEncoder)),variancethreshold=sklearn.feature_selection.variance_threshold.VarianceThreshold,decisiontreeclassifier=sklearn.tree.tree.DecisionTreeClassifier)(1)","0.5304","axis:0,copy:true,values:""NaN"",strategy:""mean"",verbose:0,copy:true,mean:true,std:true,memory:null,copy:true,value:-1,values:NaN,strategy:""constant"",verbose:0,features:null,categories:null,dtype:float64""},unknown:""ignore"",values:null,sparse:true,weight:null,criterion:""gini"",depth:null,features:1.0,nodes:null,decrease:0.0,split:null,leaf:8,split:14,leaf:0.0,presort:false,state:31591,splitter:""best"",jobs:null,remainder:""passthrough"",threshold:0.3,weights:null,memory:null,memory:null,threshold:0.0"
"10066416","sklearn.pipeline.Pipeline(columntransformer=sklearn.compose._column_transformer.ColumnTransformer(numeric=sklearn.pipeline.Pipeline(imputer=sklearn.preprocessing.imputation.Imputer,standardscaler=sklearn.preprocessing.data.StandardScaler),nominal=sklearn.pipeline.Pipeline(simpleimputer=sklearn.impute.SimpleImputer,onehotencoder=sklearn.preprocessing._encoders.OneHotEncoder)),variancethreshold=sklearn.feature_selection.variance_threshold.VarianceThreshold,decisiontreeclassifier=sklearn.tree.tree.DecisionTreeClassifier)(1)","0.5304","axis:0,copy:true,values:""NaN"",strategy:""most_frequent"",verbose:0,copy:true,mean:true,std:true,memory:null,copy:true,value:-1,values:NaN,strategy:""constant"",verbose:0,features:null,categories:null,dtype:float64""},unknown:""ignore"",values:null,sparse:true,weight:null,criterion:""gini"",depth:null,features:1.0,nodes:null,decrease:0.0,split:null,leaf:8,split:17,leaf:0.0,presort:false,state:43185,splitter:""best"",jobs:null,remainder:""passthrough"",threshold:0.3,weights:null,memory:null,memory:null,threshold:0.0"
"10097640","sklearn.pipeline.Pipeline(columntransformer=sklearn.compose._column_transformer.ColumnTransformer(numeric=sklearn.pipeline.Pipeline(imputer=sklearn.preprocessing.imputation.Imputer,standardscaler=sklearn.preprocessing.data.StandardScaler),nominal=sklearn.pipeline.Pipeline(simpleimputer=sklearn.impute.SimpleImputer,onehotencoder=sklearn.preprocessing._encoders.OneHotEncoder)),variancethreshold=sklearn.feature_selection.variance_threshold.VarianceThreshold,decisiontreeclassifier=sklearn.tree.tree.DecisionTreeClassifier)(1)","0.5304","axis:0,copy:true,values:""NaN"",strategy:""mean"",verbose:0,copy:true,mean:true,std:true,memory:null,copy:true,value:-1,values:NaN,strategy:""constant"",verbose:0,features:null,categories:null,dtype:float64""},unknown:""ignore"",values:null,sparse:true,weight:null,criterion:""gini"",depth:null,features:1.0,nodes:null,decrease:0.0,split:null,leaf:8,split:13,leaf:0.0,presort:false,state:36209,splitter:""best"",jobs:null,remainder:""passthrough"",threshold:0.3,weights:null,memory:null,memory:null,threshold:0.0"
"10121064","sklearn.pipeline.Pipeline(columntransformer=sklearn.compose._column_transformer.ColumnTransformer(numeric=sklearn.pipeline.Pipeline(imputer=sklearn.preprocessing.imputation.Imputer,standardscaler=sklearn.preprocessing.data.StandardScaler),nominal=sklearn.pipeline.Pipeline(simpleimputer=sklearn.impute.SimpleImputer,onehotencoder=sklearn.preprocessing._encoders.OneHotEncoder)),variancethreshold=sklearn.feature_selection.variance_threshold.VarianceThreshold,decisiontreeclassifier=sklearn.tree.tree.DecisionTreeClassifier)(1)","0.5304","axis:0,copy:true,values:""NaN"",strategy:""median"",verbose:0,copy:true,mean:true,std:true,memory:null,copy:true,value:-1,values:NaN,strategy:""constant"",verbose:0,features:null,categories:null,dtype:float64""},unknown:""ignore"",values:null,sparse:true,weight:null,criterion:""gini"",depth:null,features:1.0,nodes:null,decrease:0.0,split:null,leaf:7,split:6,leaf:0.0,presort:false,state:36030,splitter:""best"",jobs:null,remainder:""passthrough"",threshold:0.3,weights:null,memory:null,memory:null,threshold:0.0"
"10087683","sklearn.pipeline.Pipeline(columntransformer=sklearn.compose._column_transformer.ColumnTransformer(numeric=sklearn.pipeline.Pipeline(imputer=sklearn.preprocessing.imputation.Imputer,standardscaler=sklearn.preprocessing.data.StandardScaler),nominal=sklearn.pipeline.Pipeline(simpleimputer=sklearn.impute.SimpleImputer,onehotencoder=sklearn.preprocessing._encoders.OneHotEncoder)),variancethreshold=sklearn.feature_selection.variance_threshold.VarianceThreshold,decisiontreeclassifier=sklearn.tree.tree.DecisionTreeClassifier)(1)","0.5304","axis:0,copy:true,values:""NaN"",strategy:""mean"",verbose:0,copy:true,mean:true,std:true,memory:null,copy:true,value:-1,values:NaN,strategy:""constant"",verbose:0,features:null,categories:null,dtype:float64""},unknown:""ignore"",values:null,sparse:true,weight:null,criterion:""gini"",depth:null,features:1.0,nodes:null,decrease:0.0,split:null,leaf:7,split:19,leaf:0.0,presort:false,state:54123,splitter:""best"",jobs:null,remainder:""passthrough"",threshold:0.3,weights:null,memory:null,memory:null,threshold:0.0"
"10145387","sklearn.pipeline.Pipeline(columntransformer=sklearn.compose._column_transformer.ColumnTransformer(numeric=sklearn.pipeline.Pipeline(imputer=sklearn.preprocessing.imputation.Imputer,standardscaler=sklearn.preprocessing.data.StandardScaler),nominal=sklearn.pipeline.Pipeline(simpleimputer=sklearn.impute.SimpleImputer,onehotencoder=sklearn.preprocessing._encoders.OneHotEncoder)),variancethreshold=sklearn.feature_selection.variance_threshold.VarianceThreshold,decisiontreeclassifier=sklearn.tree.tree.DecisionTreeClassifier)(1)","0.5304","axis:0,copy:true,values:""NaN"",strategy:""mean"",verbose:0,copy:true,mean:true,std:true,memory:null,copy:true,value:-1,values:NaN,strategy:""constant"",verbose:0,features:null,categories:null,dtype:float64""},unknown:""ignore"",values:null,sparse:true,weight:null,criterion:""gini"",depth:null,features:1.0,nodes:null,decrease:0.0,split:null,leaf:8,split:16,leaf:0.0,presort:false,state:4042,splitter:""best"",jobs:null,remainder:""passthrough"",threshold:0.3,weights:null,memory:null,memory:null,threshold:0.0"
"8807883","sklearn.pipeline.Pipeline(imputation=openmlstudy14.preprocessing.ConditionalImputer,hotencoding=sklearn.preprocessing.data.OneHotEncoder,scaling=sklearn.preprocessing.data.StandardScaler,variencethreshold=sklearn.feature_selection.variance_threshold.VarianceThreshold,classifier=sklearn.svm.classes.SVC)(1)","0.5303","axis:0,features:[],copy:true,empty:0,values:""NaN"",strategy:""median"",nominal:""most_frequent"",verbose:0,features:[],dtype:float64""},unknown:""ignore"",values:""auto"",sparse:true,threshold:0.0,copy:true,mean:false,std:true,C:239042462368,size:200,weight:null,coef0:39137343642663724,shape:null,degree:5,gamma:48748399579388585,kernel:""rbf"",iter:-1,probability:true,state:32635,shrinking:true,tol:007324170568314259,verbose:false"
"10055363","sklearn.pipeline.Pipeline(columntransformer=sklearn.compose._column_transformer.ColumnTransformer(numeric=sklearn.pipeline.Pipeline(imputer=sklearn.preprocessing.imputation.Imputer,standardscaler=sklearn.preprocessing.data.StandardScaler),nominal=sklearn.pipeline.Pipeline(simpleimputer=sklearn.impute.SimpleImputer,onehotencoder=sklearn.preprocessing._encoders.OneHotEncoder)),variancethreshold=sklearn.feature_selection.variance_threshold.VarianceThreshold,decisiontreeclassifier=sklearn.tree.tree.DecisionTreeClassifier)(1)","0.5303","axis:0,copy:true,values:""NaN"",strategy:""most_frequent"",verbose:0,copy:true,mean:true,std:true,memory:null,copy:true,value:-1,values:NaN,strategy:""constant"",verbose:0,features:null,categories:null,dtype:float64""},unknown:""ignore"",values:null,sparse:true,weight:null,criterion:""gini"",depth:null,features:1.0,nodes:null,decrease:0.0,split:null,leaf:15,split:6,leaf:0.0,presort:false,state:26936,splitter:""best"",jobs:null,remainder:""passthrough"",threshold:0.3,weights:null,memory:null,memory:null,threshold:0.0"
"10150864","sklearn.pipeline.Pipeline(columntransformer=sklearn.compose._column_transformer.ColumnTransformer(numeric=sklearn.pipeline.Pipeline(imputer=sklearn.preprocessing.imputation.Imputer,standardscaler=sklearn.preprocessing.data.StandardScaler),nominal=sklearn.pipeline.Pipeline(simpleimputer=sklearn.impute.SimpleImputer,onehotencoder=sklearn.preprocessing._encoders.OneHotEncoder)),variancethreshold=sklearn.feature_selection.variance_threshold.VarianceThreshold,decisiontreeclassifier=sklearn.tree.tree.DecisionTreeClassifier)(1)","0.5303","axis:0,copy:true,values:""NaN"",strategy:""most_frequent"",verbose:0,copy:true,mean:true,std:true,memory:null,copy:true,value:-1,values:NaN,strategy:""constant"",verbose:0,features:null,categories:null,dtype:float64""},unknown:""ignore"",values:null,sparse:true,weight:null,criterion:""gini"",depth:null,features:1.0,nodes:null,decrease:0.0,split:null,leaf:7,split:17,leaf:0.0,presort:false,state:62746,splitter:""best"",jobs:null,remainder:""passthrough"",threshold:0.3,weights:null,memory:null,memory:null,threshold:0.0"
"10046076","sklearn.pipeline.Pipeline(columntransformer=sklearn.compose._column_transformer.ColumnTransformer(numeric=sklearn.pipeline.Pipeline(imputer=sklearn.preprocessing.imputation.Imputer,standardscaler=sklearn.preprocessing.data.StandardScaler),nominal=sklearn.pipeline.Pipeline(simpleimputer=sklearn.impute.SimpleImputer,onehotencoder=sklearn.preprocessing._encoders.OneHotEncoder)),variancethreshold=sklearn.feature_selection.variance_threshold.VarianceThreshold,decisiontreeclassifier=sklearn.tree.tree.DecisionTreeClassifier)(1)","0.5303","axis:0,copy:true,values:""NaN"",strategy:""mean"",verbose:0,copy:true,mean:true,std:true,memory:null,copy:true,value:-1,values:NaN,strategy:""constant"",verbose:0,features:null,categories:null,dtype:float64""},unknown:""ignore"",values:null,sparse:true,weight:null,criterion:""gini"",depth:null,features:1.0,nodes:null,decrease:0.0,split:null,leaf:8,split:8,leaf:0.0,presort:false,state:41424,splitter:""best"",jobs:null,remainder:""passthrough"",threshold:0.3,weights:null,memory:null,memory:null,threshold:0.0"
"10144303","sklearn.pipeline.Pipeline(columntransformer=sklearn.compose._column_transformer.ColumnTransformer(numeric=sklearn.pipeline.Pipeline(imputer=sklearn.preprocessing.imputation.Imputer,standardscaler=sklearn.preprocessing.data.StandardScaler),nominal=sklearn.pipeline.Pipeline(simpleimputer=sklearn.impute.SimpleImputer,onehotencoder=sklearn.preprocessing._encoders.OneHotEncoder)),variancethreshold=sklearn.feature_selection.variance_threshold.VarianceThreshold,decisiontreeclassifier=sklearn.tree.tree.DecisionTreeClassifier)(1)","0.5303","axis:0,copy:true,values:""NaN"",strategy:""mean"",verbose:0,copy:true,mean:true,std:true,memory:null,copy:true,value:-1,values:NaN,strategy:""constant"",verbose:0,features:null,categories:null,dtype:float64""},unknown:""ignore"",values:null,sparse:true,weight:null,criterion:""gini"",depth:null,features:1.0,nodes:null,decrease:0.0,split:null,leaf:7,split:5,leaf:0.0,presort:false,state:13052,splitter:""best"",jobs:null,remainder:""passthrough"",threshold:0.3,weights:null,memory:null,memory:null,threshold:0.0"
"10106953","sklearn.pipeline.Pipeline(columntransformer=sklearn.compose._column_transformer.ColumnTransformer(numeric=sklearn.pipeline.Pipeline(imputer=sklearn.preprocessing.imputation.Imputer,standardscaler=sklearn.preprocessing.data.StandardScaler),nominal=sklearn.pipeline.Pipeline(simpleimputer=sklearn.impute.SimpleImputer,onehotencoder=sklearn.preprocessing._encoders.OneHotEncoder)),variancethreshold=sklearn.feature_selection.variance_threshold.VarianceThreshold,decisiontreeclassifier=sklearn.tree.tree.DecisionTreeClassifier)(1)","0.5303","axis:0,copy:true,values:""NaN"",strategy:""median"",verbose:0,copy:true,mean:true,std:true,memory:null,copy:true,value:-1,values:NaN,strategy:""constant"",verbose:0,features:null,categories:null,dtype:float64""},unknown:""ignore"",values:null,sparse:true,weight:null,criterion:""gini"",depth:null,features:1.0,nodes:null,decrease:0.0,split:null,leaf:7,split:8,leaf:0.0,presort:false,state:23111,splitter:""best"",jobs:null,remainder:""passthrough"",threshold:0.3,weights:null,memory:null,memory:null,threshold:0.0"
"10055369","sklearn.pipeline.Pipeline(columntransformer=sklearn.compose._column_transformer.ColumnTransformer(numeric=sklearn.pipeline.Pipeline(imputer=sklearn.preprocessing.imputation.Imputer,standardscaler=sklearn.preprocessing.data.StandardScaler),nominal=sklearn.pipeline.Pipeline(simpleimputer=sklearn.impute.SimpleImputer,onehotencoder=sklearn.preprocessing._encoders.OneHotEncoder)),variancethreshold=sklearn.feature_selection.variance_threshold.VarianceThreshold,decisiontreeclassifier=sklearn.tree.tree.DecisionTreeClassifier)(1)","0.5302","axis:0,copy:true,values:""NaN"",strategy:""median"",verbose:0,copy:true,mean:true,std:true,memory:null,copy:true,value:-1,values:NaN,strategy:""constant"",verbose:0,features:null,categories:null,dtype:float64""},unknown:""ignore"",values:null,sparse:true,weight:null,criterion:""gini"",depth:null,features:1.0,nodes:null,decrease:0.0,split:null,leaf:7,split:19,leaf:0.0,presort:false,state:50056,splitter:""best"",jobs:null,remainder:""passthrough"",threshold:0.3,weights:null,memory:null,memory:null,threshold:0.0"
"10128443","sklearn.pipeline.Pipeline(columntransformer=sklearn.compose._column_transformer.ColumnTransformer(numeric=sklearn.pipeline.Pipeline(imputer=sklearn.preprocessing.imputation.Imputer,standardscaler=sklearn.preprocessing.data.StandardScaler),nominal=sklearn.pipeline.Pipeline(simpleimputer=sklearn.impute.SimpleImputer,onehotencoder=sklearn.preprocessing._encoders.OneHotEncoder)),variancethreshold=sklearn.feature_selection.variance_threshold.VarianceThreshold,decisiontreeclassifier=sklearn.tree.tree.DecisionTreeClassifier)(1)","0.5301","axis:0,copy:true,values:""NaN"",strategy:""mean"",verbose:0,copy:true,mean:true,std:true,memory:null,copy:true,value:-1,values:NaN,strategy:""constant"",verbose:0,features:null,categories:null,dtype:float64""},unknown:""ignore"",values:null,sparse:true,weight:null,criterion:""gini"",depth:null,features:1.0,nodes:null,decrease:0.0,split:null,leaf:7,split:10,leaf:0.0,presort:false,state:21476,splitter:""best"",jobs:null,remainder:""passthrough"",threshold:0.3,weights:null,memory:null,memory:null,threshold:0.0"
"10101448","sklearn.pipeline.Pipeline(columntransformer=sklearn.compose._column_transformer.ColumnTransformer(numeric=sklearn.pipeline.Pipeline(imputer=sklearn.preprocessing.imputation.Imputer,standardscaler=sklearn.preprocessing.data.StandardScaler),nominal=sklearn.pipeline.Pipeline(simpleimputer=sklearn.impute.SimpleImputer,onehotencoder=sklearn.preprocessing._encoders.OneHotEncoder)),variancethreshold=sklearn.feature_selection.variance_threshold.VarianceThreshold,decisiontreeclassifier=sklearn.tree.tree.DecisionTreeClassifier)(1)","0.5301","axis:0,copy:true,values:""NaN"",strategy:""mean"",verbose:0,copy:true,mean:true,std:true,memory:null,copy:true,value:-1,values:NaN,strategy:""constant"",verbose:0,features:null,categories:null,dtype:float64""},unknown:""ignore"",values:null,sparse:true,weight:null,criterion:""gini"",depth:null,features:1.0,nodes:null,decrease:0.0,split:null,leaf:15,split:17,leaf:0.0,presort:false,state:2684,splitter:""best"",jobs:null,remainder:""passthrough"",threshold:0.3,weights:null,memory:null,memory:null,threshold:0.0"
"9933969","sklearn.pipeline.Pipeline(columntransformer=sklearn.compose._column_transformer.ColumnTransformer(numeric=sklearn.pipeline.Pipeline(imputer=sklearn.preprocessing.imputation.Imputer,standardscaler=sklearn.preprocessing.data.StandardScaler),nominal=sklearn.pipeline.Pipeline(simpleimputer=sklearn.impute.SimpleImputer,onehotencoder=sklearn.preprocessing._encoders.OneHotEncoder)),variancethreshold=sklearn.feature_selection.variance_threshold.VarianceThreshold,gradientboostingclassifier=sklearn.ensemble.gradient_boosting.GradientBoostingClassifier)(3)","0.53","memory:null,jobs:null,remainder:""passthrough"",threshold:0.3,weights:null,memory:null,axis:0,copy:true,values:""NaN"",strategy:""most_frequent"",verbose:0,copy:true,mean:true,std:true,memory:null,copy:true,value:-1,values:NaN,strategy:""constant"",verbose:0,features:null,categories:null,dtype:float64""},unknown:""ignore"",values:null,sparse:true,threshold:0.0,criterion:""friedman_mse"",init:null,rate:11415029493667533,loss:""deviance"",depth:4,features:7456995822391967,nodes:null,decrease:7948442072868472,split:null,leaf:3,split:18,leaf:2526430035005286,estimators:341,change:436,presort:""auto"",state:11051,subsample:3362968287651682,tol:0009128482262771036,fraction:3239893021624327,verbose:0,start:false"
"8703534","sklearn.pipeline.Pipeline(imputation=openmlstudy14.preprocessing.ConditionalImputer,hotencoding=sklearn.preprocessing.data.OneHotEncoder,scaling=sklearn.preprocessing.data.StandardScaler,variencethreshold=sklearn.feature_selection.variance_threshold.VarianceThreshold,classifier=sklearn.svm.classes.SVC)(1)","0.53","axis:0,features:[],copy:true,empty:0,values:""NaN"",strategy:""median"",nominal:""most_frequent"",verbose:0,features:[],dtype:float64""},unknown:""ignore"",values:""auto"",sparse:true,threshold:0.0,copy:true,mean:false,std:true,C:308812057489704,size:200,weight:null,coef0:3298424589219602,shape:null,degree:4,gamma:011131004114744885,kernel:""rbf"",iter:-1,probability:true,state:43201,shrinking:false,tol:00019832246713257935,verbose:false"
"10102300","sklearn.pipeline.Pipeline(columntransformer=sklearn.compose._column_transformer.ColumnTransformer(numeric=sklearn.pipeline.Pipeline(imputer=sklearn.preprocessing.imputation.Imputer,standardscaler=sklearn.preprocessing.data.StandardScaler),nominal=sklearn.pipeline.Pipeline(simpleimputer=sklearn.impute.SimpleImputer,onehotencoder=sklearn.preprocessing._encoders.OneHotEncoder)),variancethreshold=sklearn.feature_selection.variance_threshold.VarianceThreshold,decisiontreeclassifier=sklearn.tree.tree.DecisionTreeClassifier)(1)","0.53","axis:0,copy:true,values:""NaN"",strategy:""mean"",verbose:0,copy:true,mean:true,std:true,memory:null,copy:true,value:-1,values:NaN,strategy:""constant"",verbose:0,features:null,categories:null,dtype:float64""},unknown:""ignore"",values:null,sparse:true,weight:null,criterion:""gini"",depth:null,features:1.0,nodes:null,decrease:0.0,split:null,leaf:7,split:5,leaf:0.0,presort:false,state:43344,splitter:""best"",jobs:null,remainder:""passthrough"",threshold:0.3,weights:null,memory:null,memory:null,threshold:0.0"
"10077546","sklearn.pipeline.Pipeline(columntransformer=sklearn.compose._column_transformer.ColumnTransformer(numeric=sklearn.pipeline.Pipeline(imputer=sklearn.preprocessing.imputation.Imputer,standardscaler=sklearn.preprocessing.data.StandardScaler),nominal=sklearn.pipeline.Pipeline(simpleimputer=sklearn.impute.SimpleImputer,onehotencoder=sklearn.preprocessing._encoders.OneHotEncoder)),variancethreshold=sklearn.feature_selection.variance_threshold.VarianceThreshold,decisiontreeclassifier=sklearn.tree.tree.DecisionTreeClassifier)(1)","0.53","axis:0,copy:true,values:""NaN"",strategy:""most_frequent"",verbose:0,copy:true,mean:true,std:true,memory:null,copy:true,value:-1,values:NaN,strategy:""constant"",verbose:0,features:null,categories:null,dtype:float64""},unknown:""ignore"",values:null,sparse:true,weight:null,criterion:""gini"",depth:null,features:1.0,nodes:null,decrease:0.0,split:null,leaf:15,split:20,leaf:0.0,presort:false,state:63345,splitter:""best"",jobs:null,remainder:""passthrough"",threshold:0.3,weights:null,memory:null,memory:null,threshold:0.0"
"1672304","weka.MultiScheme_REPTree(1)","0.53","M:2,V:0.001,N:3,S:1,L:-1,I:0.0,X:0,S:1,B:REPTree"
"10070817","sklearn.pipeline.Pipeline(columntransformer=sklearn.compose._column_transformer.ColumnTransformer(numeric=sklearn.pipeline.Pipeline(imputer=sklearn.preprocessing.imputation.Imputer,standardscaler=sklearn.preprocessing.data.StandardScaler),nominal=sklearn.pipeline.Pipeline(simpleimputer=sklearn.impute.SimpleImputer,onehotencoder=sklearn.preprocessing._encoders.OneHotEncoder)),variancethreshold=sklearn.feature_selection.variance_threshold.VarianceThreshold,decisiontreeclassifier=sklearn.tree.tree.DecisionTreeClassifier)(1)","0.5299","axis:0,copy:true,values:""NaN"",strategy:""mean"",verbose:0,copy:true,mean:true,std:true,memory:null,copy:true,value:-1,values:NaN,strategy:""constant"",verbose:0,features:null,categories:null,dtype:float64""},unknown:""ignore"",values:null,sparse:true,weight:null,criterion:""gini"",depth:null,features:1.0,nodes:null,decrease:0.0,split:null,leaf:7,split:17,leaf:0.0,presort:false,state:29999,splitter:""best"",jobs:null,remainder:""passthrough"",threshold:0.3,weights:null,memory:null,memory:null,threshold:0.0"
"10133001","sklearn.pipeline.Pipeline(columntransformer=sklearn.compose._column_transformer.ColumnTransformer(numeric=sklearn.pipeline.Pipeline(imputer=sklearn.preprocessing.imputation.Imputer,standardscaler=sklearn.preprocessing.data.StandardScaler),nominal=sklearn.pipeline.Pipeline(simpleimputer=sklearn.impute.SimpleImputer,onehotencoder=sklearn.preprocessing._encoders.OneHotEncoder)),variancethreshold=sklearn.feature_selection.variance_threshold.VarianceThreshold,decisiontreeclassifier=sklearn.tree.tree.DecisionTreeClassifier)(1)","0.5299","axis:0,copy:true,values:""NaN"",strategy:""median"",verbose:0,copy:true,mean:true,std:true,memory:null,copy:true,value:-1,values:NaN,strategy:""constant"",verbose:0,features:null,categories:null,dtype:float64""},unknown:""ignore"",values:null,sparse:true,weight:null,criterion:""gini"",depth:null,features:1.0,nodes:null,decrease:0.0,split:null,leaf:7,split:7,leaf:0.0,presort:false,state:59099,splitter:""best"",jobs:null,remainder:""passthrough"",threshold:0.3,weights:null,memory:null,memory:null,threshold:0.0"
"10100611","sklearn.pipeline.Pipeline(columntransformer=sklearn.compose._column_transformer.ColumnTransformer(numeric=sklearn.pipeline.Pipeline(imputer=sklearn.preprocessing.imputation.Imputer,standardscaler=sklearn.preprocessing.data.StandardScaler),nominal=sklearn.pipeline.Pipeline(simpleimputer=sklearn.impute.SimpleImputer,onehotencoder=sklearn.preprocessing._encoders.OneHotEncoder)),variancethreshold=sklearn.feature_selection.variance_threshold.VarianceThreshold,decisiontreeclassifier=sklearn.tree.tree.DecisionTreeClassifier)(1)","0.5299","axis:0,copy:true,values:""NaN"",strategy:""mean"",verbose:0,copy:true,mean:true,std:true,memory:null,copy:true,value:-1,values:NaN,strategy:""constant"",verbose:0,features:null,categories:null,dtype:float64""},unknown:""ignore"",values:null,sparse:true,weight:null,criterion:""gini"",depth:null,features:1.0,nodes:null,decrease:0.0,split:null,leaf:7,split:12,leaf:0.0,presort:false,state:41536,splitter:""best"",jobs:null,remainder:""passthrough"",threshold:0.3,weights:null,memory:null,memory:null,threshold:0.0"
"10072561","sklearn.pipeline.Pipeline(columntransformer=sklearn.compose._column_transformer.ColumnTransformer(numeric=sklearn.pipeline.Pipeline(imputer=sklearn.preprocessing.imputation.Imputer,standardscaler=sklearn.preprocessing.data.StandardScaler),nominal=sklearn.pipeline.Pipeline(simpleimputer=sklearn.impute.SimpleImputer,onehotencoder=sklearn.preprocessing._encoders.OneHotEncoder)),variancethreshold=sklearn.feature_selection.variance_threshold.VarianceThreshold,decisiontreeclassifier=sklearn.tree.tree.DecisionTreeClassifier)(1)","0.5299","axis:0,copy:true,values:""NaN"",strategy:""mean"",verbose:0,copy:true,mean:true,std:true,memory:null,copy:true,value:-1,values:NaN,strategy:""constant"",verbose:0,features:null,categories:null,dtype:float64""},unknown:""ignore"",values:null,sparse:true,weight:null,criterion:""gini"",depth:null,features:1.0,nodes:null,decrease:0.0,split:null,leaf:15,split:15,leaf:0.0,presort:false,state:54273,splitter:""best"",jobs:null,remainder:""passthrough"",threshold:0.3,weights:null,memory:null,memory:null,threshold:0.0"
"10153299","sklearn.pipeline.Pipeline(columntransformer=sklearn.compose._column_transformer.ColumnTransformer(numeric=sklearn.pipeline.Pipeline(imputer=sklearn.preprocessing.imputation.Imputer,standardscaler=sklearn.preprocessing.data.StandardScaler),nominal=sklearn.pipeline.Pipeline(simpleimputer=sklearn.impute.SimpleImputer,onehotencoder=sklearn.preprocessing._encoders.OneHotEncoder)),variancethreshold=sklearn.feature_selection.variance_threshold.VarianceThreshold,decisiontreeclassifier=sklearn.tree.tree.DecisionTreeClassifier)(1)","0.5298","axis:0,copy:true,values:""NaN"",strategy:""median"",verbose:0,copy:true,mean:true,std:true,memory:null,copy:true,value:-1,values:NaN,strategy:""constant"",verbose:0,features:null,categories:null,dtype:float64""},unknown:""ignore"",values:null,sparse:true,weight:null,criterion:""gini"",depth:null,features:1.0,nodes:null,decrease:0.0,split:null,leaf:7,split:5,leaf:0.0,presort:false,state:52561,splitter:""best"",jobs:null,remainder:""passthrough"",threshold:0.3,weights:null,memory:null,memory:null,threshold:0.0"
"10104087","sklearn.pipeline.Pipeline(columntransformer=sklearn.compose._column_transformer.ColumnTransformer(numeric=sklearn.pipeline.Pipeline(imputer=sklearn.preprocessing.imputation.Imputer,standardscaler=sklearn.preprocessing.data.StandardScaler),nominal=sklearn.pipeline.Pipeline(simpleimputer=sklearn.impute.SimpleImputer,onehotencoder=sklearn.preprocessing._encoders.OneHotEncoder)),variancethreshold=sklearn.feature_selection.variance_threshold.VarianceThreshold,decisiontreeclassifier=sklearn.tree.tree.DecisionTreeClassifier)(1)","0.5298","axis:0,copy:true,values:""NaN"",strategy:""mean"",verbose:0,copy:true,mean:true,std:true,memory:null,copy:true,value:-1,values:NaN,strategy:""constant"",verbose:0,features:null,categories:null,dtype:float64""},unknown:""ignore"",values:null,sparse:true,weight:null,criterion:""gini"",depth:null,features:1.0,nodes:null,decrease:0.0,split:null,leaf:15,split:16,leaf:0.0,presort:false,state:34952,splitter:""best"",jobs:null,remainder:""passthrough"",threshold:0.3,weights:null,memory:null,memory:null,threshold:0.0"
"10082220","sklearn.pipeline.Pipeline(columntransformer=sklearn.compose._column_transformer.ColumnTransformer(numeric=sklearn.pipeline.Pipeline(imputer=sklearn.preprocessing.imputation.Imputer,standardscaler=sklearn.preprocessing.data.StandardScaler),nominal=sklearn.pipeline.Pipeline(simpleimputer=sklearn.impute.SimpleImputer,onehotencoder=sklearn.preprocessing._encoders.OneHotEncoder)),variancethreshold=sklearn.feature_selection.variance_threshold.VarianceThreshold,decisiontreeclassifier=sklearn.tree.tree.DecisionTreeClassifier)(1)","0.5297","axis:0,copy:true,values:""NaN"",strategy:""mean"",verbose:0,copy:true,mean:true,std:true,memory:null,copy:true,value:-1,values:NaN,strategy:""constant"",verbose:0,features:null,categories:null,dtype:float64""},unknown:""ignore"",values:null,sparse:true,weight:null,criterion:""gini"",depth:null,features:1.0,nodes:null,decrease:0.0,split:null,leaf:15,split:6,leaf:0.0,presort:false,state:54736,splitter:""best"",jobs:null,remainder:""passthrough"",threshold:0.3,weights:null,memory:null,memory:null,threshold:0.0"
"10049542","sklearn.pipeline.Pipeline(columntransformer=sklearn.compose._column_transformer.ColumnTransformer(numeric=sklearn.pipeline.Pipeline(imputer=sklearn.preprocessing.imputation.Imputer,standardscaler=sklearn.preprocessing.data.StandardScaler),nominal=sklearn.pipeline.Pipeline(simpleimputer=sklearn.impute.SimpleImputer,onehotencoder=sklearn.preprocessing._encoders.OneHotEncoder)),variancethreshold=sklearn.feature_selection.variance_threshold.VarianceThreshold,decisiontreeclassifier=sklearn.tree.tree.DecisionTreeClassifier)(1)","0.5297","axis:0,copy:true,values:""NaN"",strategy:""mean"",verbose:0,copy:true,mean:true,std:true,memory:null,copy:true,value:-1,values:NaN,strategy:""constant"",verbose:0,features:null,categories:null,dtype:float64""},unknown:""ignore"",values:null,sparse:true,weight:null,criterion:""gini"",depth:null,features:1.0,nodes:null,decrease:0.0,split:null,leaf:7,split:7,leaf:0.0,presort:false,state:19634,splitter:""best"",jobs:null,remainder:""passthrough"",threshold:0.3,weights:null,memory:null,memory:null,threshold:0.0"
"10060570","sklearn.pipeline.Pipeline(columntransformer=sklearn.compose._column_transformer.ColumnTransformer(numeric=sklearn.pipeline.Pipeline(imputer=sklearn.preprocessing.imputation.Imputer,standardscaler=sklearn.preprocessing.data.StandardScaler),nominal=sklearn.pipeline.Pipeline(simpleimputer=sklearn.impute.SimpleImputer,onehotencoder=sklearn.preprocessing._encoders.OneHotEncoder)),variancethreshold=sklearn.feature_selection.variance_threshold.VarianceThreshold,decisiontreeclassifier=sklearn.tree.tree.DecisionTreeClassifier)(1)","0.5297","axis:0,copy:true,values:""NaN"",strategy:""median"",verbose:0,copy:true,mean:true,std:true,memory:null,copy:true,value:-1,values:NaN,strategy:""constant"",verbose:0,features:null,categories:null,dtype:float64""},unknown:""ignore"",values:null,sparse:true,weight:null,criterion:""gini"",depth:null,features:1.0,nodes:null,decrease:0.0,split:null,leaf:15,split:4,leaf:0.0,presort:false,state:35351,splitter:""best"",jobs:null,remainder:""passthrough"",threshold:0.3,weights:null,memory:null,memory:null,threshold:0.0"
"10129422","sklearn.pipeline.Pipeline(columntransformer=sklearn.compose._column_transformer.ColumnTransformer(numeric=sklearn.pipeline.Pipeline(imputer=sklearn.preprocessing.imputation.Imputer,standardscaler=sklearn.preprocessing.data.StandardScaler),nominal=sklearn.pipeline.Pipeline(simpleimputer=sklearn.impute.SimpleImputer,onehotencoder=sklearn.preprocessing._encoders.OneHotEncoder)),variancethreshold=sklearn.feature_selection.variance_threshold.VarianceThreshold,decisiontreeclassifier=sklearn.tree.tree.DecisionTreeClassifier)(1)","0.5297","axis:0,copy:true,values:""NaN"",strategy:""median"",verbose:0,copy:true,mean:true,std:true,memory:null,copy:true,value:-1,values:NaN,strategy:""constant"",verbose:0,features:null,categories:null,dtype:float64""},unknown:""ignore"",values:null,sparse:true,weight:null,criterion:""gini"",depth:null,features:1.0,nodes:null,decrease:0.0,split:null,leaf:7,split:6,leaf:0.0,presort:false,state:47909,splitter:""best"",jobs:null,remainder:""passthrough"",threshold:0.3,weights:null,memory:null,memory:null,threshold:0.0"
"9905606","sklearn.pipeline.Pipeline(columntransformer=sklearn.compose._column_transformer.ColumnTransformer(numeric=sklearn.pipeline.Pipeline(imputer=sklearn.preprocessing.imputation.Imputer,standardscaler=sklearn.preprocessing.data.StandardScaler),nominal=sklearn.pipeline.Pipeline(simpleimputer=sklearn.impute.SimpleImputer,onehotencoder=sklearn.preprocessing._encoders.OneHotEncoder)),variancethreshold=sklearn.feature_selection.variance_threshold.VarianceThreshold,gradientboostingclassifier=sklearn.ensemble.gradient_boosting.GradientBoostingClassifier)(1)","0.5296","memory:null,jobs:null,remainder:""passthrough"",threshold:0.3,weights:null,memory:null,axis:0,copy:true,values:""NaN"",strategy:""median"",verbose:0,copy:true,mean:true,std:true,memory:null,copy:true,value:-1,values:NaN,strategy:""constant"",verbose:0,features:null,categories:null,dtype:float64""},unknown:""ignore"",values:null,sparse:true,threshold:0.0,criterion:""friedman_mse"",init:null,rate:030882934025115435,loss:""deviance"",depth:9,features:40012313155040213,nodes:null,decrease:07682783411601912,split:null,leaf:7,split:3,leaf:18735002921243699,estimators:240,change:337,presort:""auto"",state:19442,subsample:20918793429482418,tol:00010381982353612714,fraction:11151065638966451,verbose:0,start:false"
"10079894","sklearn.pipeline.Pipeline(columntransformer=sklearn.compose._column_transformer.ColumnTransformer(numeric=sklearn.pipeline.Pipeline(imputer=sklearn.preprocessing.imputation.Imputer,standardscaler=sklearn.preprocessing.data.StandardScaler),nominal=sklearn.pipeline.Pipeline(simpleimputer=sklearn.impute.SimpleImputer,onehotencoder=sklearn.preprocessing._encoders.OneHotEncoder)),variancethreshold=sklearn.feature_selection.variance_threshold.VarianceThreshold,decisiontreeclassifier=sklearn.tree.tree.DecisionTreeClassifier)(1)","0.5296","axis:0,copy:true,values:""NaN"",strategy:""mean"",verbose:0,copy:true,mean:true,std:true,memory:null,copy:true,value:-1,values:NaN,strategy:""constant"",verbose:0,features:null,categories:null,dtype:float64""},unknown:""ignore"",values:null,sparse:true,weight:null,criterion:""gini"",depth:null,features:1.0,nodes:null,decrease:0.0,split:null,leaf:15,split:3,leaf:0.0,presort:false,state:8272,splitter:""best"",jobs:null,remainder:""passthrough"",threshold:0.3,weights:null,memory:null,memory:null,threshold:0.0"
"10079448","sklearn.pipeline.Pipeline(columntransformer=sklearn.compose._column_transformer.ColumnTransformer(numeric=sklearn.pipeline.Pipeline(imputer=sklearn.preprocessing.imputation.Imputer,standardscaler=sklearn.preprocessing.data.StandardScaler),nominal=sklearn.pipeline.Pipeline(simpleimputer=sklearn.impute.SimpleImputer,onehotencoder=sklearn.preprocessing._encoders.OneHotEncoder)),variancethreshold=sklearn.feature_selection.variance_threshold.VarianceThreshold,decisiontreeclassifier=sklearn.tree.tree.DecisionTreeClassifier)(1)","0.5296","axis:0,copy:true,values:""NaN"",strategy:""median"",verbose:0,copy:true,mean:true,std:true,memory:null,copy:true,value:-1,values:NaN,strategy:""constant"",verbose:0,features:null,categories:null,dtype:float64""},unknown:""ignore"",values:null,sparse:true,weight:null,criterion:""gini"",depth:null,features:1.0,nodes:null,decrease:0.0,split:null,leaf:15,split:2,leaf:0.0,presort:false,state:4486,splitter:""best"",jobs:null,remainder:""passthrough"",threshold:0.3,weights:null,memory:null,memory:null,threshold:0.0"
"10061223","sklearn.pipeline.Pipeline(columntransformer=sklearn.compose._column_transformer.ColumnTransformer(numeric=sklearn.pipeline.Pipeline(imputer=sklearn.preprocessing.imputation.Imputer,standardscaler=sklearn.preprocessing.data.StandardScaler),nominal=sklearn.pipeline.Pipeline(simpleimputer=sklearn.impute.SimpleImputer,onehotencoder=sklearn.preprocessing._encoders.OneHotEncoder)),variancethreshold=sklearn.feature_selection.variance_threshold.VarianceThreshold,decisiontreeclassifier=sklearn.tree.tree.DecisionTreeClassifier)(1)","0.5296","axis:0,copy:true,values:""NaN"",strategy:""median"",verbose:0,copy:true,mean:true,std:true,memory:null,copy:true,value:-1,values:NaN,strategy:""constant"",verbose:0,features:null,categories:null,dtype:float64""},unknown:""ignore"",values:null,sparse:true,weight:null,criterion:""gini"",depth:null,features:1.0,nodes:null,decrease:0.0,split:null,leaf:15,split:5,leaf:0.0,presort:false,state:23481,splitter:""best"",jobs:null,remainder:""passthrough"",threshold:0.3,weights:null,memory:null,memory:null,threshold:0.0"
"9970173","sklearn.pipeline.Pipeline(columntransformer=sklearn.compose._column_transformer.ColumnTransformer(numeric=sklearn.pipeline.Pipeline(imputer=sklearn.preprocessing.imputation.Imputer,standardscaler=sklearn.preprocessing.data.StandardScaler),nominal=sklearn.pipeline.Pipeline(simpleimputer=sklearn.impute.SimpleImputer,onehotencoder=sklearn.preprocessing._encoders.OneHotEncoder)),variancethreshold=sklearn.feature_selection.variance_threshold.VarianceThreshold,gradientboostingclassifier=sklearn.ensemble.gradient_boosting.GradientBoostingClassifier)(3)","0.5295","memory:null,jobs:null,remainder:""passthrough"",threshold:0.3,weights:null,memory:null,axis:0,copy:true,values:""NaN"",strategy:""mean"",verbose:0,copy:true,mean:true,std:true,memory:null,copy:true,value:-1,values:NaN,strategy:""constant"",verbose:0,features:null,categories:null,dtype:float64""},unknown:""ignore"",values:null,sparse:true,threshold:0.0,criterion:""friedman_mse"",init:null,rate:012973920056470259,loss:""deviance"",depth:5,features:9750354443399546,nodes:null,decrease:8661092703735614,split:null,leaf:15,split:4,leaf:05342508549300368,estimators:182,change:886,presort:""auto"",state:9242,subsample:3978286981058178,tol:0059565012284494645,fraction:7359467167312754,verbose:0,start:false"
"10081711","sklearn.pipeline.Pipeline(columntransformer=sklearn.compose._column_transformer.ColumnTransformer(numeric=sklearn.pipeline.Pipeline(imputer=sklearn.preprocessing.imputation.Imputer,standardscaler=sklearn.preprocessing.data.StandardScaler),nominal=sklearn.pipeline.Pipeline(simpleimputer=sklearn.impute.SimpleImputer,onehotencoder=sklearn.preprocessing._encoders.OneHotEncoder)),variancethreshold=sklearn.feature_selection.variance_threshold.VarianceThreshold,decisiontreeclassifier=sklearn.tree.tree.DecisionTreeClassifier)(1)","0.5295","axis:0,copy:true,values:""NaN"",strategy:""median"",verbose:0,copy:true,mean:true,std:true,memory:null,copy:true,value:-1,values:NaN,strategy:""constant"",verbose:0,features:null,categories:null,dtype:float64""},unknown:""ignore"",values:null,sparse:true,weight:null,criterion:""gini"",depth:null,features:1.0,nodes:null,decrease:0.0,split:null,leaf:15,split:5,leaf:0.0,presort:false,state:19273,splitter:""best"",jobs:null,remainder:""passthrough"",threshold:0.3,weights:null,memory:null,memory:null,threshold:0.0"
"10108221","sklearn.pipeline.Pipeline(columntransformer=sklearn.compose._column_transformer.ColumnTransformer(numeric=sklearn.pipeline.Pipeline(imputer=sklearn.preprocessing.imputation.Imputer,standardscaler=sklearn.preprocessing.data.StandardScaler),nominal=sklearn.pipeline.Pipeline(simpleimputer=sklearn.impute.SimpleImputer,onehotencoder=sklearn.preprocessing._encoders.OneHotEncoder)),variancethreshold=sklearn.feature_selection.variance_threshold.VarianceThreshold,decisiontreeclassifier=sklearn.tree.tree.DecisionTreeClassifier)(1)","0.5295","axis:0,copy:true,values:""NaN"",strategy:""mean"",verbose:0,copy:true,mean:true,std:true,memory:null,copy:true,value:-1,values:NaN,strategy:""constant"",verbose:0,features:null,categories:null,dtype:float64""},unknown:""ignore"",values:null,sparse:true,weight:null,criterion:""gini"",depth:null,features:1.0,nodes:null,decrease:0.0,split:null,leaf:15,split:13,leaf:0.0,presort:false,state:11264,splitter:""best"",jobs:null,remainder:""passthrough"",threshold:0.3,weights:null,memory:null,memory:null,threshold:0.0"
"10091566","sklearn.pipeline.Pipeline(columntransformer=sklearn.compose._column_transformer.ColumnTransformer(numeric=sklearn.pipeline.Pipeline(imputer=sklearn.preprocessing.imputation.Imputer,standardscaler=sklearn.preprocessing.data.StandardScaler),nominal=sklearn.pipeline.Pipeline(simpleimputer=sklearn.impute.SimpleImputer,onehotencoder=sklearn.preprocessing._encoders.OneHotEncoder)),variancethreshold=sklearn.feature_selection.variance_threshold.VarianceThreshold,decisiontreeclassifier=sklearn.tree.tree.DecisionTreeClassifier)(1)","0.5295","axis:0,copy:true,values:""NaN"",strategy:""most_frequent"",verbose:0,copy:true,mean:true,std:true,memory:null,copy:true,value:-1,values:NaN,strategy:""constant"",verbose:0,features:null,categories:null,dtype:float64""},unknown:""ignore"",values:null,sparse:true,weight:null,criterion:""gini"",depth:null,features:1.0,nodes:null,decrease:0.0,split:null,leaf:7,split:6,leaf:0.0,presort:false,state:29312,splitter:""best"",jobs:null,remainder:""passthrough"",threshold:0.3,weights:null,memory:null,memory:null,threshold:0.0"
"10107962","sklearn.pipeline.Pipeline(columntransformer=sklearn.compose._column_transformer.ColumnTransformer(numeric=sklearn.pipeline.Pipeline(imputer=sklearn.preprocessing.imputation.Imputer,standardscaler=sklearn.preprocessing.data.StandardScaler),nominal=sklearn.pipeline.Pipeline(simpleimputer=sklearn.impute.SimpleImputer,onehotencoder=sklearn.preprocessing._encoders.OneHotEncoder)),variancethreshold=sklearn.feature_selection.variance_threshold.VarianceThreshold,decisiontreeclassifier=sklearn.tree.tree.DecisionTreeClassifier)(1)","0.5295","axis:0,copy:true,values:""NaN"",strategy:""median"",verbose:0,copy:true,mean:true,std:true,memory:null,copy:true,value:-1,values:NaN,strategy:""constant"",verbose:0,features:null,categories:null,dtype:float64""},unknown:""ignore"",values:null,sparse:true,weight:null,criterion:""gini"",depth:null,features:1.0,nodes:null,decrease:0.0,split:null,leaf:15,split:9,leaf:0.0,presort:false,state:43038,splitter:""best"",jobs:null,remainder:""passthrough"",threshold:0.3,weights:null,memory:null,memory:null,threshold:0.0"
"10073844","sklearn.pipeline.Pipeline(columntransformer=sklearn.compose._column_transformer.ColumnTransformer(numeric=sklearn.pipeline.Pipeline(imputer=sklearn.preprocessing.imputation.Imputer,standardscaler=sklearn.preprocessing.data.StandardScaler),nominal=sklearn.pipeline.Pipeline(simpleimputer=sklearn.impute.SimpleImputer,onehotencoder=sklearn.preprocessing._encoders.OneHotEncoder)),variancethreshold=sklearn.feature_selection.variance_threshold.VarianceThreshold,decisiontreeclassifier=sklearn.tree.tree.DecisionTreeClassifier)(1)","0.5295","axis:0,copy:true,values:""NaN"",strategy:""median"",verbose:0,copy:true,mean:true,std:true,memory:null,copy:true,value:-1,values:NaN,strategy:""constant"",verbose:0,features:null,categories:null,dtype:float64""},unknown:""ignore"",values:null,sparse:true,weight:null,criterion:""gini"",depth:null,features:1.0,nodes:null,decrease:0.0,split:null,leaf:7,split:2,leaf:0.0,presort:false,state:32909,splitter:""best"",jobs:null,remainder:""passthrough"",threshold:0.3,weights:null,memory:null,memory:null,threshold:0.0"
"10135823","sklearn.pipeline.Pipeline(columntransformer=sklearn.compose._column_transformer.ColumnTransformer(numeric=sklearn.pipeline.Pipeline(imputer=sklearn.preprocessing.imputation.Imputer,standardscaler=sklearn.preprocessing.data.StandardScaler),nominal=sklearn.pipeline.Pipeline(simpleimputer=sklearn.impute.SimpleImputer,onehotencoder=sklearn.preprocessing._encoders.OneHotEncoder)),variancethreshold=sklearn.feature_selection.variance_threshold.VarianceThreshold,decisiontreeclassifier=sklearn.tree.tree.DecisionTreeClassifier)(1)","0.5295","axis:0,copy:true,values:""NaN"",strategy:""mean"",verbose:0,copy:true,mean:true,std:true,memory:null,copy:true,value:-1,values:NaN,strategy:""constant"",verbose:0,features:null,categories:null,dtype:float64""},unknown:""ignore"",values:null,sparse:true,weight:null,criterion:""gini"",depth:null,features:1.0,nodes:null,decrease:0.0,split:null,leaf:7,split:14,leaf:0.0,presort:false,state:6183,splitter:""best"",jobs:null,remainder:""passthrough"",threshold:0.3,weights:null,memory:null,memory:null,threshold:0.0"
"10118872","sklearn.pipeline.Pipeline(columntransformer=sklearn.compose._column_transformer.ColumnTransformer(numeric=sklearn.pipeline.Pipeline(imputer=sklearn.preprocessing.imputation.Imputer,standardscaler=sklearn.preprocessing.data.StandardScaler),nominal=sklearn.pipeline.Pipeline(simpleimputer=sklearn.impute.SimpleImputer,onehotencoder=sklearn.preprocessing._encoders.OneHotEncoder)),variancethreshold=sklearn.feature_selection.variance_threshold.VarianceThreshold,decisiontreeclassifier=sklearn.tree.tree.DecisionTreeClassifier)(1)","0.5295","axis:0,copy:true,values:""NaN"",strategy:""median"",verbose:0,copy:true,mean:true,std:true,memory:null,copy:true,value:-1,values:NaN,strategy:""constant"",verbose:0,features:null,categories:null,dtype:float64""},unknown:""ignore"",values:null,sparse:true,weight:null,criterion:""gini"",depth:null,features:1.0,nodes:null,decrease:0.0,split:null,leaf:15,split:13,leaf:0.0,presort:false,state:35862,splitter:""best"",jobs:null,remainder:""passthrough"",threshold:0.3,weights:null,memory:null,memory:null,threshold:0.0"
"9941986","sklearn.pipeline.Pipeline(columntransformer=sklearn.compose._column_transformer.ColumnTransformer(numeric=sklearn.pipeline.Pipeline(imputer=sklearn.preprocessing.imputation.Imputer,standardscaler=sklearn.preprocessing.data.StandardScaler),nominal=sklearn.pipeline.Pipeline(simpleimputer=sklearn.impute.SimpleImputer,onehotencoder=sklearn.preprocessing._encoders.OneHotEncoder)),variancethreshold=sklearn.feature_selection.variance_threshold.VarianceThreshold,gradientboostingclassifier=sklearn.ensemble.gradient_boosting.GradientBoostingClassifier)(3)","0.5294","memory:null,jobs:null,remainder:""passthrough"",threshold:0.3,weights:null,memory:null,axis:0,copy:true,values:""NaN"",strategy:""median"",verbose:0,copy:true,mean:true,std:true,memory:null,copy:true,value:-1,values:NaN,strategy:""constant"",verbose:0,features:null,categories:null,dtype:float64""},unknown:""ignore"",values:null,sparse:true,threshold:0.0,criterion:""friedman_mse"",init:null,rate:1698255484689254,loss:""deviance"",depth:9,features:2387517083974139,nodes:null,decrease:14837257238242196,split:null,leaf:7,split:10,leaf:21615052428925513,estimators:296,change:248,presort:""auto"",state:65072,subsample:19109842273342093,tol:194261951695435e-05,fraction:5594711609474685,verbose:0,start:false"
"10096686","sklearn.pipeline.Pipeline(columntransformer=sklearn.compose._column_transformer.ColumnTransformer(numeric=sklearn.pipeline.Pipeline(imputer=sklearn.preprocessing.imputation.Imputer,standardscaler=sklearn.preprocessing.data.StandardScaler),nominal=sklearn.pipeline.Pipeline(simpleimputer=sklearn.impute.SimpleImputer,onehotencoder=sklearn.preprocessing._encoders.OneHotEncoder)),variancethreshold=sklearn.feature_selection.variance_threshold.VarianceThreshold,decisiontreeclassifier=sklearn.tree.tree.DecisionTreeClassifier)(1)","0.5294","axis:0,copy:true,values:""NaN"",strategy:""most_frequent"",verbose:0,copy:true,mean:true,std:true,memory:null,copy:true,value:-1,values:NaN,strategy:""constant"",verbose:0,features:null,categories:null,dtype:float64""},unknown:""ignore"",values:null,sparse:true,weight:null,criterion:""gini"",depth:null,features:1.0,nodes:null,decrease:0.0,split:null,leaf:15,split:20,leaf:0.0,presort:false,state:513,splitter:""best"",jobs:null,remainder:""passthrough"",threshold:0.3,weights:null,memory:null,memory:null,threshold:0.0"
"10076440","sklearn.pipeline.Pipeline(columntransformer=sklearn.compose._column_transformer.ColumnTransformer(numeric=sklearn.pipeline.Pipeline(imputer=sklearn.preprocessing.imputation.Imputer,standardscaler=sklearn.preprocessing.data.StandardScaler),nominal=sklearn.pipeline.Pipeline(simpleimputer=sklearn.impute.SimpleImputer,onehotencoder=sklearn.preprocessing._encoders.OneHotEncoder)),variancethreshold=sklearn.feature_selection.variance_threshold.VarianceThreshold,decisiontreeclassifier=sklearn.tree.tree.DecisionTreeClassifier)(1)","0.5294","axis:0,copy:true,values:""NaN"",strategy:""median"",verbose:0,copy:true,mean:true,std:true,memory:null,copy:true,value:-1,values:NaN,strategy:""constant"",verbose:0,features:null,categories:null,dtype:float64""},unknown:""ignore"",values:null,sparse:true,weight:null,criterion:""gini"",depth:null,features:1.0,nodes:null,decrease:0.0,split:null,leaf:15,split:20,leaf:0.0,presort:false,state:60390,splitter:""best"",jobs:null,remainder:""passthrough"",threshold:0.3,weights:null,memory:null,memory:null,threshold:0.0"
"10085682","sklearn.pipeline.Pipeline(columntransformer=sklearn.compose._column_transformer.ColumnTransformer(numeric=sklearn.pipeline.Pipeline(imputer=sklearn.preprocessing.imputation.Imputer,standardscaler=sklearn.preprocessing.data.StandardScaler),nominal=sklearn.pipeline.Pipeline(simpleimputer=sklearn.impute.SimpleImputer,onehotencoder=sklearn.preprocessing._encoders.OneHotEncoder)),variancethreshold=sklearn.feature_selection.variance_threshold.VarianceThreshold,decisiontreeclassifier=sklearn.tree.tree.DecisionTreeClassifier)(1)","0.5294","axis:0,copy:true,values:""NaN"",strategy:""most_frequent"",verbose:0,copy:true,mean:true,std:true,memory:null,copy:true,value:-1,values:NaN,strategy:""constant"",verbose:0,features:null,categories:null,dtype:float64""},unknown:""ignore"",values:null,sparse:true,weight:null,criterion:""gini"",depth:null,features:1.0,nodes:null,decrease:0.0,split:null,leaf:15,split:11,leaf:0.0,presort:false,state:2862,splitter:""best"",jobs:null,remainder:""passthrough"",threshold:0.3,weights:null,memory:null,memory:null,threshold:0.0"
"10126557","sklearn.pipeline.Pipeline(columntransformer=sklearn.compose._column_transformer.ColumnTransformer(numeric=sklearn.pipeline.Pipeline(imputer=sklearn.preprocessing.imputation.Imputer,standardscaler=sklearn.preprocessing.data.StandardScaler),nominal=sklearn.pipeline.Pipeline(simpleimputer=sklearn.impute.SimpleImputer,onehotencoder=sklearn.preprocessing._encoders.OneHotEncoder)),variancethreshold=sklearn.feature_selection.variance_threshold.VarianceThreshold,decisiontreeclassifier=sklearn.tree.tree.DecisionTreeClassifier)(1)","0.5294","axis:0,copy:true,values:""NaN"",strategy:""most_frequent"",verbose:0,copy:true,mean:true,std:true,memory:null,copy:true,value:-1,values:NaN,strategy:""constant"",verbose:0,features:null,categories:null,dtype:float64""},unknown:""ignore"",values:null,sparse:true,weight:null,criterion:""gini"",depth:null,features:1.0,nodes:null,decrease:0.0,split:null,leaf:15,split:3,leaf:0.0,presort:false,state:42898,splitter:""best"",jobs:null,remainder:""passthrough"",threshold:0.3,weights:null,memory:null,memory:null,threshold:0.0"
"10150957","sklearn.pipeline.Pipeline(columntransformer=sklearn.compose._column_transformer.ColumnTransformer(numeric=sklearn.pipeline.Pipeline(imputer=sklearn.preprocessing.imputation.Imputer,standardscaler=sklearn.preprocessing.data.StandardScaler),nominal=sklearn.pipeline.Pipeline(simpleimputer=sklearn.impute.SimpleImputer,onehotencoder=sklearn.preprocessing._encoders.OneHotEncoder)),variancethreshold=sklearn.feature_selection.variance_threshold.VarianceThreshold,decisiontreeclassifier=sklearn.tree.tree.DecisionTreeClassifier)(1)","0.5294","axis:0,copy:true,values:""NaN"",strategy:""median"",verbose:0,copy:true,mean:true,std:true,memory:null,copy:true,value:-1,values:NaN,strategy:""constant"",verbose:0,features:null,categories:null,dtype:float64""},unknown:""ignore"",values:null,sparse:true,weight:null,criterion:""gini"",depth:null,features:1.0,nodes:null,decrease:0.0,split:null,leaf:7,split:7,leaf:0.0,presort:false,state:768,splitter:""best"",jobs:null,remainder:""passthrough"",threshold:0.3,weights:null,memory:null,memory:null,threshold:0.0"
"10104652","sklearn.pipeline.Pipeline(columntransformer=sklearn.compose._column_transformer.ColumnTransformer(numeric=sklearn.pipeline.Pipeline(imputer=sklearn.preprocessing.imputation.Imputer,standardscaler=sklearn.preprocessing.data.StandardScaler),nominal=sklearn.pipeline.Pipeline(simpleimputer=sklearn.impute.SimpleImputer,onehotencoder=sklearn.preprocessing._encoders.OneHotEncoder)),variancethreshold=sklearn.feature_selection.variance_threshold.VarianceThreshold,decisiontreeclassifier=sklearn.tree.tree.DecisionTreeClassifier)(1)","0.5294","axis:0,copy:true,values:""NaN"",strategy:""median"",verbose:0,copy:true,mean:true,std:true,memory:null,copy:true,value:-1,values:NaN,strategy:""constant"",verbose:0,features:null,categories:null,dtype:float64""},unknown:""ignore"",values:null,sparse:true,weight:null,criterion:""gini"",depth:null,features:1.0,nodes:null,decrease:0.0,split:null,leaf:15,split:5,leaf:0.0,presort:false,state:11196,splitter:""best"",jobs:null,remainder:""passthrough"",threshold:0.3,weights:null,memory:null,memory:null,threshold:0.0"
"10086410","sklearn.pipeline.Pipeline(columntransformer=sklearn.compose._column_transformer.ColumnTransformer(numeric=sklearn.pipeline.Pipeline(imputer=sklearn.preprocessing.imputation.Imputer,standardscaler=sklearn.preprocessing.data.StandardScaler),nominal=sklearn.pipeline.Pipeline(simpleimputer=sklearn.impute.SimpleImputer,onehotencoder=sklearn.preprocessing._encoders.OneHotEncoder)),variancethreshold=sklearn.feature_selection.variance_threshold.VarianceThreshold,decisiontreeclassifier=sklearn.tree.tree.DecisionTreeClassifier)(1)","0.5294","axis:0,copy:true,values:""NaN"",strategy:""most_frequent"",verbose:0,copy:true,mean:true,std:true,memory:null,copy:true,value:-1,values:NaN,strategy:""constant"",verbose:0,features:null,categories:null,dtype:float64""},unknown:""ignore"",values:null,sparse:true,weight:null,criterion:""gini"",depth:null,features:1.0,nodes:null,decrease:0.0,split:null,leaf:15,split:9,leaf:0.0,presort:false,state:52433,splitter:""best"",jobs:null,remainder:""passthrough"",threshold:0.3,weights:null,memory:null,memory:null,threshold:0.0"
"10116968","sklearn.pipeline.Pipeline(columntransformer=sklearn.compose._column_transformer.ColumnTransformer(numeric=sklearn.pipeline.Pipeline(imputer=sklearn.preprocessing.imputation.Imputer,standardscaler=sklearn.preprocessing.data.StandardScaler),nominal=sklearn.pipeline.Pipeline(simpleimputer=sklearn.impute.SimpleImputer,onehotencoder=sklearn.preprocessing._encoders.OneHotEncoder)),variancethreshold=sklearn.feature_selection.variance_threshold.VarianceThreshold,decisiontreeclassifier=sklearn.tree.tree.DecisionTreeClassifier)(1)","0.5293","axis:0,copy:true,values:""NaN"",strategy:""most_frequent"",verbose:0,copy:true,mean:true,std:true,memory:null,copy:true,value:-1,values:NaN,strategy:""constant"",verbose:0,features:null,categories:null,dtype:float64""},unknown:""ignore"",values:null,sparse:true,weight:null,criterion:""gini"",depth:null,features:1.0,nodes:null,decrease:0.0,split:null,leaf:7,split:11,leaf:0.0,presort:false,state:37633,splitter:""best"",jobs:null,remainder:""passthrough"",threshold:0.3,weights:null,memory:null,memory:null,threshold:0.0"
"10114362","sklearn.pipeline.Pipeline(columntransformer=sklearn.compose._column_transformer.ColumnTransformer(numeric=sklearn.pipeline.Pipeline(imputer=sklearn.preprocessing.imputation.Imputer,standardscaler=sklearn.preprocessing.data.StandardScaler),nominal=sklearn.pipeline.Pipeline(simpleimputer=sklearn.impute.SimpleImputer,onehotencoder=sklearn.preprocessing._encoders.OneHotEncoder)),variancethreshold=sklearn.feature_selection.variance_threshold.VarianceThreshold,decisiontreeclassifier=sklearn.tree.tree.DecisionTreeClassifier)(1)","0.5293","axis:0,copy:true,values:""NaN"",strategy:""median"",verbose:0,copy:true,mean:true,std:true,memory:null,copy:true,value:-1,values:NaN,strategy:""constant"",verbose:0,features:null,categories:null,dtype:float64""},unknown:""ignore"",values:null,sparse:true,weight:null,criterion:""gini"",depth:null,features:1.0,nodes:null,decrease:0.0,split:null,leaf:15,split:3,leaf:0.0,presort:false,state:19146,splitter:""best"",jobs:null,remainder:""passthrough"",threshold:0.3,weights:null,memory:null,memory:null,threshold:0.0"
"10105469","sklearn.pipeline.Pipeline(columntransformer=sklearn.compose._column_transformer.ColumnTransformer(numeric=sklearn.pipeline.Pipeline(imputer=sklearn.preprocessing.imputation.Imputer,standardscaler=sklearn.preprocessing.data.StandardScaler),nominal=sklearn.pipeline.Pipeline(simpleimputer=sklearn.impute.SimpleImputer,onehotencoder=sklearn.preprocessing._encoders.OneHotEncoder)),variancethreshold=sklearn.feature_selection.variance_threshold.VarianceThreshold,decisiontreeclassifier=sklearn.tree.tree.DecisionTreeClassifier)(1)","0.5292","axis:0,copy:true,values:""NaN"",strategy:""median"",verbose:0,copy:true,mean:true,std:true,memory:null,copy:true,value:-1,values:NaN,strategy:""constant"",verbose:0,features:null,categories:null,dtype:float64""},unknown:""ignore"",values:null,sparse:true,weight:null,criterion:""gini"",depth:null,features:1.0,nodes:null,decrease:0.0,split:null,leaf:7,split:9,leaf:0.0,presort:false,state:18998,splitter:""best"",jobs:null,remainder:""passthrough"",threshold:0.3,weights:null,memory:null,memory:null,threshold:0.0"
"10105710","sklearn.pipeline.Pipeline(columntransformer=sklearn.compose._column_transformer.ColumnTransformer(numeric=sklearn.pipeline.Pipeline(imputer=sklearn.preprocessing.imputation.Imputer,standardscaler=sklearn.preprocessing.data.StandardScaler),nominal=sklearn.pipeline.Pipeline(simpleimputer=sklearn.impute.SimpleImputer,onehotencoder=sklearn.preprocessing._encoders.OneHotEncoder)),variancethreshold=sklearn.feature_selection.variance_threshold.VarianceThreshold,decisiontreeclassifier=sklearn.tree.tree.DecisionTreeClassifier)(1)","0.5292","axis:0,copy:true,values:""NaN"",strategy:""mean"",verbose:0,copy:true,mean:true,std:true,memory:null,copy:true,value:-1,values:NaN,strategy:""constant"",verbose:0,features:null,categories:null,dtype:float64""},unknown:""ignore"",values:null,sparse:true,weight:null,criterion:""gini"",depth:null,features:1.0,nodes:null,decrease:0.0,split:null,leaf:7,split:20,leaf:0.0,presort:false,state:27163,splitter:""best"",jobs:null,remainder:""passthrough"",threshold:0.3,weights:null,memory:null,memory:null,threshold:0.0"
"10085266","sklearn.pipeline.Pipeline(columntransformer=sklearn.compose._column_transformer.ColumnTransformer(numeric=sklearn.pipeline.Pipeline(imputer=sklearn.preprocessing.imputation.Imputer,standardscaler=sklearn.preprocessing.data.StandardScaler),nominal=sklearn.pipeline.Pipeline(simpleimputer=sklearn.impute.SimpleImputer,onehotencoder=sklearn.preprocessing._encoders.OneHotEncoder)),variancethreshold=sklearn.feature_selection.variance_threshold.VarianceThreshold,decisiontreeclassifier=sklearn.tree.tree.DecisionTreeClassifier)(1)","0.5292","axis:0,copy:true,values:""NaN"",strategy:""mean"",verbose:0,copy:true,mean:true,std:true,memory:null,copy:true,value:-1,values:NaN,strategy:""constant"",verbose:0,features:null,categories:null,dtype:float64""},unknown:""ignore"",values:null,sparse:true,weight:null,criterion:""gini"",depth:null,features:1.0,nodes:null,decrease:0.0,split:null,leaf:7,split:20,leaf:0.0,presort:false,state:11289,splitter:""best"",jobs:null,remainder:""passthrough"",threshold:0.3,weights:null,memory:null,memory:null,threshold:0.0"
"10073327","sklearn.pipeline.Pipeline(columntransformer=sklearn.compose._column_transformer.ColumnTransformer(numeric=sklearn.pipeline.Pipeline(imputer=sklearn.preprocessing.imputation.Imputer,standardscaler=sklearn.preprocessing.data.StandardScaler),nominal=sklearn.pipeline.Pipeline(simpleimputer=sklearn.impute.SimpleImputer,onehotencoder=sklearn.preprocessing._encoders.OneHotEncoder)),variancethreshold=sklearn.feature_selection.variance_threshold.VarianceThreshold,decisiontreeclassifier=sklearn.tree.tree.DecisionTreeClassifier)(1)","0.5292","axis:0,copy:true,values:""NaN"",strategy:""mean"",verbose:0,copy:true,mean:true,std:true,memory:null,copy:true,value:-1,values:NaN,strategy:""constant"",verbose:0,features:null,categories:null,dtype:float64""},unknown:""ignore"",values:null,sparse:true,weight:null,criterion:""gini"",depth:null,features:1.0,nodes:null,decrease:0.0,split:null,leaf:15,split:17,leaf:0.0,presort:false,state:61461,splitter:""best"",jobs:null,remainder:""passthrough"",threshold:0.3,weights:null,memory:null,memory:null,threshold:0.0"
"10114901","sklearn.pipeline.Pipeline(columntransformer=sklearn.compose._column_transformer.ColumnTransformer(numeric=sklearn.pipeline.Pipeline(imputer=sklearn.preprocessing.imputation.Imputer,standardscaler=sklearn.preprocessing.data.StandardScaler),nominal=sklearn.pipeline.Pipeline(simpleimputer=sklearn.impute.SimpleImputer,onehotencoder=sklearn.preprocessing._encoders.OneHotEncoder)),variancethreshold=sklearn.feature_selection.variance_threshold.VarianceThreshold,decisiontreeclassifier=sklearn.tree.tree.DecisionTreeClassifier)(1)","0.5292","axis:0,copy:true,values:""NaN"",strategy:""median"",verbose:0,copy:true,mean:true,std:true,memory:null,copy:true,value:-1,values:NaN,strategy:""constant"",verbose:0,features:null,categories:null,dtype:float64""},unknown:""ignore"",values:null,sparse:true,weight:null,criterion:""gini"",depth:null,features:1.0,nodes:null,decrease:0.0,split:null,leaf:8,split:20,leaf:0.0,presort:false,state:48172,splitter:""best"",jobs:null,remainder:""passthrough"",threshold:0.3,weights:null,memory:null,memory:null,threshold:0.0"
"10134617","sklearn.pipeline.Pipeline(columntransformer=sklearn.compose._column_transformer.ColumnTransformer(numeric=sklearn.pipeline.Pipeline(imputer=sklearn.preprocessing.imputation.Imputer,standardscaler=sklearn.preprocessing.data.StandardScaler),nominal=sklearn.pipeline.Pipeline(simpleimputer=sklearn.impute.SimpleImputer,onehotencoder=sklearn.preprocessing._encoders.OneHotEncoder)),variancethreshold=sklearn.feature_selection.variance_threshold.VarianceThreshold,decisiontreeclassifier=sklearn.tree.tree.DecisionTreeClassifier)(1)","0.5292","axis:0,copy:true,values:""NaN"",strategy:""mean"",verbose:0,copy:true,mean:true,std:true,memory:null,copy:true,value:-1,values:NaN,strategy:""constant"",verbose:0,features:null,categories:null,dtype:float64""},unknown:""ignore"",values:null,sparse:true,weight:null,criterion:""gini"",depth:null,features:1.0,nodes:null,decrease:0.0,split:null,leaf:15,split:4,leaf:0.0,presort:false,state:24656,splitter:""best"",jobs:null,remainder:""passthrough"",threshold:0.3,weights:null,memory:null,memory:null,threshold:0.0"
"9906186","sklearn.pipeline.Pipeline(columntransformer=sklearn.compose._column_transformer.ColumnTransformer(numeric=sklearn.pipeline.Pipeline(imputer=sklearn.preprocessing.imputation.Imputer,standardscaler=sklearn.preprocessing.data.StandardScaler),nominal=sklearn.pipeline.Pipeline(simpleimputer=sklearn.impute.SimpleImputer,onehotencoder=sklearn.preprocessing._encoders.OneHotEncoder)),variancethreshold=sklearn.feature_selection.variance_threshold.VarianceThreshold,gradientboostingclassifier=sklearn.ensemble.gradient_boosting.GradientBoostingClassifier)(1)","0.5291","memory:null,jobs:null,remainder:""passthrough"",threshold:0.3,weights:null,memory:null,axis:0,copy:true,values:""NaN"",strategy:""most_frequent"",verbose:0,copy:true,mean:true,std:true,memory:null,copy:true,value:-1,values:NaN,strategy:""constant"",verbose:0,features:null,categories:null,dtype:float64""},unknown:""ignore"",values:null,sparse:true,threshold:0.0,criterion:""friedman_mse"",init:null,rate:45961331944889877,loss:""deviance"",depth:2,features:012197464742922937,nodes:null,decrease:9944331929610177,split:null,leaf:12,split:3,leaf:04025130961034051,estimators:381,change:624,presort:""auto"",state:52144,subsample:555419765488579,tol:00020497722556024506,fraction:23780579218459585,verbose:0,start:false"
"10105888","sklearn.pipeline.Pipeline(columntransformer=sklearn.compose._column_transformer.ColumnTransformer(numeric=sklearn.pipeline.Pipeline(imputer=sklearn.preprocessing.imputation.Imputer,standardscaler=sklearn.preprocessing.data.StandardScaler),nominal=sklearn.pipeline.Pipeline(simpleimputer=sklearn.impute.SimpleImputer,onehotencoder=sklearn.preprocessing._encoders.OneHotEncoder)),variancethreshold=sklearn.feature_selection.variance_threshold.VarianceThreshold,decisiontreeclassifier=sklearn.tree.tree.DecisionTreeClassifier)(1)","0.5291","axis:0,copy:true,values:""NaN"",strategy:""most_frequent"",verbose:0,copy:true,mean:true,std:true,memory:null,copy:true,value:-1,values:NaN,strategy:""constant"",verbose:0,features:null,categories:null,dtype:float64""},unknown:""ignore"",values:null,sparse:true,weight:null,criterion:""gini"",depth:null,features:1.0,nodes:null,decrease:0.0,split:null,leaf:15,split:17,leaf:0.0,presort:false,state:39889,splitter:""best"",jobs:null,remainder:""passthrough"",threshold:0.3,weights:null,memory:null,memory:null,threshold:0.0"
"10144016","sklearn.pipeline.Pipeline(columntransformer=sklearn.compose._column_transformer.ColumnTransformer(numeric=sklearn.pipeline.Pipeline(imputer=sklearn.preprocessing.imputation.Imputer,standardscaler=sklearn.preprocessing.data.StandardScaler),nominal=sklearn.pipeline.Pipeline(simpleimputer=sklearn.impute.SimpleImputer,onehotencoder=sklearn.preprocessing._encoders.OneHotEncoder)),variancethreshold=sklearn.feature_selection.variance_threshold.VarianceThreshold,decisiontreeclassifier=sklearn.tree.tree.DecisionTreeClassifier)(1)","0.5291","axis:0,copy:true,values:""NaN"",strategy:""median"",verbose:0,copy:true,mean:true,std:true,memory:null,copy:true,value:-1,values:NaN,strategy:""constant"",verbose:0,features:null,categories:null,dtype:float64""},unknown:""ignore"",values:null,sparse:true,weight:null,criterion:""gini"",depth:null,features:1.0,nodes:null,decrease:0.0,split:null,leaf:15,split:17,leaf:0.0,presort:false,state:39811,splitter:""best"",jobs:null,remainder:""passthrough"",threshold:0.3,weights:null,memory:null,memory:null,threshold:0.0"
"10071469","sklearn.pipeline.Pipeline(columntransformer=sklearn.compose._column_transformer.ColumnTransformer(numeric=sklearn.pipeline.Pipeline(imputer=sklearn.preprocessing.imputation.Imputer,standardscaler=sklearn.preprocessing.data.StandardScaler),nominal=sklearn.pipeline.Pipeline(simpleimputer=sklearn.impute.SimpleImputer,onehotencoder=sklearn.preprocessing._encoders.OneHotEncoder)),variancethreshold=sklearn.feature_selection.variance_threshold.VarianceThreshold,decisiontreeclassifier=sklearn.tree.tree.DecisionTreeClassifier)(1)","0.5291","axis:0,copy:true,values:""NaN"",strategy:""mean"",verbose:0,copy:true,mean:true,std:true,memory:null,copy:true,value:-1,values:NaN,strategy:""constant"",verbose:0,features:null,categories:null,dtype:float64""},unknown:""ignore"",values:null,sparse:true,weight:null,criterion:""gini"",depth:null,features:1.0,nodes:null,decrease:0.0,split:null,leaf:7,split:11,leaf:0.0,presort:false,state:707,splitter:""best"",jobs:null,remainder:""passthrough"",threshold:0.3,weights:null,memory:null,memory:null,threshold:0.0"
"10069842","sklearn.pipeline.Pipeline(columntransformer=sklearn.compose._column_transformer.ColumnTransformer(numeric=sklearn.pipeline.Pipeline(imputer=sklearn.preprocessing.imputation.Imputer,standardscaler=sklearn.preprocessing.data.StandardScaler),nominal=sklearn.pipeline.Pipeline(simpleimputer=sklearn.impute.SimpleImputer,onehotencoder=sklearn.preprocessing._encoders.OneHotEncoder)),variancethreshold=sklearn.feature_selection.variance_threshold.VarianceThreshold,decisiontreeclassifier=sklearn.tree.tree.DecisionTreeClassifier)(1)","0.5291","axis:0,copy:true,values:""NaN"",strategy:""median"",verbose:0,copy:true,mean:true,std:true,memory:null,copy:true,value:-1,values:NaN,strategy:""constant"",verbose:0,features:null,categories:null,dtype:float64""},unknown:""ignore"",values:null,sparse:true,weight:null,criterion:""gini"",depth:null,features:1.0,nodes:null,decrease:0.0,split:null,leaf:15,split:15,leaf:0.0,presort:false,state:32190,splitter:""best"",jobs:null,remainder:""passthrough"",threshold:0.3,weights:null,memory:null,memory:null,threshold:0.0"
"1673159","weka.AttributeSelectedClassifier_J48(1)","0.5291","C:0.25,M:2,E:CfsSubsetEval -P 1 -E 1,S:BestFirst -D 1 -N 5,W:J48"
"10061730","sklearn.pipeline.Pipeline(columntransformer=sklearn.compose._column_transformer.ColumnTransformer(numeric=sklearn.pipeline.Pipeline(imputer=sklearn.preprocessing.imputation.Imputer,standardscaler=sklearn.preprocessing.data.StandardScaler),nominal=sklearn.pipeline.Pipeline(simpleimputer=sklearn.impute.SimpleImputer,onehotencoder=sklearn.preprocessing._encoders.OneHotEncoder)),variancethreshold=sklearn.feature_selection.variance_threshold.VarianceThreshold,decisiontreeclassifier=sklearn.tree.tree.DecisionTreeClassifier)(1)","0.529","axis:0,copy:true,values:""NaN"",strategy:""median"",verbose:0,copy:true,mean:true,std:true,memory:null,copy:true,value:-1,values:NaN,strategy:""constant"",verbose:0,features:null,categories:null,dtype:float64""},unknown:""ignore"",values:null,sparse:true,weight:null,criterion:""gini"",depth:null,features:1.0,nodes:null,decrease:0.0,split:null,leaf:7,split:5,leaf:0.0,presort:false,state:9455,splitter:""best"",jobs:null,remainder:""passthrough"",threshold:0.3,weights:null,memory:null,memory:null,threshold:0.0"
"10100751","sklearn.pipeline.Pipeline(columntransformer=sklearn.compose._column_transformer.ColumnTransformer(numeric=sklearn.pipeline.Pipeline(imputer=sklearn.preprocessing.imputation.Imputer,standardscaler=sklearn.preprocessing.data.StandardScaler),nominal=sklearn.pipeline.Pipeline(simpleimputer=sklearn.impute.SimpleImputer,onehotencoder=sklearn.preprocessing._encoders.OneHotEncoder)),variancethreshold=sklearn.feature_selection.variance_threshold.VarianceThreshold,decisiontreeclassifier=sklearn.tree.tree.DecisionTreeClassifier)(1)","0.529","axis:0,copy:true,values:""NaN"",strategy:""mean"",verbose:0,copy:true,mean:true,std:true,memory:null,copy:true,value:-1,values:NaN,strategy:""constant"",verbose:0,features:null,categories:null,dtype:float64""},unknown:""ignore"",values:null,sparse:true,weight:null,criterion:""gini"",depth:null,features:1.0,nodes:null,decrease:0.0,split:null,leaf:13,split:9,leaf:0.0,presort:false,state:56107,splitter:""best"",jobs:null,remainder:""passthrough"",threshold:0.3,weights:null,memory:null,memory:null,threshold:0.0"
"10078911","sklearn.pipeline.Pipeline(columntransformer=sklearn.compose._column_transformer.ColumnTransformer(numeric=sklearn.pipeline.Pipeline(imputer=sklearn.preprocessing.imputation.Imputer,standardscaler=sklearn.preprocessing.data.StandardScaler),nominal=sklearn.pipeline.Pipeline(simpleimputer=sklearn.impute.SimpleImputer,onehotencoder=sklearn.preprocessing._encoders.OneHotEncoder)),variancethreshold=sklearn.feature_selection.variance_threshold.VarianceThreshold,decisiontreeclassifier=sklearn.tree.tree.DecisionTreeClassifier)(1)","0.5289","axis:0,copy:true,values:""NaN"",strategy:""median"",verbose:0,copy:true,mean:true,std:true,memory:null,copy:true,value:-1,values:NaN,strategy:""constant"",verbose:0,features:null,categories:null,dtype:float64""},unknown:""ignore"",values:null,sparse:true,weight:null,criterion:""gini"",depth:null,features:1.0,nodes:null,decrease:0.0,split:null,leaf:7,split:11,leaf:0.0,presort:false,state:40096,splitter:""best"",jobs:null,remainder:""passthrough"",threshold:0.3,weights:null,memory:null,memory:null,threshold:0.0"
"10118087","sklearn.pipeline.Pipeline(columntransformer=sklearn.compose._column_transformer.ColumnTransformer(numeric=sklearn.pipeline.Pipeline(imputer=sklearn.preprocessing.imputation.Imputer,standardscaler=sklearn.preprocessing.data.StandardScaler),nominal=sklearn.pipeline.Pipeline(simpleimputer=sklearn.impute.SimpleImputer,onehotencoder=sklearn.preprocessing._encoders.OneHotEncoder)),variancethreshold=sklearn.feature_selection.variance_threshold.VarianceThreshold,decisiontreeclassifier=sklearn.tree.tree.DecisionTreeClassifier)(1)","0.5289","axis:0,copy:true,values:""NaN"",strategy:""median"",verbose:0,copy:true,mean:true,std:true,memory:null,copy:true,value:-1,values:NaN,strategy:""constant"",verbose:0,features:null,categories:null,dtype:float64""},unknown:""ignore"",values:null,sparse:true,weight:null,criterion:""gini"",depth:null,features:1.0,nodes:null,decrease:0.0,split:null,leaf:8,split:17,leaf:0.0,presort:false,state:20392,splitter:""best"",jobs:null,remainder:""passthrough"",threshold:0.3,weights:null,memory:null,memory:null,threshold:0.0"
"10095120","sklearn.pipeline.Pipeline(columntransformer=sklearn.compose._column_transformer.ColumnTransformer(numeric=sklearn.pipeline.Pipeline(imputer=sklearn.preprocessing.imputation.Imputer,standardscaler=sklearn.preprocessing.data.StandardScaler),nominal=sklearn.pipeline.Pipeline(simpleimputer=sklearn.impute.SimpleImputer,onehotencoder=sklearn.preprocessing._encoders.OneHotEncoder)),variancethreshold=sklearn.feature_selection.variance_threshold.VarianceThreshold,decisiontreeclassifier=sklearn.tree.tree.DecisionTreeClassifier)(1)","0.5289","axis:0,copy:true,values:""NaN"",strategy:""median"",verbose:0,copy:true,mean:true,std:true,memory:null,copy:true,value:-1,values:NaN,strategy:""constant"",verbose:0,features:null,categories:null,dtype:float64""},unknown:""ignore"",values:null,sparse:true,weight:null,criterion:""gini"",depth:null,features:1.0,nodes:null,decrease:0.0,split:null,leaf:13,split:17,leaf:0.0,presort:false,state:53595,splitter:""best"",jobs:null,remainder:""passthrough"",threshold:0.3,weights:null,memory:null,memory:null,threshold:0.0"
"9928370","sklearn.pipeline.Pipeline(columntransformer=sklearn.compose._column_transformer.ColumnTransformer(numeric=sklearn.pipeline.Pipeline(imputer=sklearn.preprocessing.imputation.Imputer,standardscaler=sklearn.preprocessing.data.StandardScaler),nominal=sklearn.pipeline.Pipeline(simpleimputer=sklearn.impute.SimpleImputer,onehotencoder=sklearn.preprocessing._encoders.OneHotEncoder)),variancethreshold=sklearn.feature_selection.variance_threshold.VarianceThreshold,gradientboostingclassifier=sklearn.ensemble.gradient_boosting.GradientBoostingClassifier)(3)","0.5288","memory:null,jobs:null,remainder:""passthrough"",threshold:0.3,weights:null,memory:null,axis:0,copy:true,values:""NaN"",strategy:""median"",verbose:0,copy:true,mean:true,std:true,memory:null,copy:true,value:-1,values:NaN,strategy:""constant"",verbose:0,features:null,categories:null,dtype:float64""},unknown:""ignore"",values:null,sparse:true,threshold:0.0,criterion:""friedman_mse"",init:null,rate:05025187424463899,loss:""deviance"",depth:2,features:45283792389665944,nodes:null,decrease:09422270501006491,split:null,leaf:9,split:5,leaf:12116993006136023,estimators:110,change:986,presort:""auto"",state:21404,subsample:3976729367035289,tol:00026367019693055333,fraction:04097736308821254,verbose:0,start:false"
"9887523","sklearn.pipeline.Pipeline(columntransformer=sklearn.compose._column_transformer.ColumnTransformer(numeric=sklearn.pipeline.Pipeline(imputer=sklearn.preprocessing.imputation.Imputer,standardscaler=sklearn.preprocessing.data.StandardScaler),nominal=sklearn.pipeline.Pipeline(simpleimputer=sklearn.impute.SimpleImputer,onehotencoder=sklearn.preprocessing._encoders.OneHotEncoder)),variancethreshold=sklearn.feature_selection.variance_threshold.VarianceThreshold,gradientboostingclassifier=sklearn.ensemble.gradient_boosting.GradientBoostingClassifier)(2)","0.5288","axis:0,copy:true,values:""NaN"",strategy:""most_frequent"",verbose:0,copy:true,mean:true,std:true,memory:null,copy:true,value:-1,values:NaN,strategy:""constant"",verbose:0,features:null,categories:null,dtype:float64""},unknown:""ignore"",values:null,sparse:true,criterion:""friedman_mse"",init:null,rate:4167146575271214,loss:""deviance"",depth:6,features:9458888791590302,nodes:null,decrease:014476779201763379,split:null,leaf:9,split:9,leaf:09630271594452827,estimators:158,change:930,presort:""auto"",state:52303,subsample:6985246283184967,tol:00016591476583901747,fraction:3243746964383287,verbose:0,start:false,jobs:null,remainder:""passthrough"",threshold:0.3,weights:null,memory:null,threshold:0.0,memory:null"
"10076882","sklearn.pipeline.Pipeline(columntransformer=sklearn.compose._column_transformer.ColumnTransformer(numeric=sklearn.pipeline.Pipeline(imputer=sklearn.preprocessing.imputation.Imputer,standardscaler=sklearn.preprocessing.data.StandardScaler),nominal=sklearn.pipeline.Pipeline(simpleimputer=sklearn.impute.SimpleImputer,onehotencoder=sklearn.preprocessing._encoders.OneHotEncoder)),variancethreshold=sklearn.feature_selection.variance_threshold.VarianceThreshold,decisiontreeclassifier=sklearn.tree.tree.DecisionTreeClassifier)(1)","0.5288","axis:0,copy:true,values:""NaN"",strategy:""mean"",verbose:0,copy:true,mean:true,std:true,memory:null,copy:true,value:-1,values:NaN,strategy:""constant"",verbose:0,features:null,categories:null,dtype:float64""},unknown:""ignore"",values:null,sparse:true,weight:null,criterion:""gini"",depth:null,features:1.0,nodes:null,decrease:0.0,split:null,leaf:13,split:18,leaf:0.0,presort:false,state:20241,splitter:""best"",jobs:null,remainder:""passthrough"",threshold:0.3,weights:null,memory:null,memory:null,threshold:0.0"
"10115481","sklearn.pipeline.Pipeline(columntransformer=sklearn.compose._column_transformer.ColumnTransformer(numeric=sklearn.pipeline.Pipeline(imputer=sklearn.preprocessing.imputation.Imputer,standardscaler=sklearn.preprocessing.data.StandardScaler),nominal=sklearn.pipeline.Pipeline(simpleimputer=sklearn.impute.SimpleImputer,onehotencoder=sklearn.preprocessing._encoders.OneHotEncoder)),variancethreshold=sklearn.feature_selection.variance_threshold.VarianceThreshold,decisiontreeclassifier=sklearn.tree.tree.DecisionTreeClassifier)(1)","0.5288","axis:0,copy:true,values:""NaN"",strategy:""median"",verbose:0,copy:true,mean:true,std:true,memory:null,copy:true,value:-1,values:NaN,strategy:""constant"",verbose:0,features:null,categories:null,dtype:float64""},unknown:""ignore"",values:null,sparse:true,weight:null,criterion:""gini"",depth:null,features:1.0,nodes:null,decrease:0.0,split:null,leaf:13,split:4,leaf:0.0,presort:false,state:9721,splitter:""best"",jobs:null,remainder:""passthrough"",threshold:0.3,weights:null,memory:null,memory:null,threshold:0.0"
"10051969","sklearn.pipeline.Pipeline(columntransformer=sklearn.compose._column_transformer.ColumnTransformer(numeric=sklearn.pipeline.Pipeline(imputer=sklearn.preprocessing.imputation.Imputer,standardscaler=sklearn.preprocessing.data.StandardScaler),nominal=sklearn.pipeline.Pipeline(simpleimputer=sklearn.impute.SimpleImputer,onehotencoder=sklearn.preprocessing._encoders.OneHotEncoder)),variancethreshold=sklearn.feature_selection.variance_threshold.VarianceThreshold,decisiontreeclassifier=sklearn.tree.tree.DecisionTreeClassifier)(1)","0.5288","axis:0,copy:true,values:""NaN"",strategy:""most_frequent"",verbose:0,copy:true,mean:true,std:true,memory:null,copy:true,value:-1,values:NaN,strategy:""constant"",verbose:0,features:null,categories:null,dtype:float64""},unknown:""ignore"",values:null,sparse:true,weight:null,criterion:""gini"",depth:null,features:1.0,nodes:null,decrease:0.0,split:null,leaf:13,split:17,leaf:0.0,presort:false,state:14594,splitter:""best"",jobs:null,remainder:""passthrough"",threshold:0.3,weights:null,memory:null,memory:null,threshold:0.0"
"10114167","sklearn.pipeline.Pipeline(columntransformer=sklearn.compose._column_transformer.ColumnTransformer(numeric=sklearn.pipeline.Pipeline(imputer=sklearn.preprocessing.imputation.Imputer,standardscaler=sklearn.preprocessing.data.StandardScaler),nominal=sklearn.pipeline.Pipeline(simpleimputer=sklearn.impute.SimpleImputer,onehotencoder=sklearn.preprocessing._encoders.OneHotEncoder)),variancethreshold=sklearn.feature_selection.variance_threshold.VarianceThreshold,decisiontreeclassifier=sklearn.tree.tree.DecisionTreeClassifier)(1)","0.5288","axis:0,copy:true,values:""NaN"",strategy:""most_frequent"",verbose:0,copy:true,mean:true,std:true,memory:null,copy:true,value:-1,values:NaN,strategy:""constant"",verbose:0,features:null,categories:null,dtype:float64""},unknown:""ignore"",values:null,sparse:true,weight:null,criterion:""gini"",depth:null,features:1.0,nodes:null,decrease:0.0,split:null,leaf:13,split:3,leaf:0.0,presort:false,state:14289,splitter:""best"",jobs:null,remainder:""passthrough"",threshold:0.3,weights:null,memory:null,memory:null,threshold:0.0"
"10129072","sklearn.pipeline.Pipeline(columntransformer=sklearn.compose._column_transformer.ColumnTransformer(numeric=sklearn.pipeline.Pipeline(imputer=sklearn.preprocessing.imputation.Imputer,standardscaler=sklearn.preprocessing.data.StandardScaler),nominal=sklearn.pipeline.Pipeline(simpleimputer=sklearn.impute.SimpleImputer,onehotencoder=sklearn.preprocessing._encoders.OneHotEncoder)),variancethreshold=sklearn.feature_selection.variance_threshold.VarianceThreshold,decisiontreeclassifier=sklearn.tree.tree.DecisionTreeClassifier)(1)","0.5288","axis:0,copy:true,values:""NaN"",strategy:""most_frequent"",verbose:0,copy:true,mean:true,std:true,memory:null,copy:true,value:-1,values:NaN,strategy:""constant"",verbose:0,features:null,categories:null,dtype:float64""},unknown:""ignore"",values:null,sparse:true,weight:null,criterion:""gini"",depth:null,features:1.0,nodes:null,decrease:0.0,split:null,leaf:15,split:5,leaf:0.0,presort:false,state:38388,splitter:""best"",jobs:null,remainder:""passthrough"",threshold:0.3,weights:null,memory:null,memory:null,threshold:0.0"
"8698645","sklearn.pipeline.Pipeline(imputation=openmlstudy14.preprocessing.ConditionalImputer,hotencoding=sklearn.preprocessing.data.OneHotEncoder,scaling=sklearn.preprocessing.data.StandardScaler,variencethreshold=sklearn.feature_selection.variance_threshold.VarianceThreshold,classifier=sklearn.svm.classes.SVC)(1)","0.5287","axis:0,features:[],copy:true,empty:0,values:""NaN"",strategy:""median"",nominal:""most_frequent"",verbose:0,features:[],dtype:float64""},unknown:""ignore"",values:""auto"",sparse:true,threshold:0.0,copy:true,mean:false,std:true,C:7250427139836,size:200,weight:null,coef0:4455341849197525,shape:null,degree:1,gamma:00047503962117530435,kernel:""rbf"",iter:-1,probability:true,state:22364,shrinking:true,tol:1165568422597537e-05,verbose:false"
"1687733","weka.J48(33)","0.5287","C:0.25,M:16"
"10056157","sklearn.pipeline.Pipeline(columntransformer=sklearn.compose._column_transformer.ColumnTransformer(numeric=sklearn.pipeline.Pipeline(imputer=sklearn.preprocessing.imputation.Imputer,standardscaler=sklearn.preprocessing.data.StandardScaler),nominal=sklearn.pipeline.Pipeline(simpleimputer=sklearn.impute.SimpleImputer,onehotencoder=sklearn.preprocessing._encoders.OneHotEncoder)),variancethreshold=sklearn.feature_selection.variance_threshold.VarianceThreshold,decisiontreeclassifier=sklearn.tree.tree.DecisionTreeClassifier)(1)","0.5287","axis:0,copy:true,values:""NaN"",strategy:""most_frequent"",verbose:0,copy:true,mean:true,std:true,memory:null,copy:true,value:-1,values:NaN,strategy:""constant"",verbose:0,features:null,categories:null,dtype:float64""},unknown:""ignore"",values:null,sparse:true,weight:null,criterion:""gini"",depth:null,features:1.0,nodes:null,decrease:0.0,split:null,leaf:13,split:13,leaf:0.0,presort:false,state:35661,splitter:""best"",jobs:null,remainder:""passthrough"",threshold:0.3,weights:null,memory:null,memory:null,threshold:0.0"
"10141475","sklearn.pipeline.Pipeline(columntransformer=sklearn.compose._column_transformer.ColumnTransformer(numeric=sklearn.pipeline.Pipeline(imputer=sklearn.preprocessing.imputation.Imputer,standardscaler=sklearn.preprocessing.data.StandardScaler),nominal=sklearn.pipeline.Pipeline(simpleimputer=sklearn.impute.SimpleImputer,onehotencoder=sklearn.preprocessing._encoders.OneHotEncoder)),variancethreshold=sklearn.feature_selection.variance_threshold.VarianceThreshold,decisiontreeclassifier=sklearn.tree.tree.DecisionTreeClassifier)(1)","0.5287","axis:0,copy:true,values:""NaN"",strategy:""median"",verbose:0,copy:true,mean:true,std:true,memory:null,copy:true,value:-1,values:NaN,strategy:""constant"",verbose:0,features:null,categories:null,dtype:float64""},unknown:""ignore"",values:null,sparse:true,weight:null,criterion:""gini"",depth:null,features:1.0,nodes:null,decrease:0.0,split:null,leaf:13,split:17,leaf:0.0,presort:false,state:51403,splitter:""best"",jobs:null,remainder:""passthrough"",threshold:0.3,weights:null,memory:null,memory:null,threshold:0.0"
"10049335","sklearn.pipeline.Pipeline(columntransformer=sklearn.compose._column_transformer.ColumnTransformer(numeric=sklearn.pipeline.Pipeline(imputer=sklearn.preprocessing.imputation.Imputer,standardscaler=sklearn.preprocessing.data.StandardScaler),nominal=sklearn.pipeline.Pipeline(simpleimputer=sklearn.impute.SimpleImputer,onehotencoder=sklearn.preprocessing._encoders.OneHotEncoder)),variancethreshold=sklearn.feature_selection.variance_threshold.VarianceThreshold,decisiontreeclassifier=sklearn.tree.tree.DecisionTreeClassifier)(1)","0.5287","axis:0,copy:true,values:""NaN"",strategy:""most_frequent"",verbose:0,copy:true,mean:true,std:true,memory:null,copy:true,value:-1,values:NaN,strategy:""constant"",verbose:0,features:null,categories:null,dtype:float64""},unknown:""ignore"",values:null,sparse:true,weight:null,criterion:""gini"",depth:null,features:1.0,nodes:null,decrease:0.0,split:null,leaf:7,split:20,leaf:0.0,presort:false,state:23307,splitter:""best"",jobs:null,remainder:""passthrough"",threshold:0.3,weights:null,memory:null,memory:null,threshold:0.0"
"10121130","sklearn.pipeline.Pipeline(columntransformer=sklearn.compose._column_transformer.ColumnTransformer(numeric=sklearn.pipeline.Pipeline(imputer=sklearn.preprocessing.imputation.Imputer,standardscaler=sklearn.preprocessing.data.StandardScaler),nominal=sklearn.pipeline.Pipeline(simpleimputer=sklearn.impute.SimpleImputer,onehotencoder=sklearn.preprocessing._encoders.OneHotEncoder)),variancethreshold=sklearn.feature_selection.variance_threshold.VarianceThreshold,decisiontreeclassifier=sklearn.tree.tree.DecisionTreeClassifier)(1)","0.5287","axis:0,copy:true,values:""NaN"",strategy:""mean"",verbose:0,copy:true,mean:true,std:true,memory:null,copy:true,value:-1,values:NaN,strategy:""constant"",verbose:0,features:null,categories:null,dtype:float64""},unknown:""ignore"",values:null,sparse:true,weight:null,criterion:""gini"",depth:null,features:1.0,nodes:null,decrease:0.0,split:null,leaf:13,split:4,leaf:0.0,presort:false,state:13442,splitter:""best"",jobs:null,remainder:""passthrough"",threshold:0.3,weights:null,memory:null,memory:null,threshold:0.0"
"10088721","sklearn.pipeline.Pipeline(columntransformer=sklearn.compose._column_transformer.ColumnTransformer(numeric=sklearn.pipeline.Pipeline(imputer=sklearn.preprocessing.imputation.Imputer,standardscaler=sklearn.preprocessing.data.StandardScaler),nominal=sklearn.pipeline.Pipeline(simpleimputer=sklearn.impute.SimpleImputer,onehotencoder=sklearn.preprocessing._encoders.OneHotEncoder)),variancethreshold=sklearn.feature_selection.variance_threshold.VarianceThreshold,decisiontreeclassifier=sklearn.tree.tree.DecisionTreeClassifier)(1)","0.5287","axis:0,copy:true,values:""NaN"",strategy:""most_frequent"",verbose:0,copy:true,mean:true,std:true,memory:null,copy:true,value:-1,values:NaN,strategy:""constant"",verbose:0,features:null,categories:null,dtype:float64""},unknown:""ignore"",values:null,sparse:true,weight:null,criterion:""gini"",depth:null,features:1.0,nodes:null,decrease:0.0,split:null,leaf:13,split:20,leaf:0.0,presort:false,state:14774,splitter:""best"",jobs:null,remainder:""passthrough"",threshold:0.3,weights:null,memory:null,memory:null,threshold:0.0"
"10089103","sklearn.pipeline.Pipeline(columntransformer=sklearn.compose._column_transformer.ColumnTransformer(numeric=sklearn.pipeline.Pipeline(imputer=sklearn.preprocessing.imputation.Imputer,standardscaler=sklearn.preprocessing.data.StandardScaler),nominal=sklearn.pipeline.Pipeline(simpleimputer=sklearn.impute.SimpleImputer,onehotencoder=sklearn.preprocessing._encoders.OneHotEncoder)),variancethreshold=sklearn.feature_selection.variance_threshold.VarianceThreshold,decisiontreeclassifier=sklearn.tree.tree.DecisionTreeClassifier)(1)","0.5287","axis:0,copy:true,values:""NaN"",strategy:""median"",verbose:0,copy:true,mean:true,std:true,memory:null,copy:true,value:-1,values:NaN,strategy:""constant"",verbose:0,features:null,categories:null,dtype:float64""},unknown:""ignore"",values:null,sparse:true,weight:null,criterion:""gini"",depth:null,features:1.0,nodes:null,decrease:0.0,split:null,leaf:13,split:7,leaf:0.0,presort:false,state:15702,splitter:""best"",jobs:null,remainder:""passthrough"",threshold:0.3,weights:null,memory:null,memory:null,threshold:0.0"
"10086858","sklearn.pipeline.Pipeline(columntransformer=sklearn.compose._column_transformer.ColumnTransformer(numeric=sklearn.pipeline.Pipeline(imputer=sklearn.preprocessing.imputation.Imputer,standardscaler=sklearn.preprocessing.data.StandardScaler),nominal=sklearn.pipeline.Pipeline(simpleimputer=sklearn.impute.SimpleImputer,onehotencoder=sklearn.preprocessing._encoders.OneHotEncoder)),variancethreshold=sklearn.feature_selection.variance_threshold.VarianceThreshold,decisiontreeclassifier=sklearn.tree.tree.DecisionTreeClassifier)(1)","0.5286","axis:0,copy:true,values:""NaN"",strategy:""median"",verbose:0,copy:true,mean:true,std:true,memory:null,copy:true,value:-1,values:NaN,strategy:""constant"",verbose:0,features:null,categories:null,dtype:float64""},unknown:""ignore"",values:null,sparse:true,weight:null,criterion:""gini"",depth:null,features:1.0,nodes:null,decrease:0.0,split:null,leaf:13,split:19,leaf:0.0,presort:false,state:19721,splitter:""best"",jobs:null,remainder:""passthrough"",threshold:0.3,weights:null,memory:null,memory:null,threshold:0.0"
"10077129","sklearn.pipeline.Pipeline(columntransformer=sklearn.compose._column_transformer.ColumnTransformer(numeric=sklearn.pipeline.Pipeline(imputer=sklearn.preprocessing.imputation.Imputer,standardscaler=sklearn.preprocessing.data.StandardScaler),nominal=sklearn.pipeline.Pipeline(simpleimputer=sklearn.impute.SimpleImputer,onehotencoder=sklearn.preprocessing._encoders.OneHotEncoder)),variancethreshold=sklearn.feature_selection.variance_threshold.VarianceThreshold,decisiontreeclassifier=sklearn.tree.tree.DecisionTreeClassifier)(1)","0.5286","axis:0,copy:true,values:""NaN"",strategy:""median"",verbose:0,copy:true,mean:true,std:true,memory:null,copy:true,value:-1,values:NaN,strategy:""constant"",verbose:0,features:null,categories:null,dtype:float64""},unknown:""ignore"",values:null,sparse:true,weight:null,criterion:""gini"",depth:null,features:1.0,nodes:null,decrease:0.0,split:null,leaf:13,split:2,leaf:0.0,presort:false,state:36063,splitter:""best"",jobs:null,remainder:""passthrough"",threshold:0.3,weights:null,memory:null,memory:null,threshold:0.0"
"10065345","sklearn.pipeline.Pipeline(columntransformer=sklearn.compose._column_transformer.ColumnTransformer(numeric=sklearn.pipeline.Pipeline(imputer=sklearn.preprocessing.imputation.Imputer,standardscaler=sklearn.preprocessing.data.StandardScaler),nominal=sklearn.pipeline.Pipeline(simpleimputer=sklearn.impute.SimpleImputer,onehotencoder=sklearn.preprocessing._encoders.OneHotEncoder)),variancethreshold=sklearn.feature_selection.variance_threshold.VarianceThreshold,decisiontreeclassifier=sklearn.tree.tree.DecisionTreeClassifier)(1)","0.5286","axis:0,copy:true,values:""NaN"",strategy:""most_frequent"",verbose:0,copy:true,mean:true,std:true,memory:null,copy:true,value:-1,values:NaN,strategy:""constant"",verbose:0,features:null,categories:null,dtype:float64""},unknown:""ignore"",values:null,sparse:true,weight:null,criterion:""gini"",depth:null,features:1.0,nodes:null,decrease:0.0,split:null,leaf:13,split:20,leaf:0.0,presort:false,state:26515,splitter:""best"",jobs:null,remainder:""passthrough"",threshold:0.3,weights:null,memory:null,memory:null,threshold:0.0"
"10054198","sklearn.pipeline.Pipeline(columntransformer=sklearn.compose._column_transformer.ColumnTransformer(numeric=sklearn.pipeline.Pipeline(imputer=sklearn.preprocessing.imputation.Imputer,standardscaler=sklearn.preprocessing.data.StandardScaler),nominal=sklearn.pipeline.Pipeline(simpleimputer=sklearn.impute.SimpleImputer,onehotencoder=sklearn.preprocessing._encoders.OneHotEncoder)),variancethreshold=sklearn.feature_selection.variance_threshold.VarianceThreshold,decisiontreeclassifier=sklearn.tree.tree.DecisionTreeClassifier)(1)","0.5286","axis:0,copy:true,values:""NaN"",strategy:""most_frequent"",verbose:0,copy:true,mean:true,std:true,memory:null,copy:true,value:-1,values:NaN,strategy:""constant"",verbose:0,features:null,categories:null,dtype:float64""},unknown:""ignore"",values:null,sparse:true,weight:null,criterion:""gini"",depth:null,features:1.0,nodes:null,decrease:0.0,split:null,leaf:13,split:15,leaf:0.0,presort:false,state:54651,splitter:""best"",jobs:null,remainder:""passthrough"",threshold:0.3,weights:null,memory:null,memory:null,threshold:0.0"
"568586","weka.J48(33)","0.5285","C:0.25,M:2"
"8983739","sklearn.pipeline.Pipeline(imputation=openmlstudy14.preprocessing.ConditionalImputer,hotencoding=sklearn.preprocessing.data.OneHotEncoder,scaling=sklearn.preprocessing.data.StandardScaler,variencethreshold=sklearn.feature_selection.variance_threshold.VarianceThreshold,classifier=sklearn.svm.classes.SVC)(2)","0.5284","axis:0,features:[],copy:true,empty:0,values:""NaN"",strategy:""mean"",nominal:""most_frequent"",verbose:0,features:[],dtype:float64""},unknown:""ignore"",values:""auto"",sparse:true,threshold:0.0,C:08935799168,size:200,weight:null,coef0:18480009146738174,shape:null,degree:3,gamma:00021600724502558713,kernel:""rbf"",iter:-1,probability:true,state:52232,shrinking:true,tol:0060765630712687e-05,verbose:false,copy:true,mean:false,std:true"
"8817367","sklearn.pipeline.Pipeline(imputation=openmlstudy14.preprocessing.ConditionalImputer,hotencoding=sklearn.preprocessing.data.OneHotEncoder,scaling=sklearn.preprocessing.data.StandardScaler,variencethreshold=sklearn.feature_selection.variance_threshold.VarianceThreshold,classifier=sklearn.svm.classes.SVC)(1)","0.5284","axis:0,features:[],copy:true,empty:0,values:""NaN"",strategy:""median"",nominal:""most_frequent"",verbose:0,features:[],dtype:float64""},unknown:""ignore"",values:""auto"",sparse:true,threshold:0.0,copy:true,mean:false,std:true,C:4443578950687,size:200,weight:null,coef0:08741492177006771,shape:null,degree:4,gamma:9984284072779279,kernel:""rbf"",iter:-1,probability:true,state:10100,shrinking:true,tol:0006978093372067024,verbose:false"
"9983157","sklearn.pipeline.Pipeline(columntransformer=sklearn.compose._column_transformer.ColumnTransformer(numeric=sklearn.pipeline.Pipeline(imputer=sklearn.preprocessing.imputation.Imputer,standardscaler=sklearn.preprocessing.data.StandardScaler),nominal=sklearn.pipeline.Pipeline(simpleimputer=sklearn.impute.SimpleImputer,onehotencoder=sklearn.preprocessing._encoders.OneHotEncoder)),variancethreshold=sklearn.feature_selection.variance_threshold.VarianceThreshold,gradientboostingclassifier=sklearn.ensemble.gradient_boosting.GradientBoostingClassifier)(3)","0.5283","memory:null,jobs:null,remainder:""passthrough"",threshold:0.3,weights:null,memory:null,axis:0,copy:true,values:""NaN"",strategy:""mean"",verbose:0,copy:true,mean:true,std:true,memory:null,copy:true,value:-1,values:NaN,strategy:""constant"",verbose:0,features:null,categories:null,dtype:float64""},unknown:""ignore"",values:null,sparse:true,threshold:0.0,criterion:""friedman_mse"",init:null,rate:12212148846513639,loss:""deviance"",depth:1,features:6909552952021001,nodes:null,decrease:3703340583737297,split:null,leaf:10,split:18,leaf:00870626997130175,estimators:462,change:400,presort:""auto"",state:34156,subsample:9257725137031663,tol:00417855903960958,fraction:6071645240198883,verbose:0,start:false"
"8820187","sklearn.pipeline.Pipeline(imputation=openmlstudy14.preprocessing.ConditionalImputer,hotencoding=sklearn.preprocessing.data.OneHotEncoder,scaling=sklearn.preprocessing.data.StandardScaler,variencethreshold=sklearn.feature_selection.variance_threshold.VarianceThreshold,classifier=sklearn.svm.classes.SVC)(1)","0.5283","axis:0,features:[],copy:true,empty:0,values:""NaN"",strategy:""mean"",nominal:""most_frequent"",verbose:0,features:[],dtype:float64""},unknown:""ignore"",values:""auto"",sparse:true,threshold:0.0,copy:true,mean:false,std:true,C:583606486913,size:200,weight:null,coef0:6936518783344261,shape:null,degree:2,gamma:09475418582747791,kernel:""rbf"",iter:-1,probability:true,state:57353,shrinking:false,tol:2425081514215952e-05,verbose:false"
"8990094","sklearn.pipeline.Pipeline(imputation=openmlstudy14.preprocessing.ConditionalImputer,hotencoding=sklearn.preprocessing.data.OneHotEncoder,scaling=sklearn.preprocessing.data.StandardScaler,variencethreshold=sklearn.feature_selection.variance_threshold.VarianceThreshold,classifier=sklearn.svm.classes.SVC)(2)","0.5281","axis:0,features:[],copy:true,empty:0,values:""NaN"",strategy:""most_frequent"",nominal:""most_frequent"",verbose:0,features:[],dtype:float64""},unknown:""ignore"",values:""auto"",sparse:true,threshold:0.0,C:3477556607963,size:200,weight:null,coef0:3319534813796876,shape:null,degree:5,gamma:7059104544633926,kernel:""rbf"",iter:-1,probability:true,state:23003,shrinking:false,tol:0006282817607916551,verbose:false,copy:true,mean:false,std:true"
"9956762","sklearn.pipeline.Pipeline(columntransformer=sklearn.compose._column_transformer.ColumnTransformer(numeric=sklearn.pipeline.Pipeline(imputer=sklearn.preprocessing.imputation.Imputer,standardscaler=sklearn.preprocessing.data.StandardScaler),nominal=sklearn.pipeline.Pipeline(simpleimputer=sklearn.impute.SimpleImputer,onehotencoder=sklearn.preprocessing._encoders.OneHotEncoder)),variancethreshold=sklearn.feature_selection.variance_threshold.VarianceThreshold,gradientboostingclassifier=sklearn.ensemble.gradient_boosting.GradientBoostingClassifier)(3)","0.528","memory:null,jobs:null,remainder:""passthrough"",threshold:0.3,weights:null,memory:null,axis:0,copy:true,values:""NaN"",strategy:""most_frequent"",verbose:0,copy:true,mean:true,std:true,memory:null,copy:true,value:-1,values:NaN,strategy:""constant"",verbose:0,features:null,categories:null,dtype:float64""},unknown:""ignore"",values:null,sparse:true,threshold:0.0,criterion:""friedman_mse"",init:null,rate:7192547392152842,loss:""deviance"",depth:4,features:3308498430102368,nodes:null,decrease:7660538117998704,split:null,leaf:1,split:11,leaf:147172225333226,estimators:92,change:648,presort:""auto"",state:50569,subsample:8521757093069693,tol:0736698344650718,fraction:5687007589709959,verbose:0,start:false"
"8709029","sklearn.pipeline.Pipeline(imputation=openmlstudy14.preprocessing.ConditionalImputer,hotencoding=sklearn.preprocessing.data.OneHotEncoder,scaling=sklearn.preprocessing.data.StandardScaler,variencethreshold=sklearn.feature_selection.variance_threshold.VarianceThreshold,classifier=sklearn.svm.classes.SVC)(1)","0.528","axis:0,features:[],copy:true,empty:0,values:""NaN"",strategy:""median"",nominal:""most_frequent"",verbose:0,features:[],dtype:float64""},unknown:""ignore"",values:""auto"",sparse:true,threshold:0.0,copy:true,mean:false,std:true,C:21673709324767,size:200,weight:null,coef0:9160187787626002,shape:null,degree:3,gamma:001769010024149659,kernel:""poly"",iter:-1,probability:true,state:4934,shrinking:true,tol:0007974684581343727,verbose:false"
"8964081","sklearn.pipeline.Pipeline(imputation=openmlstudy14.preprocessing.ConditionalImputer,hotencoding=sklearn.preprocessing.data.OneHotEncoder,scaling=sklearn.preprocessing.data.StandardScaler,variencethreshold=sklearn.feature_selection.variance_threshold.VarianceThreshold,classifier=sklearn.svm.classes.SVC)(2)","0.5275","axis:0,features:[],copy:true,empty:0,values:""NaN"",strategy:""most_frequent"",nominal:""most_frequent"",verbose:0,features:[],dtype:float64""},unknown:""ignore"",values:""auto"",sparse:true,threshold:0.0,C:431702946089,size:200,weight:null,coef0:06812479315819964,shape:null,degree:2,gamma:05969441059198826,kernel:""rbf"",iter:-1,probability:true,state:9412,shrinking:false,tol:38243286015961e-05,verbose:false,copy:true,mean:false,std:true"
"9922313","sklearn.pipeline.Pipeline(columntransformer=sklearn.compose._column_transformer.ColumnTransformer(numeric=sklearn.pipeline.Pipeline(imputer=sklearn.preprocessing.imputation.Imputer,standardscaler=sklearn.preprocessing.data.StandardScaler),nominal=sklearn.pipeline.Pipeline(simpleimputer=sklearn.impute.SimpleImputer,onehotencoder=sklearn.preprocessing._encoders.OneHotEncoder)),variancethreshold=sklearn.feature_selection.variance_threshold.VarianceThreshold,gradientboostingclassifier=sklearn.ensemble.gradient_boosting.GradientBoostingClassifier)(3)","0.5274","memory:null,jobs:null,remainder:""passthrough"",threshold:0.3,weights:null,memory:null,axis:0,copy:true,values:""NaN"",strategy:""most_frequent"",verbose:0,copy:true,mean:true,std:true,memory:null,copy:true,value:-1,values:NaN,strategy:""constant"",verbose:0,features:null,categories:null,dtype:float64""},unknown:""ignore"",values:null,sparse:true,threshold:0.0,criterion:""friedman_mse"",init:null,rate:5126519938619164,loss:""deviance"",depth:7,features:4574198456506777,nodes:null,decrease:3308523153365326,split:null,leaf:11,split:3,leaf:27465363434514806,estimators:413,change:450,presort:""auto"",state:37395,subsample:588046033451295,tol:383816658262952e-05,fraction:6080397388234383,verbose:0,start:false"
"6042271","sklearn.pipeline.Pipeline(imputation=openmlstudy14.preprocessing.ConditionalImputer,hotencoding=sklearn.preprocessing.data.OneHotEncoder,variencethreshold=sklearn.feature_selection.variance_threshold.VarianceThreshold,classifier=sklearn.svm.classes.SVC)(1)","0.5273","axis:0,features:[],copy:true,empty:0,values:""NaN"",strategy:""median"",nominal:""most_frequent"",verbose:0,features:[],dtype:float64""},unknown:""ignore"",values:""auto"",sparse:true,threshold:0.0,C:83905128847,size:200,weight:null,coef0:5999565773434681,shape:null,degree:3,gamma:656463289814014,kernel:""poly"",iter:-1,probability:true,state:2156,shrinking:true,tol:023503959303921587,verbose:false"
"8751915","sklearn.pipeline.Pipeline(imputation=openmlstudy14.preprocessing.ConditionalImputer,hotencoding=sklearn.preprocessing.data.OneHotEncoder,scaling=sklearn.preprocessing.data.StandardScaler,variencethreshold=sklearn.feature_selection.variance_threshold.VarianceThreshold,classifier=sklearn.svm.classes.SVC)(1)","0.527","axis:0,features:[],copy:true,empty:0,values:""NaN"",strategy:""mean"",nominal:""most_frequent"",verbose:0,features:[],dtype:float64""},unknown:""ignore"",values:""auto"",sparse:true,threshold:0.0,copy:true,mean:false,std:true,C:744776188825,size:200,weight:null,coef0:9433712992593848,shape:null,degree:1,gamma:0001292843121097776,kernel:""rbf"",iter:-1,probability:true,state:40501,shrinking:false,tol:03502224558379995,verbose:false"
"8810016","sklearn.pipeline.Pipeline(imputation=openmlstudy14.preprocessing.ConditionalImputer,hotencoding=sklearn.preprocessing.data.OneHotEncoder,scaling=sklearn.preprocessing.data.StandardScaler,variencethreshold=sklearn.feature_selection.variance_threshold.VarianceThreshold,classifier=sklearn.svm.classes.SVC)(1)","0.527","axis:0,features:[],copy:true,empty:0,values:""NaN"",strategy:""most_frequent"",nominal:""most_frequent"",verbose:0,features:[],dtype:float64""},unknown:""ignore"",values:""auto"",sparse:true,threshold:0.0,copy:true,mean:false,std:true,C:172443268757,size:200,weight:null,coef0:39038317878948403,shape:null,degree:5,gamma:00020743744863656826,kernel:""rbf"",iter:-1,probability:true,state:762,shrinking:false,tol:2603690423337905e-05,verbose:false"
"9970180","sklearn.pipeline.Pipeline(columntransformer=sklearn.compose._column_transformer.ColumnTransformer(numeric=sklearn.pipeline.Pipeline(imputer=sklearn.preprocessing.imputation.Imputer,standardscaler=sklearn.preprocessing.data.StandardScaler),nominal=sklearn.pipeline.Pipeline(simpleimputer=sklearn.impute.SimpleImputer,onehotencoder=sklearn.preprocessing._encoders.OneHotEncoder)),variancethreshold=sklearn.feature_selection.variance_threshold.VarianceThreshold,gradientboostingclassifier=sklearn.ensemble.gradient_boosting.GradientBoostingClassifier)(3)","0.5269","memory:null,jobs:null,remainder:""passthrough"",threshold:0.3,weights:null,memory:null,axis:0,copy:true,values:""NaN"",strategy:""most_frequent"",verbose:0,copy:true,mean:true,std:true,memory:null,copy:true,value:-1,values:NaN,strategy:""constant"",verbose:0,features:null,categories:null,dtype:float64""},unknown:""ignore"",values:null,sparse:true,threshold:0.0,criterion:""friedman_mse"",init:null,rate:08258527589663647,loss:""deviance"",depth:3,features:8099268658993848,nodes:null,decrease:06259723972185971,split:null,leaf:14,split:17,leaf:009696647495021415,estimators:452,change:861,presort:""auto"",state:60384,subsample:490776160448708,tol:040099933518166764,fraction:8823102057085602,verbose:0,start:false"
"8703495","sklearn.pipeline.Pipeline(imputation=openmlstudy14.preprocessing.ConditionalImputer,hotencoding=sklearn.preprocessing.data.OneHotEncoder,scaling=sklearn.preprocessing.data.StandardScaler,variencethreshold=sklearn.feature_selection.variance_threshold.VarianceThreshold,classifier=sklearn.svm.classes.SVC)(1)","0.5268","axis:0,features:[],copy:true,empty:0,values:""NaN"",strategy:""most_frequent"",nominal:""most_frequent"",verbose:0,features:[],dtype:float64""},unknown:""ignore"",values:""auto"",sparse:true,threshold:0.0,copy:true,mean:false,std:true,C:47722578067817,size:200,weight:null,coef0:731239121405898,shape:null,degree:5,gamma:0008030818540139175,kernel:""rbf"",iter:-1,probability:true,state:39712,shrinking:false,tol:0002535634620150134,verbose:false"
"8705539","sklearn.pipeline.Pipeline(imputation=openmlstudy14.preprocessing.ConditionalImputer,hotencoding=sklearn.preprocessing.data.OneHotEncoder,scaling=sklearn.preprocessing.data.StandardScaler,variencethreshold=sklearn.feature_selection.variance_threshold.VarianceThreshold,classifier=sklearn.svm.classes.SVC)(1)","0.5267","axis:0,features:[],copy:true,empty:0,values:""NaN"",strategy:""mean"",nominal:""most_frequent"",verbose:0,features:[],dtype:float64""},unknown:""ignore"",values:""auto"",sparse:true,threshold:0.0,copy:true,mean:false,std:true,C:802305009270864,size:200,weight:null,coef0:3561688662476896,shape:null,degree:3,gamma:3765379049604185,kernel:""rbf"",iter:-1,probability:true,state:64655,shrinking:false,tol:00021815649687452422,verbose:false"
"9891418","sklearn.pipeline.Pipeline(columntransformer=sklearn.compose._column_transformer.ColumnTransformer(numeric=sklearn.pipeline.Pipeline(imputer=sklearn.preprocessing.imputation.Imputer,standardscaler=sklearn.preprocessing.data.StandardScaler),nominal=sklearn.pipeline.Pipeline(simpleimputer=sklearn.impute.SimpleImputer,onehotencoder=sklearn.preprocessing._encoders.OneHotEncoder)),variancethreshold=sklearn.feature_selection.variance_threshold.VarianceThreshold,gradientboostingclassifier=sklearn.ensemble.gradient_boosting.GradientBoostingClassifier)(2)","0.5266","axis:0,copy:true,values:""NaN"",strategy:""median"",verbose:0,copy:true,mean:true,std:true,memory:null,copy:true,value:-1,values:NaN,strategy:""constant"",verbose:0,features:null,categories:null,dtype:float64""},unknown:""ignore"",values:null,sparse:true,criterion:""friedman_mse"",init:null,rate:055375988920634577,loss:""deviance"",depth:7,features:4674883312356515,nodes:null,decrease:41048059488767996,split:null,leaf:4,split:12,leaf:2501603232570956,estimators:331,change:473,presort:""auto"",state:12727,subsample:6984660488850728,tol:259090634491582e-05,fraction:1440922108660756,verbose:0,start:false,jobs:null,remainder:""passthrough"",threshold:0.3,weights:null,memory:null,threshold:0.0,memory:null"
"8827367","sklearn.pipeline.Pipeline(imputation=openmlstudy14.preprocessing.ConditionalImputer,hotencoding=sklearn.preprocessing.data.OneHotEncoder,scaling=sklearn.preprocessing.data.StandardScaler,variencethreshold=sklearn.feature_selection.variance_threshold.VarianceThreshold,classifier=sklearn.svm.classes.SVC)(1)","0.5264","axis:0,features:[],copy:true,empty:0,values:""NaN"",strategy:""mean"",nominal:""most_frequent"",verbose:0,features:[],dtype:float64""},unknown:""ignore"",values:""auto"",sparse:true,threshold:0.0,copy:true,mean:false,std:true,C:866198037664,size:200,weight:null,coef0:5183366074266567,shape:null,degree:5,gamma:0003209444504639341,kernel:""rbf"",iter:-1,probability:true,state:35459,shrinking:true,tol:005949242437360161,verbose:false"
"9911001","sklearn.pipeline.Pipeline(columntransformer=sklearn.compose._column_transformer.ColumnTransformer(numeric=sklearn.pipeline.Pipeline(imputer=sklearn.preprocessing.imputation.Imputer,standardscaler=sklearn.preprocessing.data.StandardScaler),nominal=sklearn.pipeline.Pipeline(simpleimputer=sklearn.impute.SimpleImputer,onehotencoder=sklearn.preprocessing._encoders.OneHotEncoder)),variancethreshold=sklearn.feature_selection.variance_threshold.VarianceThreshold,gradientboostingclassifier=sklearn.ensemble.gradient_boosting.GradientBoostingClassifier)(1)","0.5263","memory:null,jobs:null,remainder:""passthrough"",threshold:0.3,weights:null,memory:null,axis:0,copy:true,values:""NaN"",strategy:""median"",verbose:0,copy:true,mean:true,std:true,memory:null,copy:true,value:-1,values:NaN,strategy:""constant"",verbose:0,features:null,categories:null,dtype:float64""},unknown:""ignore"",values:null,sparse:true,threshold:0.0,criterion:""friedman_mse"",init:null,rate:8084487284968049,loss:""deviance"",depth:2,features:8286757233230027,nodes:null,decrease:41623921720467905,split:null,leaf:1,split:8,leaf:3154981580612988,estimators:400,change:428,presort:""auto"",state:36054,subsample:46986972935309756,tol:00020973265099983105,fraction:17877926029641344,verbose:0,start:false"
"8852392","sklearn.pipeline.Pipeline(imputation=openmlstudy14.preprocessing.ConditionalImputer,hotencoding=sklearn.preprocessing.data.OneHotEncoder,scaling=sklearn.preprocessing.data.StandardScaler,variencethreshold=sklearn.feature_selection.variance_threshold.VarianceThreshold,classifier=sklearn.svm.classes.SVC)(1)","0.5263","axis:0,features:[],copy:true,empty:0,values:""NaN"",strategy:""median"",nominal:""most_frequent"",verbose:0,features:[],dtype:float64""},unknown:""ignore"",values:""auto"",sparse:true,threshold:0.0,copy:true,mean:false,std:true,C:76824464953958,size:200,weight:null,coef0:27572276532343265,shape:null,degree:1,gamma:0008807186236339903,kernel:""rbf"",iter:-1,probability:true,state:21678,shrinking:false,tol:453274559678016e-05,verbose:false"
"8701647","sklearn.pipeline.Pipeline(imputation=openmlstudy14.preprocessing.ConditionalImputer,hotencoding=sklearn.preprocessing.data.OneHotEncoder,scaling=sklearn.preprocessing.data.StandardScaler,variencethreshold=sklearn.feature_selection.variance_threshold.VarianceThreshold,classifier=sklearn.svm.classes.SVC)(1)","0.5262","axis:0,features:[],copy:true,empty:0,values:""NaN"",strategy:""mean"",nominal:""most_frequent"",verbose:0,features:[],dtype:float64""},unknown:""ignore"",values:""auto"",sparse:true,threshold:0.0,copy:true,mean:false,std:true,C:308622897031,size:200,weight:null,coef0:24386790861133,shape:null,degree:4,gamma:0005511622020641608,kernel:""rbf"",iter:-1,probability:true,state:54466,shrinking:false,tol:063088047580861e-05,verbose:false"
"8978742","sklearn.pipeline.Pipeline(imputation=openmlstudy14.preprocessing.ConditionalImputer,hotencoding=sklearn.preprocessing.data.OneHotEncoder,scaling=sklearn.preprocessing.data.StandardScaler,variencethreshold=sklearn.feature_selection.variance_threshold.VarianceThreshold,classifier=sklearn.svm.classes.SVC)(2)","0.5261","axis:0,features:[],copy:true,empty:0,values:""NaN"",strategy:""mean"",nominal:""most_frequent"",verbose:0,features:[],dtype:float64""},unknown:""ignore"",values:""auto"",sparse:true,threshold:0.0,C:452255450001278,size:200,weight:null,coef0:16843627678168227,shape:null,degree:3,gamma:383341562004122,kernel:""rbf"",iter:-1,probability:true,state:50247,shrinking:true,tol:0006820454783623675,verbose:false,copy:true,mean:false,std:true"
"1687584","weka.J48(33)","0.526","C:0.25,M:12"
"8980747","sklearn.pipeline.Pipeline(imputation=openmlstudy14.preprocessing.ConditionalImputer,hotencoding=sklearn.preprocessing.data.OneHotEncoder,scaling=sklearn.preprocessing.data.StandardScaler,variencethreshold=sklearn.feature_selection.variance_threshold.VarianceThreshold,classifier=sklearn.svm.classes.SVC)(2)","0.5258","axis:0,features:[],copy:true,empty:0,values:""NaN"",strategy:""mean"",nominal:""most_frequent"",verbose:0,features:[],dtype:float64""},unknown:""ignore"",values:""auto"",sparse:true,threshold:0.0,C:927228037814,size:200,weight:null,coef0:2451734546891613,shape:null,degree:2,gamma:053346229261183736,kernel:""rbf"",iter:-1,probability:true,state:27148,shrinking:true,tol:0252683577024186e-05,verbose:false,copy:true,mean:false,std:true"
"8963319","sklearn.pipeline.Pipeline(imputation=openmlstudy14.preprocessing.ConditionalImputer,hotencoding=sklearn.preprocessing.data.OneHotEncoder,scaling=sklearn.preprocessing.data.StandardScaler,variencethreshold=sklearn.feature_selection.variance_threshold.VarianceThreshold,classifier=sklearn.svm.classes.SVC)(2)","0.5258","axis:0,features:[],copy:true,empty:0,values:""NaN"",strategy:""median"",nominal:""most_frequent"",verbose:0,features:[],dtype:float64""},unknown:""ignore"",values:""auto"",sparse:true,threshold:0.0,C:639930627309486,size:200,weight:null,coef0:45559296747018174,shape:null,degree:2,gamma:006932136352798843,kernel:""poly"",iter:-1,probability:true,state:43895,shrinking:false,tol:1951186137267715e-05,verbose:false,copy:true,mean:false,std:true"
"8731273","sklearn.pipeline.Pipeline(imputation=openmlstudy14.preprocessing.ConditionalImputer,hotencoding=sklearn.preprocessing.data.OneHotEncoder,scaling=sklearn.preprocessing.data.StandardScaler,variencethreshold=sklearn.feature_selection.variance_threshold.VarianceThreshold,classifier=sklearn.svm.classes.SVC)(1)","0.5258","axis:0,features:[],copy:true,empty:0,values:""NaN"",strategy:""most_frequent"",nominal:""most_frequent"",verbose:0,features:[],dtype:float64""},unknown:""ignore"",values:""auto"",sparse:true,threshold:0.0,copy:true,mean:false,std:true,C:2295277387943,size:200,weight:null,coef0:006931154168911879,shape:null,degree:2,gamma:0002428818061121165,kernel:""rbf"",iter:-1,probability:true,state:1660,shrinking:false,tol:525622107567904e-05,verbose:false"
"9926089","sklearn.pipeline.Pipeline(columntransformer=sklearn.compose._column_transformer.ColumnTransformer(numeric=sklearn.pipeline.Pipeline(imputer=sklearn.preprocessing.imputation.Imputer,standardscaler=sklearn.preprocessing.data.StandardScaler),nominal=sklearn.pipeline.Pipeline(simpleimputer=sklearn.impute.SimpleImputer,onehotencoder=sklearn.preprocessing._encoders.OneHotEncoder)),variancethreshold=sklearn.feature_selection.variance_threshold.VarianceThreshold,gradientboostingclassifier=sklearn.ensemble.gradient_boosting.GradientBoostingClassifier)(3)","0.5254","memory:null,jobs:null,remainder:""passthrough"",threshold:0.3,weights:null,memory:null,axis:0,copy:true,values:""NaN"",strategy:""mean"",verbose:0,copy:true,mean:true,std:true,memory:null,copy:true,value:-1,values:NaN,strategy:""constant"",verbose:0,features:null,categories:null,dtype:float64""},unknown:""ignore"",values:null,sparse:true,threshold:0.0,criterion:""friedman_mse"",init:null,rate:6521060927902295,loss:""deviance"",depth:6,features:6212558191609796,nodes:null,decrease:6263543453432502,split:null,leaf:11,split:6,leaf:3162067767630309,estimators:464,change:616,presort:""auto"",state:52062,subsample:735953384979242,tol:08570830772747527,fraction:21859496346338736,verbose:0,start:false"
"9880810","sklearn.pipeline.Pipeline(columntransformer=sklearn.compose._column_transformer.ColumnTransformer(numeric=sklearn.pipeline.Pipeline(imputer=sklearn.preprocessing.imputation.Imputer,standardscaler=sklearn.preprocessing.data.StandardScaler),nominal=sklearn.pipeline.Pipeline(simpleimputer=sklearn.impute.SimpleImputer,onehotencoder=sklearn.preprocessing._encoders.OneHotEncoder)),variancethreshold=sklearn.feature_selection.variance_threshold.VarianceThreshold,gradientboostingclassifier=sklearn.ensemble.gradient_boosting.GradientBoostingClassifier)(1)","0.5254","memory:null,jobs:null,remainder:""passthrough"",threshold:0.3,weights:null,memory:null,axis:0,copy:true,values:""NaN"",strategy:""median"",verbose:0,copy:true,mean:true,std:true,memory:null,copy:true,value:-1,values:NaN,strategy:""constant"",verbose:0,features:null,categories:null,dtype:float64""},unknown:""ignore"",values:null,sparse:true,threshold:0.0,criterion:""friedman_mse"",init:null,rate:043035825923709456,loss:""deviance"",depth:2,features:3293055086030462,nodes:null,decrease:06403568766192558,split:null,leaf:7,split:5,leaf:15128461029014156,estimators:203,change:474,presort:""auto"",state:39601,subsample:43019023374615883,tol:00019752787656608078,fraction:7010548246321459,verbose:0,start:false"
"9877740","sklearn.pipeline.Pipeline(columntransformer=sklearn.compose._column_transformer.ColumnTransformer(numeric=sklearn.pipeline.Pipeline(imputer=sklearn.preprocessing.imputation.Imputer,standardscaler=sklearn.preprocessing.data.StandardScaler),nominal=sklearn.pipeline.Pipeline(simpleimputer=sklearn.impute.SimpleImputer,onehotencoder=sklearn.preprocessing._encoders.OneHotEncoder)),variancethreshold=sklearn.feature_selection.variance_threshold.VarianceThreshold,gradientboostingclassifier=sklearn.ensemble.gradient_boosting.GradientBoostingClassifier)(2)","0.5254","axis:0,copy:true,values:""NaN"",strategy:""median"",verbose:0,copy:true,mean:true,std:true,memory:null,copy:true,value:-1,values:NaN,strategy:""constant"",verbose:0,features:null,categories:null,dtype:float64""},unknown:""ignore"",values:null,sparse:true,criterion:""friedman_mse"",init:null,rate:11634094598070516,loss:""deviance"",depth:3,features:1281146920513545,nodes:null,decrease:643729844592609,split:null,leaf:2,split:18,leaf:12726952199405206,estimators:129,change:36,presort:""auto"",state:64119,subsample:2614966171061548,tol:0011534844434079477,fraction:5532470407398274,verbose:0,start:false,jobs:null,remainder:""passthrough"",threshold:0.3,weights:null,memory:null,threshold:0.0,memory:null"
"8809125","sklearn.pipeline.Pipeline(imputation=openmlstudy14.preprocessing.ConditionalImputer,hotencoding=sklearn.preprocessing.data.OneHotEncoder,scaling=sklearn.preprocessing.data.StandardScaler,variencethreshold=sklearn.feature_selection.variance_threshold.VarianceThreshold,classifier=sklearn.svm.classes.SVC)(1)","0.5253","axis:0,features:[],copy:true,empty:0,values:""NaN"",strategy:""mean"",nominal:""most_frequent"",verbose:0,features:[],dtype:float64""},unknown:""ignore"",values:""auto"",sparse:true,threshold:0.0,copy:true,mean:false,std:true,C:4892059844182,size:200,weight:null,coef0:28608930243278397,shape:null,degree:5,gamma:0008233832569536199,kernel:""rbf"",iter:-1,probability:true,state:2753,shrinking:false,tol:2076540236630936e-05,verbose:false"
"8828162","sklearn.pipeline.Pipeline(imputation=openmlstudy14.preprocessing.ConditionalImputer,hotencoding=sklearn.preprocessing.data.OneHotEncoder,scaling=sklearn.preprocessing.data.StandardScaler,variencethreshold=sklearn.feature_selection.variance_threshold.VarianceThreshold,classifier=sklearn.svm.classes.SVC)(1)","0.5251","axis:0,features:[],copy:true,empty:0,values:""NaN"",strategy:""mean"",nominal:""most_frequent"",verbose:0,features:[],dtype:float64""},unknown:""ignore"",values:""auto"",sparse:true,threshold:0.0,copy:true,mean:false,std:true,C:045821985488,size:200,weight:null,coef0:9208993169952362,shape:null,degree:2,gamma:00013830987105163065,kernel:""rbf"",iter:-1,probability:true,state:52995,shrinking:false,tol:0017155161970954273,verbose:false"
"8976689","sklearn.pipeline.Pipeline(imputation=openmlstudy14.preprocessing.ConditionalImputer,hotencoding=sklearn.preprocessing.data.OneHotEncoder,scaling=sklearn.preprocessing.data.StandardScaler,variencethreshold=sklearn.feature_selection.variance_threshold.VarianceThreshold,classifier=sklearn.svm.classes.SVC)(2)","0.5248","axis:0,features:[],copy:true,empty:0,values:""NaN"",strategy:""mean"",nominal:""most_frequent"",verbose:0,features:[],dtype:float64""},unknown:""ignore"",values:""auto"",sparse:true,threshold:0.0,C:7243073242807,size:200,weight:null,coef0:24621952262835167,shape:null,degree:3,gamma:00036343987465812134,kernel:""rbf"",iter:-1,probability:true,state:10335,shrinking:true,tol:002826463464998015,verbose:false,copy:true,mean:false,std:true"
"8704675","sklearn.pipeline.Pipeline(imputation=openmlstudy14.preprocessing.ConditionalImputer,hotencoding=sklearn.preprocessing.data.OneHotEncoder,scaling=sklearn.preprocessing.data.StandardScaler,variencethreshold=sklearn.feature_selection.variance_threshold.VarianceThreshold,classifier=sklearn.svm.classes.SVC)(1)","0.5248","axis:0,features:[],copy:true,empty:0,values:""NaN"",strategy:""median"",nominal:""most_frequent"",verbose:0,features:[],dtype:float64""},unknown:""ignore"",values:""auto"",sparse:true,threshold:0.0,copy:true,mean:false,std:true,C:69804084227639,size:200,weight:null,coef0:5783752644616393,shape:null,degree:2,gamma:009064855863394021,kernel:""poly"",iter:-1,probability:true,state:47573,shrinking:false,tol:0011689564616001878,verbose:false"
"8839529","sklearn.pipeline.Pipeline(imputation=openmlstudy14.preprocessing.ConditionalImputer,hotencoding=sklearn.preprocessing.data.OneHotEncoder,scaling=sklearn.preprocessing.data.StandardScaler,variencethreshold=sklearn.feature_selection.variance_threshold.VarianceThreshold,classifier=sklearn.svm.classes.SVC)(1)","0.5246","axis:0,features:[],copy:true,empty:0,values:""NaN"",strategy:""median"",nominal:""most_frequent"",verbose:0,features:[],dtype:float64""},unknown:""ignore"",values:""auto"",sparse:true,threshold:0.0,copy:true,mean:false,std:true,C:9038865881837,size:200,weight:null,coef0:6167659907188541,shape:null,degree:5,gamma:0003821407142544717,kernel:""rbf"",iter:-1,probability:true,state:26956,shrinking:true,tol:0014734366508167714,verbose:false"
"9908694","sklearn.pipeline.Pipeline(columntransformer=sklearn.compose._column_transformer.ColumnTransformer(numeric=sklearn.pipeline.Pipeline(imputer=sklearn.preprocessing.imputation.Imputer,standardscaler=sklearn.preprocessing.data.StandardScaler),nominal=sklearn.pipeline.Pipeline(simpleimputer=sklearn.impute.SimpleImputer,onehotencoder=sklearn.preprocessing._encoders.OneHotEncoder)),variancethreshold=sklearn.feature_selection.variance_threshold.VarianceThreshold,gradientboostingclassifier=sklearn.ensemble.gradient_boosting.GradientBoostingClassifier)(1)","0.5245","memory:null,jobs:null,remainder:""passthrough"",threshold:0.3,weights:null,memory:null,axis:0,copy:true,values:""NaN"",strategy:""median"",verbose:0,copy:true,mean:true,std:true,memory:null,copy:true,value:-1,values:NaN,strategy:""constant"",verbose:0,features:null,categories:null,dtype:float64""},unknown:""ignore"",values:null,sparse:true,threshold:0.0,criterion:""friedman_mse"",init:null,rate:06973443107337944,loss:""deviance"",depth:8,features:06475765405222667,nodes:null,decrease:36400741141747595,split:null,leaf:14,split:7,leaf:22834976318583344,estimators:491,change:806,presort:""auto"",state:31262,subsample:9183429101822784,tol:00010624104305619948,fraction:28494361973790117,verbose:0,start:false"
"9880274","sklearn.pipeline.Pipeline(columntransformer=sklearn.compose._column_transformer.ColumnTransformer(numeric=sklearn.pipeline.Pipeline(imputer=sklearn.preprocessing.imputation.Imputer,standardscaler=sklearn.preprocessing.data.StandardScaler),nominal=sklearn.pipeline.Pipeline(simpleimputer=sklearn.impute.SimpleImputer,onehotencoder=sklearn.preprocessing._encoders.OneHotEncoder)),variancethreshold=sklearn.feature_selection.variance_threshold.VarianceThreshold,gradientboostingclassifier=sklearn.ensemble.gradient_boosting.GradientBoostingClassifier)(2)","0.5243","axis:0,copy:true,values:""NaN"",strategy:""median"",verbose:0,copy:true,mean:true,std:true,memory:null,copy:true,value:-1,values:NaN,strategy:""constant"",verbose:0,features:null,categories:null,dtype:float64""},unknown:""ignore"",values:null,sparse:true,criterion:""friedman_mse"",init:null,rate:2701303795848047,loss:""deviance"",depth:5,features:3506967494257144,nodes:null,decrease:5015243333820897,split:null,leaf:10,split:14,leaf:23408088306988117,estimators:413,change:956,presort:""auto"",state:57115,subsample:9051493430644024,tol:0007859984429160707,fraction:5697116608922674,verbose:0,start:false,jobs:null,remainder:""passthrough"",threshold:0.3,weights:null,memory:null,threshold:0.0,memory:null"
"8977746","sklearn.pipeline.Pipeline(imputation=openmlstudy14.preprocessing.ConditionalImputer,hotencoding=sklearn.preprocessing.data.OneHotEncoder,scaling=sklearn.preprocessing.data.StandardScaler,variencethreshold=sklearn.feature_selection.variance_threshold.VarianceThreshold,classifier=sklearn.svm.classes.SVC)(2)","0.5239","axis:0,features:[],copy:true,empty:0,values:""NaN"",strategy:""most_frequent"",nominal:""most_frequent"",verbose:0,features:[],dtype:float64""},unknown:""ignore"",values:""auto"",sparse:true,threshold:0.0,C:309346026228,size:200,weight:null,coef0:24190571708526099,shape:null,degree:2,gamma:0014096704960002522,kernel:""poly"",iter:-1,probability:true,state:21341,shrinking:true,tol:06197994398561325,verbose:false,copy:true,mean:false,std:true"
"9953427","sklearn.pipeline.Pipeline(columntransformer=sklearn.compose._column_transformer.ColumnTransformer(numeric=sklearn.pipeline.Pipeline(imputer=sklearn.preprocessing.imputation.Imputer,standardscaler=sklearn.preprocessing.data.StandardScaler),nominal=sklearn.pipeline.Pipeline(simpleimputer=sklearn.impute.SimpleImputer,onehotencoder=sklearn.preprocessing._encoders.OneHotEncoder)),variancethreshold=sklearn.feature_selection.variance_threshold.VarianceThreshold,gradientboostingclassifier=sklearn.ensemble.gradient_boosting.GradientBoostingClassifier)(3)","0.5237","memory:null,jobs:null,remainder:""passthrough"",threshold:0.3,weights:null,memory:null,axis:0,copy:true,values:""NaN"",strategy:""mean"",verbose:0,copy:true,mean:true,std:true,memory:null,copy:true,value:-1,values:NaN,strategy:""constant"",verbose:0,features:null,categories:null,dtype:float64""},unknown:""ignore"",values:null,sparse:true,threshold:0.0,criterion:""friedman_mse"",init:null,rate:5633440012474713,loss:""deviance"",depth:5,features:04347343996346864,nodes:null,decrease:7742669341810702,split:null,leaf:19,split:11,leaf:07867890469772659,estimators:458,change:851,presort:""auto"",state:30875,subsample:2824418082017297,tol:00010095622626684725,fraction:17939356942672324,verbose:0,start:false"
"9869879","sklearn.pipeline.Pipeline(columntransformer=sklearn.compose._column_transformer.ColumnTransformer(numeric=sklearn.pipeline.Pipeline(imputer=sklearn.preprocessing.imputation.Imputer,standardscaler=sklearn.preprocessing.data.StandardScaler),nominal=sklearn.pipeline.Pipeline(simpleimputer=sklearn.impute.SimpleImputer,onehotencoder=sklearn.preprocessing._encoders.OneHotEncoder)),variancethreshold=sklearn.feature_selection.variance_threshold.VarianceThreshold,gradientboostingclassifier=sklearn.ensemble.gradient_boosting.GradientBoostingClassifier)(2)","0.5237","axis:0,copy:true,values:""NaN"",strategy:""median"",verbose:0,copy:true,mean:true,std:true,memory:null,copy:true,value:-1,values:NaN,strategy:""constant"",verbose:0,features:null,categories:null,dtype:float64""},unknown:""ignore"",values:null,sparse:true,criterion:""friedman_mse"",init:null,rate:19104525060866057,loss:""deviance"",depth:6,features:19741249933364413,nodes:null,decrease:43243338030006007,split:null,leaf:16,split:15,leaf:09801508810843607,estimators:261,change:722,presort:""auto"",state:14367,subsample:13694655002505596,tol:0003128767677710762,fraction:5645257662675428,verbose:0,start:false,jobs:null,remainder:""passthrough"",threshold:0.3,weights:null,memory:null,threshold:0.0,memory:null"
"9998364","sklearn.pipeline.Pipeline(columntransformer=sklearn.compose._column_transformer.ColumnTransformer(numeric=sklearn.pipeline.Pipeline(imputer=sklearn.preprocessing.imputation.Imputer,standardscaler=sklearn.preprocessing.data.StandardScaler),nominal=sklearn.pipeline.Pipeline(simpleimputer=sklearn.impute.SimpleImputer,onehotencoder=sklearn.preprocessing._encoders.OneHotEncoder)),variancethreshold=sklearn.feature_selection.variance_threshold.VarianceThreshold,gradientboostingclassifier=sklearn.ensemble.gradient_boosting.GradientBoostingClassifier)(3)","0.5235","memory:null,jobs:null,remainder:""passthrough"",threshold:0.3,weights:null,memory:null,axis:0,copy:true,values:""NaN"",strategy:""mean"",verbose:0,copy:true,mean:true,std:true,memory:null,copy:true,value:-1,values:NaN,strategy:""constant"",verbose:0,features:null,categories:null,dtype:float64""},unknown:""ignore"",values:null,sparse:true,threshold:0.0,criterion:""friedman_mse"",init:null,rate:6489423864424237,loss:""deviance"",depth:9,features:4189961930625644,nodes:null,decrease:8065026632412161,split:null,leaf:18,split:15,leaf:2142913374642726,estimators:248,change:718,presort:""auto"",state:58806,subsample:9800660866648767,tol:0002874447007980129,fraction:45967570052916396,verbose:0,start:false"
"9876623","sklearn.pipeline.Pipeline(columntransformer=sklearn.compose._column_transformer.ColumnTransformer(numeric=sklearn.pipeline.Pipeline(imputer=sklearn.preprocessing.imputation.Imputer,standardscaler=sklearn.preprocessing.data.StandardScaler),nominal=sklearn.pipeline.Pipeline(simpleimputer=sklearn.impute.SimpleImputer,onehotencoder=sklearn.preprocessing._encoders.OneHotEncoder)),variancethreshold=sklearn.feature_selection.variance_threshold.VarianceThreshold,gradientboostingclassifier=sklearn.ensemble.gradient_boosting.GradientBoostingClassifier)(2)","0.5235","axis:0,copy:true,values:""NaN"",strategy:""median"",verbose:0,copy:true,mean:true,std:true,memory:null,copy:true,value:-1,values:NaN,strategy:""constant"",verbose:0,features:null,categories:null,dtype:float64""},unknown:""ignore"",values:null,sparse:true,criterion:""friedman_mse"",init:null,rate:010490773414065062,loss:""deviance"",depth:7,features:5166930675441042,nodes:null,decrease:15361778818299776,split:null,leaf:1,split:18,leaf:17013002813962563,estimators:511,change:887,presort:""auto"",state:27193,subsample:7017859038159304,tol:0002801354355959938,fraction:679129463198797,verbose:0,start:false,jobs:null,remainder:""passthrough"",threshold:0.3,weights:null,memory:null,threshold:0.0,memory:null"
"8963629","sklearn.pipeline.Pipeline(imputation=openmlstudy14.preprocessing.ConditionalImputer,hotencoding=sklearn.preprocessing.data.OneHotEncoder,scaling=sklearn.preprocessing.data.StandardScaler,variencethreshold=sklearn.feature_selection.variance_threshold.VarianceThreshold,classifier=sklearn.svm.classes.SVC)(2)","0.5234","axis:0,features:[],copy:true,empty:0,values:""NaN"",strategy:""mean"",nominal:""most_frequent"",verbose:0,features:[],dtype:float64""},unknown:""ignore"",values:""auto"",sparse:true,threshold:0.0,C:0416958996132,size:200,weight:null,coef0:858946841373927,shape:null,degree:3,gamma:6901082513311285,kernel:""rbf"",iter:-1,probability:true,state:61583,shrinking:true,tol:0002997601447492307,verbose:false,copy:true,mean:false,std:true"
"9948280","sklearn.pipeline.Pipeline(columntransformer=sklearn.compose._column_transformer.ColumnTransformer(numeric=sklearn.pipeline.Pipeline(imputer=sklearn.preprocessing.imputation.Imputer,standardscaler=sklearn.preprocessing.data.StandardScaler),nominal=sklearn.pipeline.Pipeline(simpleimputer=sklearn.impute.SimpleImputer,onehotencoder=sklearn.preprocessing._encoders.OneHotEncoder)),variancethreshold=sklearn.feature_selection.variance_threshold.VarianceThreshold,gradientboostingclassifier=sklearn.ensemble.gradient_boosting.GradientBoostingClassifier)(3)","0.5233","memory:null,jobs:null,remainder:""passthrough"",threshold:0.3,weights:null,memory:null,axis:0,copy:true,values:""NaN"",strategy:""most_frequent"",verbose:0,copy:true,mean:true,std:true,memory:null,copy:true,value:-1,values:NaN,strategy:""constant"",verbose:0,features:null,categories:null,dtype:float64""},unknown:""ignore"",values:null,sparse:true,threshold:0.0,criterion:""mse"",init:null,rate:2855534585254661,loss:""deviance"",depth:10,features:487853472425942,nodes:null,decrease:00039558055784583157,split:null,leaf:19,split:13,leaf:20579781164990485,estimators:359,change:63,presort:""auto"",state:9391,subsample:8016405251683154,tol:00010822163206164211,fraction:7038066505890336,verbose:0,start:false"
"9940681","sklearn.pipeline.Pipeline(columntransformer=sklearn.compose._column_transformer.ColumnTransformer(numeric=sklearn.pipeline.Pipeline(imputer=sklearn.preprocessing.imputation.Imputer,standardscaler=sklearn.preprocessing.data.StandardScaler),nominal=sklearn.pipeline.Pipeline(simpleimputer=sklearn.impute.SimpleImputer,onehotencoder=sklearn.preprocessing._encoders.OneHotEncoder)),variancethreshold=sklearn.feature_selection.variance_threshold.VarianceThreshold,gradientboostingclassifier=sklearn.ensemble.gradient_boosting.GradientBoostingClassifier)(3)","0.5233","memory:null,jobs:null,remainder:""passthrough"",threshold:0.3,weights:null,memory:null,axis:0,copy:true,values:""NaN"",strategy:""median"",verbose:0,copy:true,mean:true,std:true,memory:null,copy:true,value:-1,values:NaN,strategy:""constant"",verbose:0,features:null,categories:null,dtype:float64""},unknown:""ignore"",values:null,sparse:true,threshold:0.0,criterion:""friedman_mse"",init:null,rate:942308775204328,loss:""deviance"",depth:9,features:09686994400683024,nodes:null,decrease:3181291904906731,split:null,leaf:2,split:19,leaf:12456042186730237,estimators:98,change:183,presort:""auto"",state:20450,subsample:7044896476195498,tol:0030591571566483916,fraction:544613029061958,verbose:0,start:false"
"6059008","sklearn.pipeline.Pipeline(imputation=openmlstudy14.preprocessing.ConditionalImputer,hotencoding=sklearn.preprocessing.data.OneHotEncoder,variencethreshold=sklearn.feature_selection.variance_threshold.VarianceThreshold,classifier=sklearn.svm.classes.SVC)(1)","0.5232","axis:0,features:[],copy:true,empty:0,values:""NaN"",strategy:""mean"",nominal:""most_frequent"",verbose:0,features:[],dtype:float64""},unknown:""ignore"",values:""auto"",sparse:true,threshold:0.0,C:691091225142,size:200,weight:null,coef0:0.0,shape:null,degree:3,gamma:013045972161912,kernel:""rbf"",iter:-1,probability:true,state:42127,shrinking:false,tol:00014294123127417892,verbose:false"
"9866506","sklearn.pipeline.Pipeline(columntransformer=sklearn.compose._column_transformer.ColumnTransformer(numeric=sklearn.pipeline.Pipeline(imputer=sklearn.preprocessing.imputation.Imputer,standardscaler=sklearn.preprocessing.data.StandardScaler),nominal=sklearn.pipeline.Pipeline(simpleimputer=sklearn.impute.SimpleImputer,onehotencoder=sklearn.preprocessing._encoders.OneHotEncoder)),variancethreshold=sklearn.feature_selection.variance_threshold.VarianceThreshold,gradientboostingclassifier=sklearn.ensemble.gradient_boosting.GradientBoostingClassifier)(1)","0.5228","memory:null,jobs:null,remainder:""passthrough"",threshold:0.3,weights:null,memory:null,axis:0,copy:true,values:""NaN"",strategy:""most_frequent"",verbose:0,copy:true,mean:true,std:true,memory:null,copy:true,value:-1,values:NaN,strategy:""constant"",verbose:0,features:null,categories:null,dtype:float64""},unknown:""ignore"",values:null,sparse:true,threshold:0.0,criterion:""friedman_mse"",init:null,rate:18865137488689832,loss:""deviance"",depth:5,features:6827219159329845,nodes:null,decrease:8747540937134098,split:null,leaf:1,split:20,leaf:2466382535410801,estimators:184,change:667,presort:""auto"",state:62913,subsample:3569967594419555,tol:028738530538606023,fraction:5169864639316754,verbose:0,start:false"
"8807967","sklearn.pipeline.Pipeline(imputation=openmlstudy14.preprocessing.ConditionalImputer,hotencoding=sklearn.preprocessing.data.OneHotEncoder,scaling=sklearn.preprocessing.data.StandardScaler,variencethreshold=sklearn.feature_selection.variance_threshold.VarianceThreshold,classifier=sklearn.svm.classes.SVC)(1)","0.5228","axis:0,features:[],copy:true,empty:0,values:""NaN"",strategy:""most_frequent"",nominal:""most_frequent"",verbose:0,features:[],dtype:float64""},unknown:""ignore"",values:""auto"",sparse:true,threshold:0.0,copy:true,mean:false,std:true,C:203450739554617,size:200,weight:null,coef0:5563993667805154,shape:null,degree:2,gamma:022495990195392484,kernel:""poly"",iter:-1,probability:true,state:34035,shrinking:true,tol:07215780767455095,verbose:false"
"1672730","weka.Stacking_J48(2)","0.5228","C:0.25,M:2,M:true,X:10,S:1,num-slots:1,B:J48"
"1687879","weka.J48(33)","0.5227","C:0.25,M:24"
"9885987","sklearn.pipeline.Pipeline(columntransformer=sklearn.compose._column_transformer.ColumnTransformer(numeric=sklearn.pipeline.Pipeline(imputer=sklearn.preprocessing.imputation.Imputer,standardscaler=sklearn.preprocessing.data.StandardScaler),nominal=sklearn.pipeline.Pipeline(simpleimputer=sklearn.impute.SimpleImputer,onehotencoder=sklearn.preprocessing._encoders.OneHotEncoder)),variancethreshold=sklearn.feature_selection.variance_threshold.VarianceThreshold,gradientboostingclassifier=sklearn.ensemble.gradient_boosting.GradientBoostingClassifier)(1)","0.5226","memory:null,jobs:null,remainder:""passthrough"",threshold:0.3,weights:null,memory:null,axis:0,copy:true,values:""NaN"",strategy:""most_frequent"",verbose:0,copy:true,mean:true,std:true,memory:null,copy:true,value:-1,values:NaN,strategy:""constant"",verbose:0,features:null,categories:null,dtype:float64""},unknown:""ignore"",values:null,sparse:true,threshold:0.0,criterion:""friedman_mse"",init:null,rate:9483427770482774,loss:""deviance"",depth:8,features:18324198320783558,nodes:null,decrease:16451998291344117,split:null,leaf:11,split:5,leaf:18554322569583298,estimators:401,change:55,presort:""auto"",state:24090,subsample:42455449226505715,tol:0016540279092133515,fraction:1490932893191449,verbose:0,start:false"
"9910132","sklearn.pipeline.Pipeline(columntransformer=sklearn.compose._column_transformer.ColumnTransformer(numeric=sklearn.pipeline.Pipeline(imputer=sklearn.preprocessing.imputation.Imputer,standardscaler=sklearn.preprocessing.data.StandardScaler),nominal=sklearn.pipeline.Pipeline(simpleimputer=sklearn.impute.SimpleImputer,onehotencoder=sklearn.preprocessing._encoders.OneHotEncoder)),variancethreshold=sklearn.feature_selection.variance_threshold.VarianceThreshold,gradientboostingclassifier=sklearn.ensemble.gradient_boosting.GradientBoostingClassifier)(1)","0.5225","memory:null,jobs:null,remainder:""passthrough"",threshold:0.3,weights:null,memory:null,axis:0,copy:true,values:""NaN"",strategy:""most_frequent"",verbose:0,copy:true,mean:true,std:true,memory:null,copy:true,value:-1,values:NaN,strategy:""constant"",verbose:0,features:null,categories:null,dtype:float64""},unknown:""ignore"",values:null,sparse:true,threshold:0.0,criterion:""friedman_mse"",init:null,rate:06645643587114752,loss:""deviance"",depth:2,features:4819063937667122,nodes:null,decrease:619513857338485,split:null,leaf:19,split:18,leaf:0990643133387279,estimators:69,change:458,presort:""auto"",state:29397,subsample:32823955244028746,tol:00017525755667670674,fraction:1959682182654332,verbose:0,start:false"
"9981292","sklearn.pipeline.Pipeline(columntransformer=sklearn.compose._column_transformer.ColumnTransformer(numeric=sklearn.pipeline.Pipeline(imputer=sklearn.preprocessing.imputation.Imputer,standardscaler=sklearn.preprocessing.data.StandardScaler),nominal=sklearn.pipeline.Pipeline(simpleimputer=sklearn.impute.SimpleImputer,onehotencoder=sklearn.preprocessing._encoders.OneHotEncoder)),variancethreshold=sklearn.feature_selection.variance_threshold.VarianceThreshold,gradientboostingclassifier=sklearn.ensemble.gradient_boosting.GradientBoostingClassifier)(3)","0.5224","memory:null,jobs:null,remainder:""passthrough"",threshold:0.3,weights:null,memory:null,axis:0,copy:true,values:""NaN"",strategy:""median"",verbose:0,copy:true,mean:true,std:true,memory:null,copy:true,value:-1,values:NaN,strategy:""constant"",verbose:0,features:null,categories:null,dtype:float64""},unknown:""ignore"",values:null,sparse:true,threshold:0.0,criterion:""friedman_mse"",init:null,rate:040413792024936036,loss:""deviance"",depth:4,features:7679343974960031,nodes:null,decrease:9033066806135354,split:null,leaf:8,split:15,leaf:1140839623121197,estimators:71,change:914,presort:""auto"",state:63527,subsample:9437430397512376,tol:06979183135641145,fraction:0034133580535200547,verbose:0,start:false"
"8817381","sklearn.pipeline.Pipeline(imputation=openmlstudy14.preprocessing.ConditionalImputer,hotencoding=sklearn.preprocessing.data.OneHotEncoder,scaling=sklearn.preprocessing.data.StandardScaler,variencethreshold=sklearn.feature_selection.variance_threshold.VarianceThreshold,classifier=sklearn.svm.classes.SVC)(1)","0.5222","axis:0,features:[],copy:true,empty:0,values:""NaN"",strategy:""most_frequent"",nominal:""most_frequent"",verbose:0,features:[],dtype:float64""},unknown:""ignore"",values:""auto"",sparse:true,threshold:0.0,copy:true,mean:false,std:true,C:6077001131146884,size:200,weight:null,coef0:6407468315733977,shape:null,degree:5,gamma:6540620309694142,kernel:""rbf"",iter:-1,probability:true,state:84,shrinking:false,tol:52830515892893e-05,verbose:false"
"6048511","sklearn.pipeline.Pipeline(imputation=openmlstudy14.preprocessing.ConditionalImputer,hotencoding=sklearn.preprocessing.data.OneHotEncoder,variencethreshold=sklearn.feature_selection.variance_threshold.VarianceThreshold,classifier=sklearn.svm.classes.SVC)(1)","0.5222","axis:0,features:[],copy:true,empty:0,values:""NaN"",strategy:""mean"",nominal:""most_frequent"",verbose:0,features:[],dtype:float64""},unknown:""ignore"",values:""auto"",sparse:true,threshold:0.0,C:0191740414957,size:200,weight:null,coef0:786248387909428,shape:null,degree:4,gamma:7691165622597405,kernel:""poly"",iter:-1,probability:true,state:38148,shrinking:true,tol:001909408383702876,verbose:false"
"8987318","sklearn.pipeline.Pipeline(imputation=openmlstudy14.preprocessing.ConditionalImputer,hotencoding=sklearn.preprocessing.data.OneHotEncoder,scaling=sklearn.preprocessing.data.StandardScaler,variencethreshold=sklearn.feature_selection.variance_threshold.VarianceThreshold,classifier=sklearn.svm.classes.SVC)(2)","0.522","axis:0,features:[],copy:true,empty:0,values:""NaN"",strategy:""median"",nominal:""most_frequent"",verbose:0,features:[],dtype:float64""},unknown:""ignore"",values:""auto"",sparse:true,threshold:0.0,C:95512560441136,size:200,weight:null,coef0:7642249125320943,shape:null,degree:5,gamma:0012984195644216159,kernel:""poly"",iter:-1,probability:true,state:34477,shrinking:true,tol:028734322652712e-05,verbose:false,copy:true,mean:false,std:true"
"8843143","sklearn.pipeline.Pipeline(imputation=openmlstudy14.preprocessing.ConditionalImputer,hotencoding=sklearn.preprocessing.data.OneHotEncoder,scaling=sklearn.preprocessing.data.StandardScaler,variencethreshold=sklearn.feature_selection.variance_threshold.VarianceThreshold,classifier=sklearn.svm.classes.SVC)(1)","0.522","axis:0,features:[],copy:true,empty:0,values:""NaN"",strategy:""most_frequent"",nominal:""most_frequent"",verbose:0,features:[],dtype:float64""},unknown:""ignore"",values:""auto"",sparse:true,threshold:0.0,copy:true,mean:false,std:true,C:92019379306413,size:200,weight:null,coef0:007476532657576085,shape:null,degree:3,gamma:3723296708875865,kernel:""rbf"",iter:-1,probability:true,state:55370,shrinking:false,tol:086368985670853e-05,verbose:false"
"8839358","sklearn.pipeline.Pipeline(imputation=openmlstudy14.preprocessing.ConditionalImputer,hotencoding=sklearn.preprocessing.data.OneHotEncoder,scaling=sklearn.preprocessing.data.StandardScaler,variencethreshold=sklearn.feature_selection.variance_threshold.VarianceThreshold,classifier=sklearn.svm.classes.SVC)(1)","0.5218","axis:0,features:[],copy:true,empty:0,values:""NaN"",strategy:""median"",nominal:""most_frequent"",verbose:0,features:[],dtype:float64""},unknown:""ignore"",values:""auto"",sparse:true,threshold:0.0,copy:true,mean:false,std:true,C:5367911969424,size:200,weight:null,coef0:5857117897907285,shape:null,degree:5,gamma:0013482078131206608,kernel:""rbf"",iter:-1,probability:true,state:64850,shrinking:false,tol:0007536024078096764,verbose:false"
"8858373","sklearn.pipeline.Pipeline(imputation=openmlstudy14.preprocessing.ConditionalImputer,hotencoding=sklearn.preprocessing.data.OneHotEncoder,variencethreshold=sklearn.feature_selection.variance_threshold.VarianceThreshold,classifier=sklearn.tree.tree.DecisionTreeClassifier)(4)","0.5215","axis:0,features:[],copy:true,empty:0,values:""NaN"",strategy:""median"",nominal:""most_frequent"",verbose:0,features:[],dtype:float64""},unknown:""ignore"",values:""auto"",sparse:true,threshold:0.0,weight:null,criterion:""gini"",depth:null,features:null,nodes:null,split:1e-07,leaf:1,split:2,leaf:0.0,presort:false,state:1,splitter:""best"""
"9945510","sklearn.pipeline.Pipeline(columntransformer=sklearn.compose._column_transformer.ColumnTransformer(numeric=sklearn.pipeline.Pipeline(imputer=sklearn.preprocessing.imputation.Imputer,standardscaler=sklearn.preprocessing.data.StandardScaler),nominal=sklearn.pipeline.Pipeline(simpleimputer=sklearn.impute.SimpleImputer,onehotencoder=sklearn.preprocessing._encoders.OneHotEncoder)),variancethreshold=sklearn.feature_selection.variance_threshold.VarianceThreshold,gradientboostingclassifier=sklearn.ensemble.gradient_boosting.GradientBoostingClassifier)(3)","0.5214","memory:null,jobs:null,remainder:""passthrough"",threshold:0.3,weights:null,memory:null,axis:0,copy:true,values:""NaN"",strategy:""most_frequent"",verbose:0,copy:true,mean:true,std:true,memory:null,copy:true,value:-1,values:NaN,strategy:""constant"",verbose:0,features:null,categories:null,dtype:float64""},unknown:""ignore"",values:null,sparse:true,threshold:0.0,criterion:""friedman_mse"",init:null,rate:3015351753261317,loss:""deviance"",depth:2,features:7428681576615764,nodes:null,decrease:8522626973338256,split:null,leaf:15,split:7,leaf:28510224937745554,estimators:485,change:360,presort:""auto"",state:31212,subsample:8421910805317382,tol:5449731383930762e-05,fraction:2488981863424522,verbose:0,start:false"
"568735","weka.REPTree(15)","0.5213","M:2,V:0.001,N:3,S:1,L:-1,I:0.0"
"1657573","weka.REPTree(15)","0.5213","M:2,V:0.001,N:3,S:1,L:-1,I:0.0"
"8821035","sklearn.pipeline.Pipeline(imputation=openmlstudy14.preprocessing.ConditionalImputer,hotencoding=sklearn.preprocessing.data.OneHotEncoder,scaling=sklearn.preprocessing.data.StandardScaler,variencethreshold=sklearn.feature_selection.variance_threshold.VarianceThreshold,classifier=sklearn.svm.classes.SVC)(1)","0.5211","axis:0,features:[],copy:true,empty:0,values:""NaN"",strategy:""mean"",nominal:""most_frequent"",verbose:0,features:[],dtype:float64""},unknown:""ignore"",values:""auto"",sparse:true,threshold:0.0,copy:true,mean:false,std:true,C:375540181177179,size:200,weight:null,coef0:38929865775597405,shape:null,degree:2,gamma:691933087396595,kernel:""rbf"",iter:-1,probability:true,state:4664,shrinking:true,tol:005171704523209693,verbose:false"
"9952665","sklearn.pipeline.Pipeline(columntransformer=sklearn.compose._column_transformer.ColumnTransformer(numeric=sklearn.pipeline.Pipeline(imputer=sklearn.preprocessing.imputation.Imputer,standardscaler=sklearn.preprocessing.data.StandardScaler),nominal=sklearn.pipeline.Pipeline(simpleimputer=sklearn.impute.SimpleImputer,onehotencoder=sklearn.preprocessing._encoders.OneHotEncoder)),variancethreshold=sklearn.feature_selection.variance_threshold.VarianceThreshold,gradientboostingclassifier=sklearn.ensemble.gradient_boosting.GradientBoostingClassifier)(3)","0.521","memory:null,jobs:null,remainder:""passthrough"",threshold:0.3,weights:null,memory:null,axis:0,copy:true,values:""NaN"",strategy:""median"",verbose:0,copy:true,mean:true,std:true,memory:null,copy:true,value:-1,values:NaN,strategy:""constant"",verbose:0,features:null,categories:null,dtype:float64""},unknown:""ignore"",values:null,sparse:true,threshold:0.0,criterion:""friedman_mse"",init:null,rate:01756992466059804,loss:""deviance"",depth:8,features:12170928735004183,nodes:null,decrease:9630538044734266,split:null,leaf:19,split:9,leaf:11604154475448264,estimators:463,change:524,presort:""auto"",state:27356,subsample:3499212110873515,tol:0037277018590493815,fraction:03859320526839727,verbose:0,start:false"
"9908888","sklearn.pipeline.Pipeline(columntransformer=sklearn.compose._column_transformer.ColumnTransformer(numeric=sklearn.pipeline.Pipeline(imputer=sklearn.preprocessing.imputation.Imputer,standardscaler=sklearn.preprocessing.data.StandardScaler),nominal=sklearn.pipeline.Pipeline(simpleimputer=sklearn.impute.SimpleImputer,onehotencoder=sklearn.preprocessing._encoders.OneHotEncoder)),variancethreshold=sklearn.feature_selection.variance_threshold.VarianceThreshold,gradientboostingclassifier=sklearn.ensemble.gradient_boosting.GradientBoostingClassifier)(1)","0.5209","memory:null,jobs:null,remainder:""passthrough"",threshold:0.3,weights:null,memory:null,axis:0,copy:true,values:""NaN"",strategy:""mean"",verbose:0,copy:true,mean:true,std:true,memory:null,copy:true,value:-1,values:NaN,strategy:""constant"",verbose:0,features:null,categories:null,dtype:float64""},unknown:""ignore"",values:null,sparse:true,threshold:0.0,criterion:""friedman_mse"",init:null,rate:3530615837481397,loss:""deviance"",depth:2,features:5291965227363244,nodes:null,decrease:5443113409358572,split:null,leaf:1,split:8,leaf:22677800935872383,estimators:282,change:280,presort:""auto"",state:17971,subsample:4604639865024339,tol:011857629276704576,fraction:6294775682869811,verbose:0,start:false"
"9202203","sklearn.pipeline.Pipeline(imputation=openmlstudy14.preprocessing.ConditionalImputer,hotencoding=sklearn.preprocessing.data.OneHotEncoder,scaling=sklearn.preprocessing.data.StandardScaler,variencethreshold=sklearn.feature_selection.variance_threshold.VarianceThreshold,classifier=sklearn.svm.classes.SVC)(2)","0.5207","axis:0,features:[],copy:true,empty:0,values:""NaN"",strategy:""median"",nominal:""most_frequent"",verbose:0,features:[],dtype:float64""},unknown:""ignore"",values:""auto"",sparse:true,threshold:0.0,C:0079542555386,size:200,weight:null,coef0:7282530704660717,shape:null,degree:4,gamma:0004378725201704896,kernel:""rbf"",iter:-1,probability:true,state:41220,shrinking:false,tol:024947694031586e-05,verbose:false,copy:true,mean:false,std:true"
"8710398","sklearn.pipeline.Pipeline(imputation=openmlstudy14.preprocessing.ConditionalImputer,hotencoding=sklearn.preprocessing.data.OneHotEncoder,scaling=sklearn.preprocessing.data.StandardScaler,variencethreshold=sklearn.feature_selection.variance_threshold.VarianceThreshold,classifier=sklearn.svm.classes.SVC)(1)","0.5204","axis:0,features:[],copy:true,empty:0,values:""NaN"",strategy:""most_frequent"",nominal:""most_frequent"",verbose:0,features:[],dtype:float64""},unknown:""ignore"",values:""auto"",sparse:true,threshold:0.0,copy:true,mean:false,std:true,C:1574330273647,size:200,weight:null,coef0:9571932027974468,shape:null,degree:4,gamma:589922453265692,kernel:""rbf"",iter:-1,probability:true,state:43345,shrinking:true,tol:005654530792751878,verbose:false"
"8819152","sklearn.pipeline.Pipeline(imputation=openmlstudy14.preprocessing.ConditionalImputer,hotencoding=sklearn.preprocessing.data.OneHotEncoder,scaling=sklearn.preprocessing.data.StandardScaler,variencethreshold=sklearn.feature_selection.variance_threshold.VarianceThreshold,classifier=sklearn.svm.classes.SVC)(1)","0.5202","axis:0,features:[],copy:true,empty:0,values:""NaN"",strategy:""median"",nominal:""most_frequent"",verbose:0,features:[],dtype:float64""},unknown:""ignore"",values:""auto"",sparse:true,threshold:0.0,copy:true,mean:false,std:true,C:35223805582571,size:200,weight:null,coef0:8762234555863735,shape:null,degree:3,gamma:729722130342868,kernel:""rbf"",iter:-1,probability:true,state:63951,shrinking:false,tol:00038055285847393087,verbose:false"
"9976363","sklearn.pipeline.Pipeline(columntransformer=sklearn.compose._column_transformer.ColumnTransformer(numeric=sklearn.pipeline.Pipeline(imputer=sklearn.preprocessing.imputation.Imputer,standardscaler=sklearn.preprocessing.data.StandardScaler),nominal=sklearn.pipeline.Pipeline(simpleimputer=sklearn.impute.SimpleImputer,onehotencoder=sklearn.preprocessing._encoders.OneHotEncoder)),variancethreshold=sklearn.feature_selection.variance_threshold.VarianceThreshold,gradientboostingclassifier=sklearn.ensemble.gradient_boosting.GradientBoostingClassifier)(3)","0.52","memory:null,jobs:null,remainder:""passthrough"",threshold:0.3,weights:null,memory:null,axis:0,copy:true,values:""NaN"",strategy:""mean"",verbose:0,copy:true,mean:true,std:true,memory:null,copy:true,value:-1,values:NaN,strategy:""constant"",verbose:0,features:null,categories:null,dtype:float64""},unknown:""ignore"",values:null,sparse:true,threshold:0.0,criterion:""friedman_mse"",init:null,rate:07912365896549559,loss:""deviance"",depth:6,features:7945478246643755,nodes:null,decrease:23919869873669675,split:null,leaf:4,split:12,leaf:22778904097035796,estimators:123,change:413,presort:""auto"",state:7284,subsample:14906754862994243,tol:0009934386862719541,fraction:4385120027458428,verbose:0,start:false"
"8984274","sklearn.pipeline.Pipeline(imputation=openmlstudy14.preprocessing.ConditionalImputer,hotencoding=sklearn.preprocessing.data.OneHotEncoder,scaling=sklearn.preprocessing.data.StandardScaler,variencethreshold=sklearn.feature_selection.variance_threshold.VarianceThreshold,classifier=sklearn.svm.classes.SVC)(2)","0.5199","axis:0,features:[],copy:true,empty:0,values:""NaN"",strategy:""median"",nominal:""most_frequent"",verbose:0,features:[],dtype:float64""},unknown:""ignore"",values:""auto"",sparse:true,threshold:0.0,C:9395047057993478,size:200,weight:null,coef0:3773574015441723,shape:null,degree:3,gamma:008506263453719343,kernel:""poly"",iter:-1,probability:true,state:32004,shrinking:false,tol:725241632370969e-05,verbose:false,copy:true,mean:false,std:true"
"9942679","sklearn.pipeline.Pipeline(columntransformer=sklearn.compose._column_transformer.ColumnTransformer(numeric=sklearn.pipeline.Pipeline(imputer=sklearn.preprocessing.imputation.Imputer,standardscaler=sklearn.preprocessing.data.StandardScaler),nominal=sklearn.pipeline.Pipeline(simpleimputer=sklearn.impute.SimpleImputer,onehotencoder=sklearn.preprocessing._encoders.OneHotEncoder)),variancethreshold=sklearn.feature_selection.variance_threshold.VarianceThreshold,gradientboostingclassifier=sklearn.ensemble.gradient_boosting.GradientBoostingClassifier)(3)","0.5196","memory:null,jobs:null,remainder:""passthrough"",threshold:0.3,weights:null,memory:null,axis:0,copy:true,values:""NaN"",strategy:""median"",verbose:0,copy:true,mean:true,std:true,memory:null,copy:true,value:-1,values:NaN,strategy:""constant"",verbose:0,features:null,categories:null,dtype:float64""},unknown:""ignore"",values:null,sparse:true,threshold:0.0,criterion:""friedman_mse"",init:null,rate:0881170456825805,loss:""deviance"",depth:1,features:4165562280356887,nodes:null,decrease:0008459526896693603,split:null,leaf:17,split:9,leaf:018162431918021082,estimators:160,change:869,presort:""auto"",state:63607,subsample:6445215540216056,tol:0982761540004596e-05,fraction:19613483012089117,verbose:0,start:false"
"9949234","sklearn.pipeline.Pipeline(columntransformer=sklearn.compose._column_transformer.ColumnTransformer(numeric=sklearn.pipeline.Pipeline(imputer=sklearn.preprocessing.imputation.Imputer,standardscaler=sklearn.preprocessing.data.StandardScaler),nominal=sklearn.pipeline.Pipeline(simpleimputer=sklearn.impute.SimpleImputer,onehotencoder=sklearn.preprocessing._encoders.OneHotEncoder)),variancethreshold=sklearn.feature_selection.variance_threshold.VarianceThreshold,gradientboostingclassifier=sklearn.ensemble.gradient_boosting.GradientBoostingClassifier)(3)","0.5196","memory:null,jobs:null,remainder:""passthrough"",threshold:0.3,weights:null,memory:null,axis:0,copy:true,values:""NaN"",strategy:""most_frequent"",verbose:0,copy:true,mean:true,std:true,memory:null,copy:true,value:-1,values:NaN,strategy:""constant"",verbose:0,features:null,categories:null,dtype:float64""},unknown:""ignore"",values:null,sparse:true,threshold:0.0,criterion:""friedman_mse"",init:null,rate:3143422709344313,loss:""deviance"",depth:1,features:43805509299318224,nodes:null,decrease:7712674465269634,split:null,leaf:4,split:17,leaf:08623266501286414,estimators:86,change:680,presort:""auto"",state:15075,subsample:4075679288011368,tol:004392297283359606,fraction:1754196822393651,verbose:0,start:false"
"8988587","sklearn.pipeline.Pipeline(imputation=openmlstudy14.preprocessing.ConditionalImputer,hotencoding=sklearn.preprocessing.data.OneHotEncoder,scaling=sklearn.preprocessing.data.StandardScaler,variencethreshold=sklearn.feature_selection.variance_threshold.VarianceThreshold,classifier=sklearn.svm.classes.SVC)(2)","0.5196","axis:0,features:[],copy:true,empty:0,values:""NaN"",strategy:""most_frequent"",nominal:""most_frequent"",verbose:0,features:[],dtype:float64""},unknown:""ignore"",values:""auto"",sparse:true,threshold:0.0,C:5327642426715841,size:200,weight:null,coef0:15346849188107647,shape:null,degree:2,gamma:5104507962558391,kernel:""rbf"",iter:-1,probability:true,state:60563,shrinking:true,tol:045895207008355456,verbose:false,copy:true,mean:false,std:true"
"8822096","sklearn.pipeline.Pipeline(imputation=openmlstudy14.preprocessing.ConditionalImputer,hotencoding=sklearn.preprocessing.data.OneHotEncoder,scaling=sklearn.preprocessing.data.StandardScaler,variencethreshold=sklearn.feature_selection.variance_threshold.VarianceThreshold,classifier=sklearn.svm.classes.SVC)(1)","0.5196","axis:0,features:[],copy:true,empty:0,values:""NaN"",strategy:""mean"",nominal:""most_frequent"",verbose:0,features:[],dtype:float64""},unknown:""ignore"",values:""auto"",sparse:true,threshold:0.0,copy:true,mean:false,std:true,C:86855273613,size:200,weight:null,coef0:5266456161767943,shape:null,degree:5,gamma:0001725282583526905,kernel:""rbf"",iter:-1,probability:true,state:35950,shrinking:true,tol:08338124827471324,verbose:false"
"8841236","sklearn.pipeline.Pipeline(imputation=openmlstudy14.preprocessing.ConditionalImputer,hotencoding=sklearn.preprocessing.data.OneHotEncoder,scaling=sklearn.preprocessing.data.StandardScaler,variencethreshold=sklearn.feature_selection.variance_threshold.VarianceThreshold,classifier=sklearn.svm.classes.SVC)(1)","0.5196","axis:0,features:[],copy:true,empty:0,values:""NaN"",strategy:""mean"",nominal:""most_frequent"",verbose:0,features:[],dtype:float64""},unknown:""ignore"",values:""auto"",sparse:true,threshold:0.0,copy:true,mean:false,std:true,C:005119496238,size:200,weight:null,coef0:2825420050860421,shape:null,degree:5,gamma:00010264912905905852,kernel:""rbf"",iter:-1,probability:true,state:3524,shrinking:false,tol:786795486114537e-05,verbose:false"
"8821391","sklearn.pipeline.Pipeline(imputation=openmlstudy14.preprocessing.ConditionalImputer,hotencoding=sklearn.preprocessing.data.OneHotEncoder,scaling=sklearn.preprocessing.data.StandardScaler,variencethreshold=sklearn.feature_selection.variance_threshold.VarianceThreshold,classifier=sklearn.svm.classes.SVC)(1)","0.5196","axis:0,features:[],copy:true,empty:0,values:""NaN"",strategy:""mean"",nominal:""most_frequent"",verbose:0,features:[],dtype:float64""},unknown:""ignore"",values:""auto"",sparse:true,threshold:0.0,copy:true,mean:false,std:true,C:2275690933282,size:200,weight:null,coef0:9380529272135283,shape:null,degree:3,gamma:0005556300091760664,kernel:""rbf"",iter:-1,probability:true,state:15239,shrinking:false,tol:989235269269292e-05,verbose:false"
"8839649","sklearn.pipeline.Pipeline(imputation=openmlstudy14.preprocessing.ConditionalImputer,hotencoding=sklearn.preprocessing.data.OneHotEncoder,scaling=sklearn.preprocessing.data.StandardScaler,variencethreshold=sklearn.feature_selection.variance_threshold.VarianceThreshold,classifier=sklearn.svm.classes.SVC)(1)","0.5195","axis:0,features:[],copy:true,empty:0,values:""NaN"",strategy:""median"",nominal:""most_frequent"",verbose:0,features:[],dtype:float64""},unknown:""ignore"",values:""auto"",sparse:true,threshold:0.0,copy:true,mean:false,std:true,C:8983576385247656,size:200,weight:null,coef0:8148375600375739,shape:null,degree:5,gamma:008073505270288954,kernel:""rbf"",iter:-1,probability:true,state:10097,shrinking:false,tol:008643808725510025,verbose:false"
"1688182","weka.J48(33)","0.5195","C:0.25,M:48"
"8849276","sklearn.pipeline.Pipeline(imputation=openmlstudy14.preprocessing.ConditionalImputer,hotencoding=sklearn.preprocessing.data.OneHotEncoder,scaling=sklearn.preprocessing.data.StandardScaler,variencethreshold=sklearn.feature_selection.variance_threshold.VarianceThreshold,classifier=sklearn.svm.classes.SVC)(1)","0.5194","axis:0,features:[],copy:true,empty:0,values:""NaN"",strategy:""mean"",nominal:""most_frequent"",verbose:0,features:[],dtype:float64""},unknown:""ignore"",values:""auto"",sparse:true,threshold:0.0,copy:true,mean:false,std:true,C:936150452235182,size:200,weight:null,coef0:9121217278351907,shape:null,degree:5,gamma:001171725374338903,kernel:""poly"",iter:-1,probability:true,state:24970,shrinking:true,tol:05136376631375373,verbose:false"
"1688024","weka.J48(33)","0.5192","C:0.25,M:32"
"9984550","sklearn.pipeline.Pipeline(columntransformer=sklearn.compose._column_transformer.ColumnTransformer(numeric=sklearn.pipeline.Pipeline(imputer=sklearn.preprocessing.imputation.Imputer,standardscaler=sklearn.preprocessing.data.StandardScaler),nominal=sklearn.pipeline.Pipeline(simpleimputer=sklearn.impute.SimpleImputer,onehotencoder=sklearn.preprocessing._encoders.OneHotEncoder)),variancethreshold=sklearn.feature_selection.variance_threshold.VarianceThreshold,gradientboostingclassifier=sklearn.ensemble.gradient_boosting.GradientBoostingClassifier)(3)","0.5191","memory:null,jobs:null,remainder:""passthrough"",threshold:0.3,weights:null,memory:null,axis:0,copy:true,values:""NaN"",strategy:""most_frequent"",verbose:0,copy:true,mean:true,std:true,memory:null,copy:true,value:-1,values:NaN,strategy:""constant"",verbose:0,features:null,categories:null,dtype:float64""},unknown:""ignore"",values:null,sparse:true,threshold:0.0,criterion:""friedman_mse"",init:null,rate:03239932615568488,loss:""deviance"",depth:7,features:7850776516513037,nodes:null,decrease:30873904687704334,split:null,leaf:19,split:2,leaf:14708263257968757,estimators:87,change:655,presort:""auto"",state:31721,subsample:2568525905354839,tol:05197248209444971,fraction:7166290312540996,verbose:0,start:false"
"9929094","sklearn.pipeline.Pipeline(columntransformer=sklearn.compose._column_transformer.ColumnTransformer(numeric=sklearn.pipeline.Pipeline(imputer=sklearn.preprocessing.imputation.Imputer,standardscaler=sklearn.preprocessing.data.StandardScaler),nominal=sklearn.pipeline.Pipeline(simpleimputer=sklearn.impute.SimpleImputer,onehotencoder=sklearn.preprocessing._encoders.OneHotEncoder)),variancethreshold=sklearn.feature_selection.variance_threshold.VarianceThreshold,gradientboostingclassifier=sklearn.ensemble.gradient_boosting.GradientBoostingClassifier)(3)","0.5191","memory:null,jobs:null,remainder:""passthrough"",threshold:0.3,weights:null,memory:null,axis:0,copy:true,values:""NaN"",strategy:""most_frequent"",verbose:0,copy:true,mean:true,std:true,memory:null,copy:true,value:-1,values:NaN,strategy:""constant"",verbose:0,features:null,categories:null,dtype:float64""},unknown:""ignore"",values:null,sparse:true,threshold:0.0,criterion:""friedman_mse"",init:null,rate:8455589281145793,loss:""deviance"",depth:10,features:5688735482433852,nodes:null,decrease:48448231084619586,split:null,leaf:3,split:6,leaf:1243627610102972,estimators:355,change:362,presort:""auto"",state:3360,subsample:32365926025764624,tol:003995295619160332,fraction:05652626164838337,verbose:0,start:false"
"9926271","sklearn.pipeline.Pipeline(columntransformer=sklearn.compose._column_transformer.ColumnTransformer(numeric=sklearn.pipeline.Pipeline(imputer=sklearn.preprocessing.imputation.Imputer,standardscaler=sklearn.preprocessing.data.StandardScaler),nominal=sklearn.pipeline.Pipeline(simpleimputer=sklearn.impute.SimpleImputer,onehotencoder=sklearn.preprocessing._encoders.OneHotEncoder)),variancethreshold=sklearn.feature_selection.variance_threshold.VarianceThreshold,gradientboostingclassifier=sklearn.ensemble.gradient_boosting.GradientBoostingClassifier)(3)","0.5189","memory:null,jobs:null,remainder:""passthrough"",threshold:0.3,weights:null,memory:null,axis:0,copy:true,values:""NaN"",strategy:""most_frequent"",verbose:0,copy:true,mean:true,std:true,memory:null,copy:true,value:-1,values:NaN,strategy:""constant"",verbose:0,features:null,categories:null,dtype:float64""},unknown:""ignore"",values:null,sparse:true,threshold:0.0,criterion:""friedman_mse"",init:null,rate:05355411762264429,loss:""deviance"",depth:2,features:9455661095423618,nodes:null,decrease:16058763432932321,split:null,leaf:8,split:17,leaf:22090053218708405,estimators:117,change:766,presort:""auto"",state:16859,subsample:2825811308194862,tol:0007830346984111333,fraction:2606136683867316,verbose:0,start:false"
"9875908","sklearn.pipeline.Pipeline(columntransformer=sklearn.compose._column_transformer.ColumnTransformer(numeric=sklearn.pipeline.Pipeline(imputer=sklearn.preprocessing.imputation.Imputer,standardscaler=sklearn.preprocessing.data.StandardScaler),nominal=sklearn.pipeline.Pipeline(simpleimputer=sklearn.impute.SimpleImputer,onehotencoder=sklearn.preprocessing._encoders.OneHotEncoder)),variancethreshold=sklearn.feature_selection.variance_threshold.VarianceThreshold,gradientboostingclassifier=sklearn.ensemble.gradient_boosting.GradientBoostingClassifier)(2)","0.5189","axis:0,copy:true,values:""NaN"",strategy:""median"",verbose:0,copy:true,mean:true,std:true,memory:null,copy:true,value:-1,values:NaN,strategy:""constant"",verbose:0,features:null,categories:null,dtype:float64""},unknown:""ignore"",values:null,sparse:true,criterion:""friedman_mse"",init:null,rate:06709084067746963,loss:""deviance"",depth:2,features:08375966977068594,nodes:null,decrease:8986466902036423,split:null,leaf:19,split:17,leaf:02842401765599467,estimators:239,change:155,presort:""auto"",state:55887,subsample:1161076696470249,tol:006184488887460322,fraction:12014959887327215,verbose:0,start:false,jobs:null,remainder:""passthrough"",threshold:0.3,weights:null,memory:null,threshold:0.0,memory:null"
"9937557","sklearn.pipeline.Pipeline(columntransformer=sklearn.compose._column_transformer.ColumnTransformer(numeric=sklearn.pipeline.Pipeline(imputer=sklearn.preprocessing.imputation.Imputer,standardscaler=sklearn.preprocessing.data.StandardScaler),nominal=sklearn.pipeline.Pipeline(simpleimputer=sklearn.impute.SimpleImputer,onehotencoder=sklearn.preprocessing._encoders.OneHotEncoder)),variancethreshold=sklearn.feature_selection.variance_threshold.VarianceThreshold,gradientboostingclassifier=sklearn.ensemble.gradient_boosting.GradientBoostingClassifier)(3)","0.5187","memory:null,jobs:null,remainder:""passthrough"",threshold:0.3,weights:null,memory:null,axis:0,copy:true,values:""NaN"",strategy:""median"",verbose:0,copy:true,mean:true,std:true,memory:null,copy:true,value:-1,values:NaN,strategy:""constant"",verbose:0,features:null,categories:null,dtype:float64""},unknown:""ignore"",values:null,sparse:true,threshold:0.0,criterion:""friedman_mse"",init:null,rate:5603293925698193,loss:""deviance"",depth:1,features:6609284533897891,nodes:null,decrease:043356227501573086,split:null,leaf:3,split:19,leaf:08522766357414496,estimators:511,change:336,presort:""auto"",state:16824,subsample:7493830849147114,tol:011582144346494476,fraction:03714050145031733,verbose:0,start:false"
"8967611","sklearn.pipeline.Pipeline(imputation=openmlstudy14.preprocessing.ConditionalImputer,hotencoding=sklearn.preprocessing.data.OneHotEncoder,scaling=sklearn.preprocessing.data.StandardScaler,variencethreshold=sklearn.feature_selection.variance_threshold.VarianceThreshold,classifier=sklearn.svm.classes.SVC)(2)","0.5187","axis:0,features:[],copy:true,empty:0,values:""NaN"",strategy:""mean"",nominal:""most_frequent"",verbose:0,features:[],dtype:float64""},unknown:""ignore"",values:""auto"",sparse:true,threshold:0.0,C:26699656207279,size:200,weight:null,coef0:2541303413424645,shape:null,degree:4,gamma:003984682346073442,kernel:""poly"",iter:-1,probability:true,state:36201,shrinking:true,tol:00041982850190086003,verbose:false,copy:true,mean:false,std:true"
"8818686","sklearn.pipeline.Pipeline(imputation=openmlstudy14.preprocessing.ConditionalImputer,hotencoding=sklearn.preprocessing.data.OneHotEncoder,scaling=sklearn.preprocessing.data.StandardScaler,variencethreshold=sklearn.feature_selection.variance_threshold.VarianceThreshold,classifier=sklearn.svm.classes.SVC)(1)","0.5186","axis:0,features:[],copy:true,empty:0,values:""NaN"",strategy:""most_frequent"",nominal:""most_frequent"",verbose:0,features:[],dtype:float64""},unknown:""ignore"",values:""auto"",sparse:true,threshold:0.0,copy:true,mean:false,std:true,C:87600304906,size:200,weight:null,coef0:0469934801326779,shape:null,degree:4,gamma:79567810441523e-05,kernel:""rbf"",iter:-1,probability:true,state:13483,shrinking:false,tol:0007284606052517144,verbose:false"
"8983103","sklearn.pipeline.Pipeline(imputation=openmlstudy14.preprocessing.ConditionalImputer,hotencoding=sklearn.preprocessing.data.OneHotEncoder,scaling=sklearn.preprocessing.data.StandardScaler,variencethreshold=sklearn.feature_selection.variance_threshold.VarianceThreshold,classifier=sklearn.svm.classes.SVC)(2)","0.5181","axis:0,features:[],copy:true,empty:0,values:""NaN"",strategy:""mean"",nominal:""most_frequent"",verbose:0,features:[],dtype:float64""},unknown:""ignore"",values:""auto"",sparse:true,threshold:0.0,C:64549427296,size:200,weight:null,coef0:6421420720110083,shape:null,degree:2,gamma:07052054670634163,kernel:""rbf"",iter:-1,probability:true,state:30601,shrinking:false,tol:822274443495926e-05,verbose:false,copy:true,mean:false,std:true"
"8730666","sklearn.pipeline.Pipeline(imputation=openmlstudy14.preprocessing.ConditionalImputer,hotencoding=sklearn.preprocessing.data.OneHotEncoder,scaling=sklearn.preprocessing.data.StandardScaler,variencethreshold=sklearn.feature_selection.variance_threshold.VarianceThreshold,classifier=sklearn.svm.classes.SVC)(1)","0.5181","axis:0,features:[],copy:true,empty:0,values:""NaN"",strategy:""most_frequent"",nominal:""most_frequent"",verbose:0,features:[],dtype:float64""},unknown:""ignore"",values:""auto"",sparse:true,threshold:0.0,copy:true,mean:false,std:true,C:18748395278522367,size:200,weight:null,coef0:9405548087241438,shape:null,degree:2,gamma:25160341375743717,kernel:""poly"",iter:-1,probability:true,state:53765,shrinking:false,tol:06830882275084685,verbose:false"
"9999899","sklearn.pipeline.Pipeline(columntransformer=sklearn.compose._column_transformer.ColumnTransformer(numeric=sklearn.pipeline.Pipeline(imputer=sklearn.preprocessing.imputation.Imputer,standardscaler=sklearn.preprocessing.data.StandardScaler),nominal=sklearn.pipeline.Pipeline(simpleimputer=sklearn.impute.SimpleImputer,onehotencoder=sklearn.preprocessing._encoders.OneHotEncoder)),variancethreshold=sklearn.feature_selection.variance_threshold.VarianceThreshold,gradientboostingclassifier=sklearn.ensemble.gradient_boosting.GradientBoostingClassifier)(3)","0.5176","memory:null,jobs:null,remainder:""passthrough"",threshold:0.3,weights:null,memory:null,axis:0,copy:true,values:""NaN"",strategy:""mean"",verbose:0,copy:true,mean:true,std:true,memory:null,copy:true,value:-1,values:NaN,strategy:""constant"",verbose:0,features:null,categories:null,dtype:float64""},unknown:""ignore"",values:null,sparse:true,threshold:0.0,criterion:""friedman_mse"",init:null,rate:05482338285171068,loss:""deviance"",depth:7,features:8937721092052446,nodes:null,decrease:13311857111876024,split:null,leaf:10,split:3,leaf:3074802424281173,estimators:304,change:218,presort:""auto"",state:25361,subsample:49905215509599243,tol:00012172215160782697,fraction:5317820026399568,verbose:0,start:false"
"9201567","sklearn.model_selection._search.RandomizedSearchCV(estimator=sklearn.pipeline.Pipeline(imputation=mylib.preprocessing_openml14.ConditionalImputer,one-hot-encoder=sklearn.preprocessing.data.OneHotEncoder,variance-thresholding=sklearn.feature_selection.variance_threshold.VarianceThreshold,feature-scaling=sklearn.preprocessing.data.StandardScaler,classifier=sklearn.tree.tree.DecisionTreeClassifier))(1)","0.5175","axis:0,features:[],copy:true,empty:0,values:""NaN"",strategy:""median"",nominal:""most_frequent"",verbose:0,features:[],dtype:float64""},unknown:""ignore"",values:""auto"",sparse:true,threshold:0.0,copy:true,mean:false,std:true,weight:null,criterion:""gini"",depth:null,features:null,nodes:null,decrease:0.0,split:null,leaf:1,split:2,leaf:0.0,presort:false,state:46133,splitter:""best"",cv:3,score:""raise"",params:null,iid:true,iter:250,jobs:-1,distributions:0], ""imputation__strategy"": [""mean"", ""median"", ""most_frequent""]},dispatch:""2*n_jobs"",state:1,refit:true,score:""warn"",scoring:null,verbose:0,memory:null"
"9916156","sklearn.pipeline.Pipeline(columntransformer=sklearn.compose._column_transformer.ColumnTransformer(numeric=sklearn.pipeline.Pipeline(imputer=sklearn.preprocessing.imputation.Imputer,standardscaler=sklearn.preprocessing.data.StandardScaler),nominal=sklearn.pipeline.Pipeline(simpleimputer=sklearn.impute.SimpleImputer,onehotencoder=sklearn.preprocessing._encoders.OneHotEncoder)),variancethreshold=sklearn.feature_selection.variance_threshold.VarianceThreshold,gradientboostingclassifier=sklearn.ensemble.gradient_boosting.GradientBoostingClassifier)(1)","0.5174","memory:null,jobs:null,remainder:""passthrough"",threshold:0.3,weights:null,memory:null,axis:0,copy:true,values:""NaN"",strategy:""most_frequent"",verbose:0,copy:true,mean:true,std:true,memory:null,copy:true,value:-1,values:NaN,strategy:""constant"",verbose:0,features:null,categories:null,dtype:float64""},unknown:""ignore"",values:null,sparse:true,threshold:0.0,criterion:""friedman_mse"",init:null,rate:07299838758395237,loss:""deviance"",depth:10,features:7315661893709783,nodes:null,decrease:05226417869476341,split:null,leaf:18,split:9,leaf:2740689055822683,estimators:147,change:102,presort:""auto"",state:44912,subsample:9082252105973905,tol:00035261859012326337,fraction:18057961963057823,verbose:0,start:false"
"9946782","sklearn.pipeline.Pipeline(columntransformer=sklearn.compose._column_transformer.ColumnTransformer(numeric=sklearn.pipeline.Pipeline(imputer=sklearn.preprocessing.imputation.Imputer,standardscaler=sklearn.preprocessing.data.StandardScaler),nominal=sklearn.pipeline.Pipeline(simpleimputer=sklearn.impute.SimpleImputer,onehotencoder=sklearn.preprocessing._encoders.OneHotEncoder)),variancethreshold=sklearn.feature_selection.variance_threshold.VarianceThreshold,gradientboostingclassifier=sklearn.ensemble.gradient_boosting.GradientBoostingClassifier)(3)","0.5172","memory:null,jobs:null,remainder:""passthrough"",threshold:0.3,weights:null,memory:null,axis:0,copy:true,values:""NaN"",strategy:""mean"",verbose:0,copy:true,mean:true,std:true,memory:null,copy:true,value:-1,values:NaN,strategy:""constant"",verbose:0,features:null,categories:null,dtype:float64""},unknown:""ignore"",values:null,sparse:true,threshold:0.0,criterion:""friedman_mse"",init:null,rate:18927308312719968,loss:""deviance"",depth:6,features:22803032183657457,nodes:null,decrease:7405142362159985,split:null,leaf:20,split:14,leaf:26705461545859943,estimators:355,change:772,presort:""auto"",state:35810,subsample:8529143333706293,tol:0010541126301258153,fraction:4981239613863433,verbose:0,start:false"
"9971424","sklearn.pipeline.Pipeline(columntransformer=sklearn.compose._column_transformer.ColumnTransformer(numeric=sklearn.pipeline.Pipeline(imputer=sklearn.preprocessing.imputation.Imputer,standardscaler=sklearn.preprocessing.data.StandardScaler),nominal=sklearn.pipeline.Pipeline(simpleimputer=sklearn.impute.SimpleImputer,onehotencoder=sklearn.preprocessing._encoders.OneHotEncoder)),variancethreshold=sklearn.feature_selection.variance_threshold.VarianceThreshold,gradientboostingclassifier=sklearn.ensemble.gradient_boosting.GradientBoostingClassifier)(3)","0.5172","memory:null,jobs:null,remainder:""passthrough"",threshold:0.3,weights:null,memory:null,axis:0,copy:true,values:""NaN"",strategy:""most_frequent"",verbose:0,copy:true,mean:true,std:true,memory:null,copy:true,value:-1,values:NaN,strategy:""constant"",verbose:0,features:null,categories:null,dtype:float64""},unknown:""ignore"",values:null,sparse:true,threshold:0.0,criterion:""friedman_mse"",init:null,rate:5318923616960083,loss:""deviance"",depth:1,features:03914419153154747,nodes:null,decrease:1707661722280146,split:null,leaf:16,split:13,leaf:07166714235177346,estimators:140,change:358,presort:""auto"",state:8474,subsample:5387811614448755,tol:0008713200373873216,fraction:29894733799689355,verbose:0,start:false"
"6042994","sklearn.pipeline.Pipeline(imputation=openmlstudy14.preprocessing.ConditionalImputer,hotencoding=sklearn.preprocessing.data.OneHotEncoder,variencethreshold=sklearn.feature_selection.variance_threshold.VarianceThreshold,classifier=sklearn.svm.classes.SVC)(1)","0.517","axis:0,features:[],copy:true,empty:0,values:""NaN"",strategy:""median"",nominal:""most_frequent"",verbose:0,features:[],dtype:float64""},unknown:""ignore"",values:""auto"",sparse:true,threshold:0.0,C:994847036896,size:200,weight:null,coef0:0.0,shape:null,degree:3,gamma:8999502219346764,kernel:""rbf"",iter:-1,probability:true,state:21418,shrinking:true,tol:5569421944943644e-05,verbose:false"
"8842830","sklearn.pipeline.Pipeline(imputation=openmlstudy14.preprocessing.ConditionalImputer,hotencoding=sklearn.preprocessing.data.OneHotEncoder,scaling=sklearn.preprocessing.data.StandardScaler,variencethreshold=sklearn.feature_selection.variance_threshold.VarianceThreshold,classifier=sklearn.svm.classes.SVC)(1)","0.5168","axis:0,features:[],copy:true,empty:0,values:""NaN"",strategy:""mean"",nominal:""most_frequent"",verbose:0,features:[],dtype:float64""},unknown:""ignore"",values:""auto"",sparse:true,threshold:0.0,copy:true,mean:false,std:true,C:67597200675,size:200,weight:null,coef0:5277575594236812,shape:null,degree:4,gamma:1449962918046739,kernel:""rbf"",iter:-1,probability:true,state:54019,shrinking:true,tol:0005898360732275148,verbose:false"
"9978406","sklearn.pipeline.Pipeline(columntransformer=sklearn.compose._column_transformer.ColumnTransformer(numeric=sklearn.pipeline.Pipeline(imputer=sklearn.preprocessing.imputation.Imputer,standardscaler=sklearn.preprocessing.data.StandardScaler),nominal=sklearn.pipeline.Pipeline(simpleimputer=sklearn.impute.SimpleImputer,onehotencoder=sklearn.preprocessing._encoders.OneHotEncoder)),variancethreshold=sklearn.feature_selection.variance_threshold.VarianceThreshold,gradientboostingclassifier=sklearn.ensemble.gradient_boosting.GradientBoostingClassifier)(3)","0.5167","memory:null,jobs:null,remainder:""passthrough"",threshold:0.3,weights:null,memory:null,axis:0,copy:true,values:""NaN"",strategy:""mean"",verbose:0,copy:true,mean:true,std:true,memory:null,copy:true,value:-1,values:NaN,strategy:""constant"",verbose:0,features:null,categories:null,dtype:float64""},unknown:""ignore"",values:null,sparse:true,threshold:0.0,criterion:""friedman_mse"",init:null,rate:4248588379116125,loss:""deviance"",depth:6,features:8823840691122694,nodes:null,decrease:4362431821242725,split:null,leaf:12,split:16,leaf:15994845656387796,estimators:362,change:185,presort:""auto"",state:29070,subsample:37776391346214844,tol:660770897535957e-05,fraction:6744678843210787,verbose:0,start:false"
"8699703","sklearn.pipeline.Pipeline(imputation=openmlstudy14.preprocessing.ConditionalImputer,hotencoding=sklearn.preprocessing.data.OneHotEncoder,scaling=sklearn.preprocessing.data.StandardScaler,variencethreshold=sklearn.feature_selection.variance_threshold.VarianceThreshold,classifier=sklearn.svm.classes.SVC)(1)","0.5167","axis:0,features:[],copy:true,empty:0,values:""NaN"",strategy:""most_frequent"",nominal:""most_frequent"",verbose:0,features:[],dtype:float64""},unknown:""ignore"",values:""auto"",sparse:true,threshold:0.0,copy:true,mean:false,std:true,C:823719814724,size:200,weight:null,coef0:47703382394170335,shape:null,degree:2,gamma:024620364651119078,kernel:""rbf"",iter:-1,probability:true,state:33500,shrinking:true,tol:027151745354274625,verbose:false"
"9998951","sklearn.pipeline.Pipeline(columntransformer=sklearn.compose._column_transformer.ColumnTransformer(numeric=sklearn.pipeline.Pipeline(imputer=sklearn.preprocessing.imputation.Imputer,standardscaler=sklearn.preprocessing.data.StandardScaler),nominal=sklearn.pipeline.Pipeline(simpleimputer=sklearn.impute.SimpleImputer,onehotencoder=sklearn.preprocessing._encoders.OneHotEncoder)),variancethreshold=sklearn.feature_selection.variance_threshold.VarianceThreshold,gradientboostingclassifier=sklearn.ensemble.gradient_boosting.GradientBoostingClassifier)(3)","0.5163","memory:null,jobs:null,remainder:""passthrough"",threshold:0.3,weights:null,memory:null,axis:0,copy:true,values:""NaN"",strategy:""most_frequent"",verbose:0,copy:true,mean:true,std:true,memory:null,copy:true,value:-1,values:NaN,strategy:""constant"",verbose:0,features:null,categories:null,dtype:float64""},unknown:""ignore"",values:null,sparse:true,threshold:0.0,criterion:""friedman_mse"",init:null,rate:20730046486828554,loss:""deviance"",depth:8,features:7507060499319842,nodes:null,decrease:1452379645050591,split:null,leaf:8,split:12,leaf:2782530256728365,estimators:406,change:81,presort:""auto"",state:40184,subsample:3168481979337838,tol:00020915176024405898,fraction:7243204012409065,verbose:0,start:false"
"9930243","sklearn.pipeline.Pipeline(columntransformer=sklearn.compose._column_transformer.ColumnTransformer(numeric=sklearn.pipeline.Pipeline(imputer=sklearn.preprocessing.imputation.Imputer,standardscaler=sklearn.preprocessing.data.StandardScaler),nominal=sklearn.pipeline.Pipeline(simpleimputer=sklearn.impute.SimpleImputer,onehotencoder=sklearn.preprocessing._encoders.OneHotEncoder)),variancethreshold=sklearn.feature_selection.variance_threshold.VarianceThreshold,gradientboostingclassifier=sklearn.ensemble.gradient_boosting.GradientBoostingClassifier)(3)","0.5163","memory:null,jobs:null,remainder:""passthrough"",threshold:0.3,weights:null,memory:null,axis:0,copy:true,values:""NaN"",strategy:""most_frequent"",verbose:0,copy:true,mean:true,std:true,memory:null,copy:true,value:-1,values:NaN,strategy:""constant"",verbose:0,features:null,categories:null,dtype:float64""},unknown:""ignore"",values:null,sparse:true,threshold:0.0,criterion:""friedman_mse"",init:null,rate:0219178178756527,loss:""deviance"",depth:7,features:33244697827654923,nodes:null,decrease:47706352725281653,split:null,leaf:1,split:5,leaf:24102768244819123,estimators:398,change:44,presort:""auto"",state:46880,subsample:8632709443474124,tol:09276099975963185,fraction:3417484778191341,verbose:0,start:false"
"8710225","sklearn.pipeline.Pipeline(imputation=openmlstudy14.preprocessing.ConditionalImputer,hotencoding=sklearn.preprocessing.data.OneHotEncoder,scaling=sklearn.preprocessing.data.StandardScaler,variencethreshold=sklearn.feature_selection.variance_threshold.VarianceThreshold,classifier=sklearn.svm.classes.SVC)(1)","0.5162","axis:0,features:[],copy:true,empty:0,values:""NaN"",strategy:""median"",nominal:""most_frequent"",verbose:0,features:[],dtype:float64""},unknown:""ignore"",values:""auto"",sparse:true,threshold:0.0,copy:true,mean:false,std:true,C:67864216844,size:200,weight:null,coef0:8853674054416527,shape:null,degree:5,gamma:014205844069681365,kernel:""rbf"",iter:-1,probability:true,state:43006,shrinking:false,tol:0033030521231992276,verbose:false"
"8842903","sklearn.pipeline.Pipeline(imputation=openmlstudy14.preprocessing.ConditionalImputer,hotencoding=sklearn.preprocessing.data.OneHotEncoder,scaling=sklearn.preprocessing.data.StandardScaler,variencethreshold=sklearn.feature_selection.variance_threshold.VarianceThreshold,classifier=sklearn.svm.classes.SVC)(1)","0.5161","axis:0,features:[],copy:true,empty:0,values:""NaN"",strategy:""mean"",nominal:""most_frequent"",verbose:0,features:[],dtype:float64""},unknown:""ignore"",values:""auto"",sparse:true,threshold:0.0,copy:true,mean:false,std:true,C:705557394464,size:200,weight:null,coef0:3361204388213126,shape:null,degree:4,gamma:020274772788241333,kernel:""rbf"",iter:-1,probability:true,state:53707,shrinking:true,tol:006082030831770938,verbose:false"
"9972913","sklearn.pipeline.Pipeline(columntransformer=sklearn.compose._column_transformer.ColumnTransformer(numeric=sklearn.pipeline.Pipeline(imputer=sklearn.preprocessing.imputation.Imputer,standardscaler=sklearn.preprocessing.data.StandardScaler),nominal=sklearn.pipeline.Pipeline(simpleimputer=sklearn.impute.SimpleImputer,onehotencoder=sklearn.preprocessing._encoders.OneHotEncoder)),variancethreshold=sklearn.feature_selection.variance_threshold.VarianceThreshold,gradientboostingclassifier=sklearn.ensemble.gradient_boosting.GradientBoostingClassifier)(3)","0.516","memory:null,jobs:null,remainder:""passthrough"",threshold:0.3,weights:null,memory:null,axis:0,copy:true,values:""NaN"",strategy:""median"",verbose:0,copy:true,mean:true,std:true,memory:null,copy:true,value:-1,values:NaN,strategy:""constant"",verbose:0,features:null,categories:null,dtype:float64""},unknown:""ignore"",values:null,sparse:true,threshold:0.0,criterion:""friedman_mse"",init:null,rate:7411585135791741,loss:""deviance"",depth:3,features:6831182843792148,nodes:null,decrease:5509320557316278,split:null,leaf:1,split:9,leaf:11313892157371958,estimators:106,change:384,presort:""auto"",state:44265,subsample:4463024381648497,tol:0061259064868351976,fraction:5304045144699451,verbose:0,start:false"
"9975826","sklearn.pipeline.Pipeline(columntransformer=sklearn.compose._column_transformer.ColumnTransformer(numeric=sklearn.pipeline.Pipeline(imputer=sklearn.preprocessing.imputation.Imputer,standardscaler=sklearn.preprocessing.data.StandardScaler),nominal=sklearn.pipeline.Pipeline(simpleimputer=sklearn.impute.SimpleImputer,onehotencoder=sklearn.preprocessing._encoders.OneHotEncoder)),variancethreshold=sklearn.feature_selection.variance_threshold.VarianceThreshold,gradientboostingclassifier=sklearn.ensemble.gradient_boosting.GradientBoostingClassifier)(3)","0.5159","memory:null,jobs:null,remainder:""passthrough"",threshold:0.3,weights:null,memory:null,axis:0,copy:true,values:""NaN"",strategy:""mean"",verbose:0,copy:true,mean:true,std:true,memory:null,copy:true,value:-1,values:NaN,strategy:""constant"",verbose:0,features:null,categories:null,dtype:float64""},unknown:""ignore"",values:null,sparse:true,threshold:0.0,criterion:""friedman_mse"",init:null,rate:1886949884018516,loss:""deviance"",depth:6,features:9796321228153259,nodes:null,decrease:24226127377126272,split:null,leaf:18,split:11,leaf:2736888318185574,estimators:354,change:233,presort:""auto"",state:34957,subsample:8861177685310953,tol:011992686456306472,fraction:5361572524245167,verbose:0,start:false"
"8804965","sklearn.pipeline.Pipeline(imputation=openmlstudy14.preprocessing.ConditionalImputer,hotencoding=sklearn.preprocessing.data.OneHotEncoder,scaling=sklearn.preprocessing.data.StandardScaler,variencethreshold=sklearn.feature_selection.variance_threshold.VarianceThreshold,classifier=sklearn.svm.classes.SVC)(1)","0.5156","axis:0,features:[],copy:true,empty:0,values:""NaN"",strategy:""median"",nominal:""most_frequent"",verbose:0,features:[],dtype:float64""},unknown:""ignore"",values:""auto"",sparse:true,threshold:0.0,copy:true,mean:false,std:true,C:2676488717834,size:200,weight:null,coef0:33326927700534026,shape:null,degree:5,gamma:9394828758418458,kernel:""rbf"",iter:-1,probability:true,state:36635,shrinking:true,tol:1579030684649446e-05,verbose:false"
"8698566","sklearn.pipeline.Pipeline(imputation=openmlstudy14.preprocessing.ConditionalImputer,hotencoding=sklearn.preprocessing.data.OneHotEncoder,scaling=sklearn.preprocessing.data.StandardScaler,variencethreshold=sklearn.feature_selection.variance_threshold.VarianceThreshold,classifier=sklearn.svm.classes.SVC)(1)","0.5156","axis:0,features:[],copy:true,empty:0,values:""NaN"",strategy:""median"",nominal:""most_frequent"",verbose:0,features:[],dtype:float64""},unknown:""ignore"",values:""auto"",sparse:true,threshold:0.0,copy:true,mean:false,std:true,C:2191407832828083,size:200,weight:null,coef0:7403124575516404,shape:null,degree:4,gamma:003594346687561301,kernel:""rbf"",iter:-1,probability:true,state:13028,shrinking:true,tol:0004586318974496396,verbose:false"
"1690598","weka.J48(33)","0.5156","C:0.25,M:64"
"10006160","sklearn.pipeline.Pipeline(columntransformer=sklearn.compose._column_transformer.ColumnTransformer(numeric=sklearn.pipeline.Pipeline(imputer=sklearn.preprocessing.imputation.Imputer,standardscaler=sklearn.preprocessing.data.StandardScaler),nominal=sklearn.pipeline.Pipeline(simpleimputer=sklearn.impute.SimpleImputer,onehotencoder=sklearn.preprocessing._encoders.OneHotEncoder)),variancethreshold=sklearn.feature_selection.variance_threshold.VarianceThreshold,gradientboostingclassifier=sklearn.ensemble.gradient_boosting.GradientBoostingClassifier)(3)","0.5155","memory:null,jobs:null,remainder:""passthrough"",threshold:0.3,weights:null,memory:null,axis:0,copy:true,values:""NaN"",strategy:""most_frequent"",verbose:0,copy:true,mean:true,std:true,memory:null,copy:true,value:-1,values:NaN,strategy:""constant"",verbose:0,features:null,categories:null,dtype:float64""},unknown:""ignore"",values:null,sparse:true,threshold:0.0,criterion:""friedman_mse"",init:null,rate:017335559947812555,loss:""deviance"",depth:4,features:33720808475277586,nodes:null,decrease:5891827652592196,split:null,leaf:18,split:16,leaf:08191195197013701,estimators:105,change:894,presort:""auto"",state:29577,subsample:44564886798093706,tol:002802236820166394,fraction:34968476718434693,verbose:0,start:false"
"8858226","sklearn.pipeline.Pipeline(imputation=openmlstudy14.preprocessing.ConditionalImputer,hotencoding=sklearn.preprocessing.data.OneHotEncoder,variencethreshold=sklearn.feature_selection.variance_threshold.VarianceThreshold,classifier=sklearn.tree.tree.DecisionTreeClassifier)(4)","0.5155","axis:0,features:[],copy:true,empty:0,values:""NaN"",strategy:""median"",nominal:""most_frequent"",verbose:0,features:[],dtype:float64""},unknown:""ignore"",values:""auto"",sparse:true,threshold:0.0,weight:null,criterion:""gini"",depth:null,features:null,nodes:null,split:1e-07,leaf:1,split:2,leaf:0.0,presort:false,state:50234,splitter:""best"""
"8858227","sklearn.pipeline.Pipeline(imputation=openmlstudy14.preprocessing.ConditionalImputer,hotencoding=sklearn.preprocessing.data.OneHotEncoder,variencethreshold=sklearn.feature_selection.variance_threshold.VarianceThreshold,classifier=sklearn.tree.tree.DecisionTreeClassifier)(4)","0.5155","axis:0,features:[],copy:true,empty:0,values:""NaN"",strategy:""median"",nominal:""most_frequent"",verbose:0,features:[],dtype:float64""},unknown:""ignore"",values:""auto"",sparse:true,threshold:0.0,weight:null,criterion:""gini"",depth:null,features:null,nodes:null,split:1e-07,leaf:1,split:2,leaf:0.0,presort:false,state:60424,splitter:""best"""
"9978180","sklearn.pipeline.Pipeline(columntransformer=sklearn.compose._column_transformer.ColumnTransformer(numeric=sklearn.pipeline.Pipeline(imputer=sklearn.preprocessing.imputation.Imputer,standardscaler=sklearn.preprocessing.data.StandardScaler),nominal=sklearn.pipeline.Pipeline(simpleimputer=sklearn.impute.SimpleImputer,onehotencoder=sklearn.preprocessing._encoders.OneHotEncoder)),variancethreshold=sklearn.feature_selection.variance_threshold.VarianceThreshold,gradientboostingclassifier=sklearn.ensemble.gradient_boosting.GradientBoostingClassifier)(3)","0.5154","memory:null,jobs:null,remainder:""passthrough"",threshold:0.3,weights:null,memory:null,axis:0,copy:true,values:""NaN"",strategy:""median"",verbose:0,copy:true,mean:true,std:true,memory:null,copy:true,value:-1,values:NaN,strategy:""constant"",verbose:0,features:null,categories:null,dtype:float64""},unknown:""ignore"",values:null,sparse:true,threshold:0.0,criterion:""friedman_mse"",init:null,rate:033858526329351345,loss:""deviance"",depth:5,features:9403634055964404,nodes:null,decrease:24634436769262658,split:null,leaf:20,split:7,leaf:30415574400406525,estimators:283,change:748,presort:""auto"",state:28678,subsample:25671420609558526,tol:0784284677518593,fraction:46978878833499005,verbose:0,start:false"
"9893423","sklearn.pipeline.Pipeline(columntransformer=sklearn.compose._column_transformer.ColumnTransformer(numeric=sklearn.pipeline.Pipeline(imputer=sklearn.preprocessing.imputation.Imputer,standardscaler=sklearn.preprocessing.data.StandardScaler),nominal=sklearn.pipeline.Pipeline(simpleimputer=sklearn.impute.SimpleImputer,onehotencoder=sklearn.preprocessing._encoders.OneHotEncoder)),variancethreshold=sklearn.feature_selection.variance_threshold.VarianceThreshold,gradientboostingclassifier=sklearn.ensemble.gradient_boosting.GradientBoostingClassifier)(2)","0.5153","axis:0,copy:true,values:""NaN"",strategy:""most_frequent"",verbose:0,copy:true,mean:true,std:true,memory:null,copy:true,value:-1,values:NaN,strategy:""constant"",verbose:0,features:null,categories:null,dtype:float64""},unknown:""ignore"",values:null,sparse:true,criterion:""friedman_mse"",init:null,rate:1952466560180598,loss:""deviance"",depth:4,features:07125391251615498,nodes:null,decrease:6852824215778581,split:null,leaf:2,split:3,leaf:2798867863746403,estimators:243,change:938,presort:""auto"",state:32758,subsample:778712194349662,tol:001557270046951815,fraction:0824915382410506,verbose:0,start:false,jobs:null,remainder:""passthrough"",threshold:0.3,weights:null,memory:null,threshold:0.0,memory:null"
"8732911","sklearn.pipeline.Pipeline(imputation=openmlstudy14.preprocessing.ConditionalImputer,hotencoding=sklearn.preprocessing.data.OneHotEncoder,scaling=sklearn.preprocessing.data.StandardScaler,variencethreshold=sklearn.feature_selection.variance_threshold.VarianceThreshold,classifier=sklearn.svm.classes.SVC)(1)","0.5152","axis:0,features:[],copy:true,empty:0,values:""NaN"",strategy:""mean"",nominal:""most_frequent"",verbose:0,features:[],dtype:float64""},unknown:""ignore"",values:""auto"",sparse:true,threshold:0.0,copy:true,mean:false,std:true,C:8808238111562,size:200,weight:null,coef0:47734268002015545,shape:null,degree:5,gamma:0027247800889406825,kernel:""poly"",iter:-1,probability:true,state:11058,shrinking:false,tol:01566663426901434,verbose:false"
"8698023","sklearn.pipeline.Pipeline(imputation=openmlstudy14.preprocessing.ConditionalImputer,hotencoding=sklearn.preprocessing.data.OneHotEncoder,scaling=sklearn.preprocessing.data.StandardScaler,variencethreshold=sklearn.feature_selection.variance_threshold.VarianceThreshold,classifier=sklearn.svm.classes.SVC)(1)","0.5148","axis:0,features:[],copy:true,empty:0,values:""NaN"",strategy:""median"",nominal:""most_frequent"",verbose:0,features:[],dtype:float64""},unknown:""ignore"",values:""auto"",sparse:true,threshold:0.0,copy:true,mean:false,std:true,C:5930074342304791,size:200,weight:null,coef0:7871592221435377,shape:null,degree:4,gamma:007874897227685375,kernel:""rbf"",iter:-1,probability:true,state:55795,shrinking:true,tol:002693838532200027,verbose:false"
"8819903","sklearn.pipeline.Pipeline(imputation=openmlstudy14.preprocessing.ConditionalImputer,hotencoding=sklearn.preprocessing.data.OneHotEncoder,scaling=sklearn.preprocessing.data.StandardScaler,variencethreshold=sklearn.feature_selection.variance_threshold.VarianceThreshold,classifier=sklearn.svm.classes.SVC)(1)","0.5147","axis:0,features:[],copy:true,empty:0,values:""NaN"",strategy:""most_frequent"",nominal:""most_frequent"",verbose:0,features:[],dtype:float64""},unknown:""ignore"",values:""auto"",sparse:true,threshold:0.0,copy:true,mean:false,std:true,C:390478795046583,size:200,weight:null,coef0:8208594054266207,shape:null,degree:4,gamma:0010617303787151154,kernel:""poly"",iter:-1,probability:true,state:28198,shrinking:false,tol:0015010034548723055,verbose:false"
"10002287","sklearn.pipeline.Pipeline(columntransformer=sklearn.compose._column_transformer.ColumnTransformer(numeric=sklearn.pipeline.Pipeline(imputer=sklearn.preprocessing.imputation.Imputer,standardscaler=sklearn.preprocessing.data.StandardScaler),nominal=sklearn.pipeline.Pipeline(simpleimputer=sklearn.impute.SimpleImputer,onehotencoder=sklearn.preprocessing._encoders.OneHotEncoder)),variancethreshold=sklearn.feature_selection.variance_threshold.VarianceThreshold,gradientboostingclassifier=sklearn.ensemble.gradient_boosting.GradientBoostingClassifier)(3)","0.5145","memory:null,jobs:null,remainder:""passthrough"",threshold:0.3,weights:null,memory:null,axis:0,copy:true,values:""NaN"",strategy:""median"",verbose:0,copy:true,mean:true,std:true,memory:null,copy:true,value:-1,values:NaN,strategy:""constant"",verbose:0,features:null,categories:null,dtype:float64""},unknown:""ignore"",values:null,sparse:true,threshold:0.0,criterion:""friedman_mse"",init:null,rate:6049929951978122,loss:""deviance"",depth:6,features:7044707963165662,nodes:null,decrease:20659785632018157,split:null,leaf:20,split:14,leaf:3026025834040188,estimators:302,change:409,presort:""auto"",state:24441,subsample:4487039739344514,tol:6412771680866956e-05,fraction:4045106870298638,verbose:0,start:false"
"9948067","sklearn.pipeline.Pipeline(columntransformer=sklearn.compose._column_transformer.ColumnTransformer(numeric=sklearn.pipeline.Pipeline(imputer=sklearn.preprocessing.imputation.Imputer,standardscaler=sklearn.preprocessing.data.StandardScaler),nominal=sklearn.pipeline.Pipeline(simpleimputer=sklearn.impute.SimpleImputer,onehotencoder=sklearn.preprocessing._encoders.OneHotEncoder)),variancethreshold=sklearn.feature_selection.variance_threshold.VarianceThreshold,gradientboostingclassifier=sklearn.ensemble.gradient_boosting.GradientBoostingClassifier)(3)","0.5144","memory:null,jobs:null,remainder:""passthrough"",threshold:0.3,weights:null,memory:null,axis:0,copy:true,values:""NaN"",strategy:""mean"",verbose:0,copy:true,mean:true,std:true,memory:null,copy:true,value:-1,values:NaN,strategy:""constant"",verbose:0,features:null,categories:null,dtype:float64""},unknown:""ignore"",values:null,sparse:true,threshold:0.0,criterion:""friedman_mse"",init:null,rate:060443494806251746,loss:""deviance"",depth:1,features:7069063017926499,nodes:null,decrease:631521516842908,split:null,leaf:9,split:7,leaf:23400889445293732,estimators:511,change:147,presort:""auto"",state:7086,subsample:19245683591793084,tol:0997927429173999e-05,fraction:14727337304224042,verbose:0,start:false"
"9880598","sklearn.pipeline.Pipeline(columntransformer=sklearn.compose._column_transformer.ColumnTransformer(numeric=sklearn.pipeline.Pipeline(imputer=sklearn.preprocessing.imputation.Imputer,standardscaler=sklearn.preprocessing.data.StandardScaler),nominal=sklearn.pipeline.Pipeline(simpleimputer=sklearn.impute.SimpleImputer,onehotencoder=sklearn.preprocessing._encoders.OneHotEncoder)),variancethreshold=sklearn.feature_selection.variance_threshold.VarianceThreshold,gradientboostingclassifier=sklearn.ensemble.gradient_boosting.GradientBoostingClassifier)(2)","0.5144","axis:0,copy:true,values:""NaN"",strategy:""median"",verbose:0,copy:true,mean:true,std:true,memory:null,copy:true,value:-1,values:NaN,strategy:""constant"",verbose:0,features:null,categories:null,dtype:float64""},unknown:""ignore"",values:null,sparse:true,criterion:""friedman_mse"",init:null,rate:01509321414390469,loss:""deviance"",depth:2,features:4073865647709992,nodes:null,decrease:37766184567709904,split:null,leaf:5,split:2,leaf:17846171578427394,estimators:335,change:337,presort:""auto"",state:13027,subsample:9034301857259933,tol:0016532306290999636,fraction:14616155228843608,verbose:0,start:false,jobs:null,remainder:""passthrough"",threshold:0.3,weights:null,memory:null,threshold:0.0,memory:null"
"8988539","sklearn.pipeline.Pipeline(imputation=openmlstudy14.preprocessing.ConditionalImputer,hotencoding=sklearn.preprocessing.data.OneHotEncoder,scaling=sklearn.preprocessing.data.StandardScaler,variencethreshold=sklearn.feature_selection.variance_threshold.VarianceThreshold,classifier=sklearn.svm.classes.SVC)(2)","0.5144","axis:0,features:[],copy:true,empty:0,values:""NaN"",strategy:""most_frequent"",nominal:""most_frequent"",verbose:0,features:[],dtype:float64""},unknown:""ignore"",values:""auto"",sparse:true,threshold:0.0,C:566067033491,size:200,weight:null,coef0:977125797938591,shape:null,degree:5,gamma:00018053179578591993,kernel:""sigmoid"",iter:-1,probability:true,state:22298,shrinking:true,tol:00018915499042226268,verbose:false,copy:true,mean:false,std:true"
"9865672","sklearn.pipeline.Pipeline(columntransformer=sklearn.compose._column_transformer.ColumnTransformer(numeric=sklearn.pipeline.Pipeline(imputer=sklearn.preprocessing.imputation.Imputer,standardscaler=sklearn.preprocessing.data.StandardScaler),nominal=sklearn.pipeline.Pipeline(simpleimputer=sklearn.impute.SimpleImputer,onehotencoder=sklearn.preprocessing._encoders.OneHotEncoder)),variancethreshold=sklearn.feature_selection.variance_threshold.VarianceThreshold,gradientboostingclassifier=sklearn.ensemble.gradient_boosting.GradientBoostingClassifier)(1)","0.5143","memory:null,jobs:null,remainder:""passthrough"",threshold:0.3,weights:null,memory:null,axis:0,copy:true,values:""NaN"",strategy:""most_frequent"",verbose:0,copy:true,mean:true,std:true,memory:null,copy:true,value:-1,values:NaN,strategy:""constant"",verbose:0,features:null,categories:null,dtype:float64""},unknown:""ignore"",values:null,sparse:true,threshold:0.0,criterion:""friedman_mse"",init:null,rate:1599833642437785,loss:""deviance"",depth:9,features:4837109026811689,nodes:null,decrease:466586757062464,split:null,leaf:13,split:17,leaf:21484312977218256,estimators:185,change:52,presort:""auto"",state:48535,subsample:5132315343791942,tol:00046907329365374566,fraction:7950567818601785,verbose:0,start:false"
"9915710","sklearn.pipeline.Pipeline(columntransformer=sklearn.compose._column_transformer.ColumnTransformer(numeric=sklearn.pipeline.Pipeline(imputer=sklearn.preprocessing.imputation.Imputer,standardscaler=sklearn.preprocessing.data.StandardScaler),nominal=sklearn.pipeline.Pipeline(simpleimputer=sklearn.impute.SimpleImputer,onehotencoder=sklearn.preprocessing._encoders.OneHotEncoder)),variancethreshold=sklearn.feature_selection.variance_threshold.VarianceThreshold,gradientboostingclassifier=sklearn.ensemble.gradient_boosting.GradientBoostingClassifier)(1)","0.5143","memory:null,jobs:null,remainder:""passthrough"",threshold:0.3,weights:null,memory:null,axis:0,copy:true,values:""NaN"",strategy:""mean"",verbose:0,copy:true,mean:true,std:true,memory:null,copy:true,value:-1,values:NaN,strategy:""constant"",verbose:0,features:null,categories:null,dtype:float64""},unknown:""ignore"",values:null,sparse:true,threshold:0.0,criterion:""friedman_mse"",init:null,rate:05456283444990833,loss:""deviance"",depth:10,features:2271973200771431,nodes:null,decrease:07152607579228609,split:null,leaf:17,split:18,leaf:23355516910283503,estimators:141,change:107,presort:""auto"",state:52704,subsample:5481089497747502,tol:02142905367629834,fraction:5249971985757994,verbose:0,start:false"
"9925204","sklearn.pipeline.Pipeline(columntransformer=sklearn.compose._column_transformer.ColumnTransformer(numeric=sklearn.pipeline.Pipeline(imputer=sklearn.preprocessing.imputation.Imputer,standardscaler=sklearn.preprocessing.data.StandardScaler),nominal=sklearn.pipeline.Pipeline(simpleimputer=sklearn.impute.SimpleImputer,onehotencoder=sklearn.preprocessing._encoders.OneHotEncoder)),variancethreshold=sklearn.feature_selection.variance_threshold.VarianceThreshold,gradientboostingclassifier=sklearn.ensemble.gradient_boosting.GradientBoostingClassifier)(3)","0.5139","memory:null,jobs:null,remainder:""passthrough"",threshold:0.3,weights:null,memory:null,axis:0,copy:true,values:""NaN"",strategy:""median"",verbose:0,copy:true,mean:true,std:true,memory:null,copy:true,value:-1,values:NaN,strategy:""constant"",verbose:0,features:null,categories:null,dtype:float64""},unknown:""ignore"",values:null,sparse:true,threshold:0.0,criterion:""friedman_mse"",init:null,rate:13109389327447474,loss:""deviance"",depth:1,features:7311249178416053,nodes:null,decrease:640044406699682,split:null,leaf:13,split:8,leaf:03979264755527756,estimators:132,change:987,presort:""auto"",state:9922,subsample:6412446966797687,tol:0029367277750341004,fraction:4553143990676898,verbose:0,start:false"
"10004696","sklearn.pipeline.Pipeline(columntransformer=sklearn.compose._column_transformer.ColumnTransformer(numeric=sklearn.pipeline.Pipeline(imputer=sklearn.preprocessing.imputation.Imputer,standardscaler=sklearn.preprocessing.data.StandardScaler),nominal=sklearn.pipeline.Pipeline(simpleimputer=sklearn.impute.SimpleImputer,onehotencoder=sklearn.preprocessing._encoders.OneHotEncoder)),variancethreshold=sklearn.feature_selection.variance_threshold.VarianceThreshold,gradientboostingclassifier=sklearn.ensemble.gradient_boosting.GradientBoostingClassifier)(3)","0.5137","memory:null,jobs:null,remainder:""passthrough"",threshold:0.3,weights:null,memory:null,axis:0,copy:true,values:""NaN"",strategy:""most_frequent"",verbose:0,copy:true,mean:true,std:true,memory:null,copy:true,value:-1,values:NaN,strategy:""constant"",verbose:0,features:null,categories:null,dtype:float64""},unknown:""ignore"",values:null,sparse:true,threshold:0.0,criterion:""friedman_mse"",init:null,rate:025431418498174988,loss:""deviance"",depth:7,features:8237791485251178,nodes:null,decrease:3845228876104716,split:null,leaf:14,split:20,leaf:24213937775126043,estimators:483,change:713,presort:""auto"",state:4353,subsample:8992676467832229,tol:9700586253920177e-05,fraction:7316777506141876,verbose:0,start:false"
"8968212","sklearn.pipeline.Pipeline(imputation=openmlstudy14.preprocessing.ConditionalImputer,hotencoding=sklearn.preprocessing.data.OneHotEncoder,scaling=sklearn.preprocessing.data.StandardScaler,variencethreshold=sklearn.feature_selection.variance_threshold.VarianceThreshold,classifier=sklearn.svm.classes.SVC)(2)","0.5128","axis:0,features:[],copy:true,empty:0,values:""NaN"",strategy:""most_frequent"",nominal:""most_frequent"",verbose:0,features:[],dtype:float64""},unknown:""ignore"",values:""auto"",sparse:true,threshold:0.0,C:80491391808,size:200,weight:null,coef0:12574719905218323,shape:null,degree:4,gamma:9312306918432872e-05,kernel:""rbf"",iter:-1,probability:true,state:41735,shrinking:true,tol:09786136388836332,verbose:false,copy:true,mean:false,std:true"
"8988707","sklearn.pipeline.Pipeline(imputation=openmlstudy14.preprocessing.ConditionalImputer,hotencoding=sklearn.preprocessing.data.OneHotEncoder,scaling=sklearn.preprocessing.data.StandardScaler,variencethreshold=sklearn.feature_selection.variance_threshold.VarianceThreshold,classifier=sklearn.svm.classes.SVC)(2)","0.5126","axis:0,features:[],copy:true,empty:0,values:""NaN"",strategy:""mean"",nominal:""most_frequent"",verbose:0,features:[],dtype:float64""},unknown:""ignore"",values:""auto"",sparse:true,threshold:0.0,C:5683710951082,size:200,weight:null,coef0:557991682615512,shape:null,degree:2,gamma:7180914666002909,kernel:""rbf"",iter:-1,probability:true,state:63849,shrinking:true,tol:00011989823031658504,verbose:false,copy:true,mean:false,std:true"
"9956047","sklearn.pipeline.Pipeline(columntransformer=sklearn.compose._column_transformer.ColumnTransformer(numeric=sklearn.pipeline.Pipeline(imputer=sklearn.preprocessing.imputation.Imputer,standardscaler=sklearn.preprocessing.data.StandardScaler),nominal=sklearn.pipeline.Pipeline(simpleimputer=sklearn.impute.SimpleImputer,onehotencoder=sklearn.preprocessing._encoders.OneHotEncoder)),variancethreshold=sklearn.feature_selection.variance_threshold.VarianceThreshold,gradientboostingclassifier=sklearn.ensemble.gradient_boosting.GradientBoostingClassifier)(3)","0.5125","memory:null,jobs:null,remainder:""passthrough"",threshold:0.3,weights:null,memory:null,axis:0,copy:true,values:""NaN"",strategy:""median"",verbose:0,copy:true,mean:true,std:true,memory:null,copy:true,value:-1,values:NaN,strategy:""constant"",verbose:0,features:null,categories:null,dtype:float64""},unknown:""ignore"",values:null,sparse:true,threshold:0.0,criterion:""friedman_mse"",init:null,rate:03392442143435623,loss:""deviance"",depth:6,features:42355969845474073,nodes:null,decrease:687565989526594,split:null,leaf:8,split:19,leaf:18786494872438003,estimators:157,change:918,presort:""auto"",state:31219,subsample:06413329225611286,tol:0016647312024318,fraction:13616846056169096,verbose:0,start:false"
"9880863","sklearn.pipeline.Pipeline(columntransformer=sklearn.compose._column_transformer.ColumnTransformer(numeric=sklearn.pipeline.Pipeline(imputer=sklearn.preprocessing.imputation.Imputer,standardscaler=sklearn.preprocessing.data.StandardScaler),nominal=sklearn.pipeline.Pipeline(simpleimputer=sklearn.impute.SimpleImputer,onehotencoder=sklearn.preprocessing._encoders.OneHotEncoder)),variancethreshold=sklearn.feature_selection.variance_threshold.VarianceThreshold,gradientboostingclassifier=sklearn.ensemble.gradient_boosting.GradientBoostingClassifier)(2)","0.5125","axis:0,copy:true,values:""NaN"",strategy:""median"",verbose:0,copy:true,mean:true,std:true,memory:null,copy:true,value:-1,values:NaN,strategy:""constant"",verbose:0,features:null,categories:null,dtype:float64""},unknown:""ignore"",values:null,sparse:true,criterion:""friedman_mse"",init:null,rate:06316097220456325,loss:""deviance"",depth:1,features:32304699302055884,nodes:null,decrease:9160691826585127,split:null,leaf:20,split:16,leaf:15697587026056725,estimators:382,change:810,presort:""auto"",state:60514,subsample:803017508350646,tol:005885113380375154,fraction:19061525101138166,verbose:0,start:false,jobs:null,remainder:""passthrough"",threshold:0.3,weights:null,memory:null,threshold:0.0,memory:null"
"8991523","sklearn.pipeline.Pipeline(imputation=openmlstudy14.preprocessing.ConditionalImputer,hotencoding=sklearn.preprocessing.data.OneHotEncoder,scaling=sklearn.preprocessing.data.StandardScaler,variencethreshold=sklearn.feature_selection.variance_threshold.VarianceThreshold,classifier=sklearn.svm.classes.SVC)(2)","0.5125","axis:0,features:[],copy:true,empty:0,values:""NaN"",strategy:""median"",nominal:""most_frequent"",verbose:0,features:[],dtype:float64""},unknown:""ignore"",values:""auto"",sparse:true,threshold:0.0,C:168175243416,size:200,weight:null,coef0:6309378398759571,shape:null,degree:5,gamma:734215363910627e-05,kernel:""rbf"",iter:-1,probability:true,state:28755,shrinking:false,tol:9507077842494554e-05,verbose:false,copy:true,mean:false,std:true"
"10011724","sklearn.pipeline.Pipeline(columntransformer=sklearn.compose._column_transformer.ColumnTransformer(numeric=sklearn.pipeline.Pipeline(imputer=sklearn.preprocessing.imputation.Imputer,standardscaler=sklearn.preprocessing.data.StandardScaler),nominal=sklearn.pipeline.Pipeline(simpleimputer=sklearn.impute.SimpleImputer,onehotencoder=sklearn.preprocessing._encoders.OneHotEncoder)),variancethreshold=sklearn.feature_selection.variance_threshold.VarianceThreshold,gradientboostingclassifier=sklearn.ensemble.gradient_boosting.GradientBoostingClassifier)(3)","0.5122","memory:null,jobs:null,remainder:""passthrough"",threshold:0.3,weights:null,memory:null,axis:0,copy:true,values:""NaN"",strategy:""median"",verbose:0,copy:true,mean:true,std:true,memory:null,copy:true,value:-1,values:NaN,strategy:""constant"",verbose:0,features:null,categories:null,dtype:float64""},unknown:""ignore"",values:null,sparse:true,threshold:0.0,criterion:""friedman_mse"",init:null,rate:014678186876245678,loss:""deviance"",depth:6,features:8105228567139261,nodes:null,decrease:7371664134555435,split:null,leaf:3,split:19,leaf:21988223268807283,estimators:364,change:742,presort:""auto"",state:64234,subsample:3213180438958454,tol:0001379889023660243,fraction:4758900739488495,verbose:0,start:false"
"9868992","sklearn.pipeline.Pipeline(columntransformer=sklearn.compose._column_transformer.ColumnTransformer(numeric=sklearn.pipeline.Pipeline(imputer=sklearn.preprocessing.imputation.Imputer,standardscaler=sklearn.preprocessing.data.StandardScaler),nominal=sklearn.pipeline.Pipeline(simpleimputer=sklearn.impute.SimpleImputer,onehotencoder=sklearn.preprocessing._encoders.OneHotEncoder)),variancethreshold=sklearn.feature_selection.variance_threshold.VarianceThreshold,gradientboostingclassifier=sklearn.ensemble.gradient_boosting.GradientBoostingClassifier)(1)","0.5121","memory:null,jobs:null,remainder:""passthrough"",threshold:0.3,weights:null,memory:null,axis:0,copy:true,values:""NaN"",strategy:""most_frequent"",verbose:0,copy:true,mean:true,std:true,memory:null,copy:true,value:-1,values:NaN,strategy:""constant"",verbose:0,features:null,categories:null,dtype:float64""},unknown:""ignore"",values:null,sparse:true,threshold:0.0,criterion:""friedman_mse"",init:null,rate:377961831289258,loss:""deviance"",depth:9,features:9468578013674115,nodes:null,decrease:0741801988602846,split:null,leaf:9,split:14,leaf:3225615728734952,estimators:386,change:929,presort:""auto"",state:14634,subsample:9423600772073748,tol:055637103610994124,fraction:44779874941806386,verbose:0,start:false"
"9883302","sklearn.pipeline.Pipeline(columntransformer=sklearn.compose._column_transformer.ColumnTransformer(numeric=sklearn.pipeline.Pipeline(imputer=sklearn.preprocessing.imputation.Imputer,standardscaler=sklearn.preprocessing.data.StandardScaler),nominal=sklearn.pipeline.Pipeline(simpleimputer=sklearn.impute.SimpleImputer,onehotencoder=sklearn.preprocessing._encoders.OneHotEncoder)),variancethreshold=sklearn.feature_selection.variance_threshold.VarianceThreshold,gradientboostingclassifier=sklearn.ensemble.gradient_boosting.GradientBoostingClassifier)(2)","0.5121","axis:0,copy:true,values:""NaN"",strategy:""median"",verbose:0,copy:true,mean:true,std:true,memory:null,copy:true,value:-1,values:NaN,strategy:""constant"",verbose:0,features:null,categories:null,dtype:float64""},unknown:""ignore"",values:null,sparse:true,criterion:""friedman_mse"",init:null,rate:13350944120858246,loss:""deviance"",depth:1,features:6335942037924012,nodes:null,decrease:46327966735138537,split:null,leaf:6,split:17,leaf:23045686200112364,estimators:489,change:500,presort:""auto"",state:7980,subsample:0995034683997027,tol:0015301567135345582,fraction:13375690681345098,verbose:0,start:false,jobs:null,remainder:""passthrough"",threshold:0.3,weights:null,memory:null,threshold:0.0,memory:null"
"9866470","sklearn.pipeline.Pipeline(columntransformer=sklearn.compose._column_transformer.ColumnTransformer(numeric=sklearn.pipeline.Pipeline(imputer=sklearn.preprocessing.imputation.Imputer,standardscaler=sklearn.preprocessing.data.StandardScaler),nominal=sklearn.pipeline.Pipeline(simpleimputer=sklearn.impute.SimpleImputer,onehotencoder=sklearn.preprocessing._encoders.OneHotEncoder)),variancethreshold=sklearn.feature_selection.variance_threshold.VarianceThreshold,gradientboostingclassifier=sklearn.ensemble.gradient_boosting.GradientBoostingClassifier)(1)","0.512","memory:null,jobs:null,remainder:""passthrough"",threshold:0.3,weights:null,memory:null,axis:0,copy:true,values:""NaN"",strategy:""mean"",verbose:0,copy:true,mean:true,std:true,memory:null,copy:true,value:-1,values:NaN,strategy:""constant"",verbose:0,features:null,categories:null,dtype:float64""},unknown:""ignore"",values:null,sparse:true,threshold:0.0,criterion:""friedman_mse"",init:null,rate:9806260926208169,loss:""deviance"",depth:2,features:15461809848690522,nodes:null,decrease:9443106357202371,split:null,leaf:7,split:13,leaf:19095616816156585,estimators:353,change:904,presort:""auto"",state:31858,subsample:469373283084196,tol:00010359981465541663,fraction:3372403729512944,verbose:0,start:false"
"8989809","sklearn.pipeline.Pipeline(imputation=openmlstudy14.preprocessing.ConditionalImputer,hotencoding=sklearn.preprocessing.data.OneHotEncoder,scaling=sklearn.preprocessing.data.StandardScaler,variencethreshold=sklearn.feature_selection.variance_threshold.VarianceThreshold,classifier=sklearn.svm.classes.SVC)(2)","0.5113","axis:0,features:[],copy:true,empty:0,values:""NaN"",strategy:""mean"",nominal:""most_frequent"",verbose:0,features:[],dtype:float64""},unknown:""ignore"",values:""auto"",sparse:true,threshold:0.0,C:40409848344,size:200,weight:null,coef0:3920664263589895,shape:null,degree:2,gamma:03288785062904385,kernel:""rbf"",iter:-1,probability:true,state:21130,shrinking:true,tol:0018562252109149456,verbose:false,copy:true,mean:false,std:true"
"1665676","weka.FURIA(2)","0.5112","F:3,N:2.0,O:2,S:1,s:0,p:0"
"6059546","sklearn.pipeline.Pipeline(imputation=openmlstudy14.preprocessing.ConditionalImputer,hotencoding=sklearn.preprocessing.data.OneHotEncoder,variencethreshold=sklearn.feature_selection.variance_threshold.VarianceThreshold,classifier=sklearn.svm.classes.SVC)(1)","0.5111","axis:0,features:[],copy:true,empty:0,values:""NaN"",strategy:""median"",nominal:""most_frequent"",verbose:0,features:[],dtype:float64""},unknown:""ignore"",values:""auto"",sparse:true,threshold:0.0,C:423988192689,size:200,weight:null,coef0:0.0,shape:null,degree:3,gamma:651118700793534,kernel:""rbf"",iter:-1,probability:true,state:33452,shrinking:true,tol:342746916217953e-05,verbose:false"
"9867441","sklearn.pipeline.Pipeline(columntransformer=sklearn.compose._column_transformer.ColumnTransformer(numeric=sklearn.pipeline.Pipeline(imputer=sklearn.preprocessing.imputation.Imputer,standardscaler=sklearn.preprocessing.data.StandardScaler),nominal=sklearn.pipeline.Pipeline(simpleimputer=sklearn.impute.SimpleImputer,onehotencoder=sklearn.preprocessing._encoders.OneHotEncoder)),variancethreshold=sklearn.feature_selection.variance_threshold.VarianceThreshold,gradientboostingclassifier=sklearn.ensemble.gradient_boosting.GradientBoostingClassifier)(1)","0.511","memory:null,jobs:null,remainder:""passthrough"",threshold:0.3,weights:null,memory:null,axis:0,copy:true,values:""NaN"",strategy:""median"",verbose:0,copy:true,mean:true,std:true,memory:null,copy:true,value:-1,values:NaN,strategy:""constant"",verbose:0,features:null,categories:null,dtype:float64""},unknown:""ignore"",values:null,sparse:true,threshold:0.0,criterion:""friedman_mse"",init:null,rate:02494194089632893,loss:""deviance"",depth:7,features:7965339310691225,nodes:null,decrease:247268572656969,split:null,leaf:5,split:16,leaf:2887806564086647,estimators:261,change:994,presort:""auto"",state:58691,subsample:5096625690770706,tol:6387998955521426e-05,fraction:2556632362160882,verbose:0,start:false"
"9910058","sklearn.pipeline.Pipeline(columntransformer=sklearn.compose._column_transformer.ColumnTransformer(numeric=sklearn.pipeline.Pipeline(imputer=sklearn.preprocessing.imputation.Imputer,standardscaler=sklearn.preprocessing.data.StandardScaler),nominal=sklearn.pipeline.Pipeline(simpleimputer=sklearn.impute.SimpleImputer,onehotencoder=sklearn.preprocessing._encoders.OneHotEncoder)),variancethreshold=sklearn.feature_selection.variance_threshold.VarianceThreshold,gradientboostingclassifier=sklearn.ensemble.gradient_boosting.GradientBoostingClassifier)(1)","0.5109","memory:null,jobs:null,remainder:""passthrough"",threshold:0.3,weights:null,memory:null,axis:0,copy:true,values:""NaN"",strategy:""median"",verbose:0,copy:true,mean:true,std:true,memory:null,copy:true,value:-1,values:NaN,strategy:""constant"",verbose:0,features:null,categories:null,dtype:float64""},unknown:""ignore"",values:null,sparse:true,threshold:0.0,criterion:""friedman_mse"",init:null,rate:011283927944437435,loss:""deviance"",depth:4,features:260002367220704,nodes:null,decrease:12578929292558838,split:null,leaf:16,split:9,leaf:11630770149740854,estimators:506,change:265,presort:""auto"",state:44043,subsample:6276786919605922,tol:06977002194715987,fraction:9015125831665903,verbose:0,start:false"
"9898866","sklearn.pipeline.Pipeline(columntransformer=sklearn.compose._column_transformer.ColumnTransformer(numeric=sklearn.pipeline.Pipeline(imputer=sklearn.preprocessing.imputation.Imputer,standardscaler=sklearn.preprocessing.data.StandardScaler),nominal=sklearn.pipeline.Pipeline(simpleimputer=sklearn.impute.SimpleImputer,onehotencoder=sklearn.preprocessing._encoders.OneHotEncoder)),variancethreshold=sklearn.feature_selection.variance_threshold.VarianceThreshold,gradientboostingclassifier=sklearn.ensemble.gradient_boosting.GradientBoostingClassifier)(2)","0.5108","axis:0,copy:true,values:""NaN"",strategy:""most_frequent"",verbose:0,copy:true,mean:true,std:true,memory:null,copy:true,value:-1,values:NaN,strategy:""constant"",verbose:0,features:null,categories:null,dtype:float64""},unknown:""ignore"",values:null,sparse:true,criterion:""friedman_mse"",init:null,rate:02210779999375555,loss:""deviance"",depth:5,features:9798316447303207,nodes:null,decrease:6438281832623917,split:null,leaf:15,split:12,leaf:2309513625664989,estimators:241,change:381,presort:""auto"",state:45619,subsample:4724198938398292,tol:9759340059987227e-05,fraction:7100951711916104,verbose:0,start:false,jobs:null,remainder:""passthrough"",threshold:0.3,weights:null,memory:null,threshold:0.0,memory:null"
"9912333","sklearn.pipeline.Pipeline(columntransformer=sklearn.compose._column_transformer.ColumnTransformer(numeric=sklearn.pipeline.Pipeline(imputer=sklearn.preprocessing.imputation.Imputer,standardscaler=sklearn.preprocessing.data.StandardScaler),nominal=sklearn.pipeline.Pipeline(simpleimputer=sklearn.impute.SimpleImputer,onehotencoder=sklearn.preprocessing._encoders.OneHotEncoder)),variancethreshold=sklearn.feature_selection.variance_threshold.VarianceThreshold,gradientboostingclassifier=sklearn.ensemble.gradient_boosting.GradientBoostingClassifier)(1)","0.5101","memory:null,jobs:null,remainder:""passthrough"",threshold:0.3,weights:null,memory:null,axis:0,copy:true,values:""NaN"",strategy:""mean"",verbose:0,copy:true,mean:true,std:true,memory:null,copy:true,value:-1,values:NaN,strategy:""constant"",verbose:0,features:null,categories:null,dtype:float64""},unknown:""ignore"",values:null,sparse:true,threshold:0.0,criterion:""friedman_mse"",init:null,rate:3167463282346572,loss:""deviance"",depth:4,features:5766894113274075,nodes:null,decrease:028230651563886933,split:null,leaf:14,split:20,leaf:29618252857820726,estimators:432,change:42,presort:""auto"",state:38180,subsample:5103032775242254,tol:0015655079846883851,fraction:11751012684092521,verbose:0,start:false"
"8977932","sklearn.pipeline.Pipeline(imputation=openmlstudy14.preprocessing.ConditionalImputer,hotencoding=sklearn.preprocessing.data.OneHotEncoder,scaling=sklearn.preprocessing.data.StandardScaler,variencethreshold=sklearn.feature_selection.variance_threshold.VarianceThreshold,classifier=sklearn.svm.classes.SVC)(2)","0.5101","axis:0,features:[],copy:true,empty:0,values:""NaN"",strategy:""most_frequent"",nominal:""most_frequent"",verbose:0,features:[],dtype:float64""},unknown:""ignore"",values:""auto"",sparse:true,threshold:0.0,C:6878485268111327,size:200,weight:null,coef0:4760797839747066,shape:null,degree:4,gamma:0057794817713778006,kernel:""rbf"",iter:-1,probability:true,state:21473,shrinking:true,tol:2820582570081693e-05,verbose:false,copy:true,mean:false,std:true"
"9907065","sklearn.pipeline.Pipeline(columntransformer=sklearn.compose._column_transformer.ColumnTransformer(numeric=sklearn.pipeline.Pipeline(imputer=sklearn.preprocessing.imputation.Imputer,standardscaler=sklearn.preprocessing.data.StandardScaler),nominal=sklearn.pipeline.Pipeline(simpleimputer=sklearn.impute.SimpleImputer,onehotencoder=sklearn.preprocessing._encoders.OneHotEncoder)),variancethreshold=sklearn.feature_selection.variance_threshold.VarianceThreshold,gradientboostingclassifier=sklearn.ensemble.gradient_boosting.GradientBoostingClassifier)(1)","0.5096","memory:null,jobs:null,remainder:""passthrough"",threshold:0.3,weights:null,memory:null,axis:0,copy:true,values:""NaN"",strategy:""mean"",verbose:0,copy:true,mean:true,std:true,memory:null,copy:true,value:-1,values:NaN,strategy:""constant"",verbose:0,features:null,categories:null,dtype:float64""},unknown:""ignore"",values:null,sparse:true,threshold:0.0,criterion:""friedman_mse"",init:null,rate:07970147707275269,loss:""deviance"",depth:4,features:1486063566246154,nodes:null,decrease:6728193338593704,split:null,leaf:9,split:14,leaf:2764908620316079,estimators:448,change:85,presort:""auto"",state:52865,subsample:08451173873833584,tol:687523587497336e-05,fraction:30538606646439415,verbose:0,start:false"
"9887185","sklearn.pipeline.Pipeline(columntransformer=sklearn.compose._column_transformer.ColumnTransformer(numeric=sklearn.pipeline.Pipeline(imputer=sklearn.preprocessing.imputation.Imputer,standardscaler=sklearn.preprocessing.data.StandardScaler),nominal=sklearn.pipeline.Pipeline(simpleimputer=sklearn.impute.SimpleImputer,onehotencoder=sklearn.preprocessing._encoders.OneHotEncoder)),variancethreshold=sklearn.feature_selection.variance_threshold.VarianceThreshold,gradientboostingclassifier=sklearn.ensemble.gradient_boosting.GradientBoostingClassifier)(2)","0.5091","axis:0,copy:true,values:""NaN"",strategy:""most_frequent"",verbose:0,copy:true,mean:true,std:true,memory:null,copy:true,value:-1,values:NaN,strategy:""constant"",verbose:0,features:null,categories:null,dtype:float64""},unknown:""ignore"",values:null,sparse:true,criterion:""friedman_mse"",init:null,rate:0217225606379967,loss:""deviance"",depth:3,features:7294439512125082,nodes:null,decrease:1832916086227494,split:null,leaf:20,split:17,leaf:26203050603035954,estimators:325,change:1022,presort:""auto"",state:50756,subsample:9993894739815895,tol:021021859149012948,fraction:4625024972771894,verbose:0,start:false,jobs:null,remainder:""passthrough"",threshold:0.3,weights:null,memory:null,threshold:0.0,memory:null"
"9903310","sklearn.pipeline.Pipeline(columntransformer=sklearn.compose._column_transformer.ColumnTransformer(numeric=sklearn.pipeline.Pipeline(imputer=sklearn.preprocessing.imputation.Imputer,standardscaler=sklearn.preprocessing.data.StandardScaler),nominal=sklearn.pipeline.Pipeline(simpleimputer=sklearn.impute.SimpleImputer,onehotencoder=sklearn.preprocessing._encoders.OneHotEncoder)),variancethreshold=sklearn.feature_selection.variance_threshold.VarianceThreshold,gradientboostingclassifier=sklearn.ensemble.gradient_boosting.GradientBoostingClassifier)(2)","0.5091","axis:0,copy:true,values:""NaN"",strategy:""most_frequent"",verbose:0,copy:true,mean:true,std:true,memory:null,copy:true,value:-1,values:NaN,strategy:""constant"",verbose:0,features:null,categories:null,dtype:float64""},unknown:""ignore"",values:null,sparse:true,criterion:""friedman_mse"",init:null,rate:1050373787180247,loss:""deviance"",depth:6,features:9041474492521622,nodes:null,decrease:3997874209296599,split:null,leaf:3,split:12,leaf:2880894657474584,estimators:157,change:968,presort:""auto"",state:26292,subsample:5823284404134733,tol:01632848563700049,fraction:8166515901183508,verbose:0,start:false,jobs:null,remainder:""passthrough"",threshold:0.3,weights:null,memory:null,threshold:0.0,memory:null"
"8978246","sklearn.pipeline.Pipeline(imputation=openmlstudy14.preprocessing.ConditionalImputer,hotencoding=sklearn.preprocessing.data.OneHotEncoder,scaling=sklearn.preprocessing.data.StandardScaler,variencethreshold=sklearn.feature_selection.variance_threshold.VarianceThreshold,classifier=sklearn.svm.classes.SVC)(2)","0.5089","axis:0,features:[],copy:true,empty:0,values:""NaN"",strategy:""median"",nominal:""most_frequent"",verbose:0,features:[],dtype:float64""},unknown:""ignore"",values:""auto"",sparse:true,threshold:0.0,C:6709837569786,size:200,weight:null,coef0:9032927137130664,shape:null,degree:2,gamma:9678298328653319,kernel:""rbf"",iter:-1,probability:true,state:5639,shrinking:true,tol:4663405873188874e-05,verbose:false,copy:true,mean:false,std:true"
"9912781","sklearn.pipeline.Pipeline(columntransformer=sklearn.compose._column_transformer.ColumnTransformer(numeric=sklearn.pipeline.Pipeline(imputer=sklearn.preprocessing.imputation.Imputer,standardscaler=sklearn.preprocessing.data.StandardScaler),nominal=sklearn.pipeline.Pipeline(simpleimputer=sklearn.impute.SimpleImputer,onehotencoder=sklearn.preprocessing._encoders.OneHotEncoder)),variancethreshold=sklearn.feature_selection.variance_threshold.VarianceThreshold,gradientboostingclassifier=sklearn.ensemble.gradient_boosting.GradientBoostingClassifier)(1)","0.5088","memory:null,jobs:null,remainder:""passthrough"",threshold:0.3,weights:null,memory:null,axis:0,copy:true,values:""NaN"",strategy:""mean"",verbose:0,copy:true,mean:true,std:true,memory:null,copy:true,value:-1,values:NaN,strategy:""constant"",verbose:0,features:null,categories:null,dtype:float64""},unknown:""ignore"",values:null,sparse:true,threshold:0.0,criterion:""friedman_mse"",init:null,rate:2869124169089511,loss:""deviance"",depth:10,features:5400968503457945,nodes:null,decrease:5566910384649866,split:null,leaf:15,split:17,leaf:2267524135220887,estimators:461,change:113,presort:""auto"",state:31517,subsample:7435644738624693,tol:017382508955844866,fraction:848717764434609,verbose:0,start:false"
"9870618","sklearn.pipeline.Pipeline(columntransformer=sklearn.compose._column_transformer.ColumnTransformer(numeric=sklearn.pipeline.Pipeline(imputer=sklearn.preprocessing.imputation.Imputer,standardscaler=sklearn.preprocessing.data.StandardScaler),nominal=sklearn.pipeline.Pipeline(simpleimputer=sklearn.impute.SimpleImputer,onehotencoder=sklearn.preprocessing._encoders.OneHotEncoder)),variancethreshold=sklearn.feature_selection.variance_threshold.VarianceThreshold,gradientboostingclassifier=sklearn.ensemble.gradient_boosting.GradientBoostingClassifier)(2)","0.5088","axis:0,copy:true,values:""NaN"",strategy:""mean"",verbose:0,copy:true,mean:true,std:true,memory:null,copy:true,value:-1,values:NaN,strategy:""constant"",verbose:0,features:null,categories:null,dtype:float64""},unknown:""ignore"",values:null,sparse:true,criterion:""friedman_mse"",init:null,rate:015296832115544836,loss:""deviance"",depth:2,features:3947727137677718,nodes:null,decrease:23214488377946918,split:null,leaf:20,split:13,leaf:3151647079982303,estimators:486,change:767,presort:""auto"",state:57417,subsample:49570178814741395,tol:636802861474801e-05,fraction:01927372827299423,verbose:0,start:false,jobs:null,remainder:""passthrough"",threshold:0.3,weights:null,memory:null,threshold:0.0,memory:null"
"9906266","sklearn.pipeline.Pipeline(columntransformer=sklearn.compose._column_transformer.ColumnTransformer(numeric=sklearn.pipeline.Pipeline(imputer=sklearn.preprocessing.imputation.Imputer,standardscaler=sklearn.preprocessing.data.StandardScaler),nominal=sklearn.pipeline.Pipeline(simpleimputer=sklearn.impute.SimpleImputer,onehotencoder=sklearn.preprocessing._encoders.OneHotEncoder)),variancethreshold=sklearn.feature_selection.variance_threshold.VarianceThreshold,gradientboostingclassifier=sklearn.ensemble.gradient_boosting.GradientBoostingClassifier)(1)","0.5087","memory:null,jobs:null,remainder:""passthrough"",threshold:0.3,weights:null,memory:null,axis:0,copy:true,values:""NaN"",strategy:""mean"",verbose:0,copy:true,mean:true,std:true,memory:null,copy:true,value:-1,values:NaN,strategy:""constant"",verbose:0,features:null,categories:null,dtype:float64""},unknown:""ignore"",values:null,sparse:true,threshold:0.0,criterion:""friedman_mse"",init:null,rate:07589556716789499,loss:""deviance"",depth:3,features:2517347654892176,nodes:null,decrease:526844618451903,split:null,leaf:19,split:15,leaf:12172665777567454,estimators:261,change:645,presort:""auto"",state:2496,subsample:9372153609471583,tol:0006723945296143995,fraction:899519162605795,verbose:0,start:false"
"8990519","sklearn.pipeline.Pipeline(imputation=openmlstudy14.preprocessing.ConditionalImputer,hotencoding=sklearn.preprocessing.data.OneHotEncoder,scaling=sklearn.preprocessing.data.StandardScaler,variencethreshold=sklearn.feature_selection.variance_threshold.VarianceThreshold,classifier=sklearn.svm.classes.SVC)(2)","0.5083","axis:0,features:[],copy:true,empty:0,values:""NaN"",strategy:""median"",nominal:""most_frequent"",verbose:0,features:[],dtype:float64""},unknown:""ignore"",values:""auto"",sparse:true,threshold:0.0,C:40275535929,size:200,weight:null,coef0:44905794033325375,shape:null,degree:4,gamma:005655573323639239,kernel:""rbf"",iter:-1,probability:true,state:38210,shrinking:true,tol:07529224663239767,verbose:false,copy:true,mean:false,std:true"
"6041365","sklearn.pipeline.Pipeline(imputation=openmlstudy14.preprocessing.ConditionalImputer,hotencoding=sklearn.preprocessing.data.OneHotEncoder,variencethreshold=sklearn.feature_selection.variance_threshold.VarianceThreshold,classifier=sklearn.svm.classes.SVC)(1)","0.5078","axis:0,features:[],copy:true,empty:0,values:""NaN"",strategy:""median"",nominal:""most_frequent"",verbose:0,features:[],dtype:float64""},unknown:""ignore"",values:""auto"",sparse:true,threshold:0.0,C:543264629681,size:200,weight:null,coef0:0.0,shape:null,degree:3,gamma:1662533985263144,kernel:""rbf"",iter:-1,probability:true,state:46760,shrinking:false,tol:0050349603143770875,verbose:false"
"8978605","sklearn.pipeline.Pipeline(imputation=openmlstudy14.preprocessing.ConditionalImputer,hotencoding=sklearn.preprocessing.data.OneHotEncoder,scaling=sklearn.preprocessing.data.StandardScaler,variencethreshold=sklearn.feature_selection.variance_threshold.VarianceThreshold,classifier=sklearn.svm.classes.SVC)(2)","0.5075","axis:0,features:[],copy:true,empty:0,values:""NaN"",strategy:""median"",nominal:""most_frequent"",verbose:0,features:[],dtype:float64""},unknown:""ignore"",values:""auto"",sparse:true,threshold:0.0,C:1908328705326,size:200,weight:null,coef0:8417923486215264,shape:null,degree:2,gamma:4948540863296584,kernel:""rbf"",iter:-1,probability:true,state:54570,shrinking:true,tol:01153791787428706,verbose:false,copy:true,mean:false,std:true"
"1695800","weka.J48(33)","0.5066","C:0.25,M:96"
"9894401","sklearn.pipeline.Pipeline(columntransformer=sklearn.compose._column_transformer.ColumnTransformer(numeric=sklearn.pipeline.Pipeline(imputer=sklearn.preprocessing.imputation.Imputer,standardscaler=sklearn.preprocessing.data.StandardScaler),nominal=sklearn.pipeline.Pipeline(simpleimputer=sklearn.impute.SimpleImputer,onehotencoder=sklearn.preprocessing._encoders.OneHotEncoder)),variancethreshold=sklearn.feature_selection.variance_threshold.VarianceThreshold,gradientboostingclassifier=sklearn.ensemble.gradient_boosting.GradientBoostingClassifier)(2)","0.5064","axis:0,copy:true,values:""NaN"",strategy:""most_frequent"",verbose:0,copy:true,mean:true,std:true,memory:null,copy:true,value:-1,values:NaN,strategy:""constant"",verbose:0,features:null,categories:null,dtype:float64""},unknown:""ignore"",values:null,sparse:true,criterion:""friedman_mse"",init:null,rate:1625203560469081,loss:""deviance"",depth:1,features:651565318638162,nodes:null,decrease:8817505307863367,split:null,leaf:11,split:5,leaf:2286318389310239,estimators:468,change:65,presort:""auto"",state:42270,subsample:7192645825160061,tol:07024903490303082,fraction:46871811966335275,verbose:0,start:false,jobs:null,remainder:""passthrough"",threshold:0.3,weights:null,memory:null,threshold:0.0,memory:null"
"1662905","weka.RandomTree(11)","0.5063","K:0,M:1.0,V:0.001,S:1"
"568986","weka.JRip(5)","0.5058","F:3,N:2.0,O:2,S:1"
"1664424","weka.AdaBoostM1_JRip(3)","0.5058","F:3,N:2.0,O:2,S:1,P:100,S:1,I:10,W:JRip"
"6047787","sklearn.pipeline.Pipeline(imputation=openmlstudy14.preprocessing.ConditionalImputer,hotencoding=sklearn.preprocessing.data.OneHotEncoder,variencethreshold=sklearn.feature_selection.variance_threshold.VarianceThreshold,classifier=sklearn.svm.classes.SVC)(1)","0.5057","axis:0,features:[],copy:true,empty:0,values:""NaN"",strategy:""most_frequent"",nominal:""most_frequent"",verbose:0,features:[],dtype:float64""},unknown:""ignore"",values:""auto"",sparse:true,threshold:0.0,C:6136685258596,size:200,weight:null,coef0:0.0,shape:null,degree:3,gamma:359279432507972,kernel:""rbf"",iter:-1,probability:true,state:50108,shrinking:true,tol:0024070697640704284,verbose:false"
"6121412","sklearn.pipeline.Pipeline(imputation=openmlstudy14.preprocessing.ConditionalImputer,hotencoding=sklearn.preprocessing.data.OneHotEncoder,variencethreshold=sklearn.feature_selection.variance_threshold.VarianceThreshold,classifier=sklearn.svm.classes.SVC)(1)","0.5055","axis:0,features:[],copy:true,empty:0,values:""NaN"",strategy:""most_frequent"",nominal:""most_frequent"",verbose:0,features:[],dtype:float64""},unknown:""ignore"",values:""auto"",sparse:true,threshold:0.0,C:2037479446008,size:200,weight:null,coef0:0.0,shape:null,degree:3,gamma:69871978707672,kernel:""rbf"",iter:-1,probability:true,state:14083,shrinking:true,tol:0337039417435294,verbose:false"
"9889442","sklearn.pipeline.Pipeline(columntransformer=sklearn.compose._column_transformer.ColumnTransformer(numeric=sklearn.pipeline.Pipeline(imputer=sklearn.preprocessing.imputation.Imputer,standardscaler=sklearn.preprocessing.data.StandardScaler),nominal=sklearn.pipeline.Pipeline(simpleimputer=sklearn.impute.SimpleImputer,onehotencoder=sklearn.preprocessing._encoders.OneHotEncoder)),variancethreshold=sklearn.feature_selection.variance_threshold.VarianceThreshold,gradientboostingclassifier=sklearn.ensemble.gradient_boosting.GradientBoostingClassifier)(2)","0.5054","axis:0,copy:true,values:""NaN"",strategy:""most_frequent"",verbose:0,copy:true,mean:true,std:true,memory:null,copy:true,value:-1,values:NaN,strategy:""constant"",verbose:0,features:null,categories:null,dtype:float64""},unknown:""ignore"",values:null,sparse:true,criterion:""friedman_mse"",init:null,rate:07495072321211105,loss:""deviance"",depth:1,features:22621449813459105,nodes:null,decrease:2113586575329871,split:null,leaf:11,split:4,leaf:08187818227492122,estimators:442,change:38,presort:""auto"",state:46481,subsample:07205426114073188,tol:0027000676148147547,fraction:5455486734917576,verbose:0,start:false,jobs:null,remainder:""passthrough"",threshold:0.3,weights:null,memory:null,threshold:0.0,memory:null"
"8989162","sklearn.pipeline.Pipeline(imputation=openmlstudy14.preprocessing.ConditionalImputer,hotencoding=sklearn.preprocessing.data.OneHotEncoder,scaling=sklearn.preprocessing.data.StandardScaler,variencethreshold=sklearn.feature_selection.variance_threshold.VarianceThreshold,classifier=sklearn.svm.classes.SVC)(2)","0.5053","axis:0,features:[],copy:true,empty:0,values:""NaN"",strategy:""median"",nominal:""most_frequent"",verbose:0,features:[],dtype:float64""},unknown:""ignore"",values:""auto"",sparse:true,threshold:0.0,C:92800830479,size:200,weight:null,coef0:858988244198535,shape:null,degree:2,gamma:16256414570099711,kernel:""rbf"",iter:-1,probability:true,state:22685,shrinking:false,tol:5278418236245635e-05,verbose:false,copy:true,mean:false,std:true"
"6052454","sklearn.pipeline.Pipeline(imputation=openmlstudy14.preprocessing.ConditionalImputer,hotencoding=sklearn.preprocessing.data.OneHotEncoder,variencethreshold=sklearn.feature_selection.variance_threshold.VarianceThreshold,classifier=sklearn.svm.classes.SVC)(1)","0.505","axis:0,features:[],copy:true,empty:0,values:""NaN"",strategy:""median"",nominal:""most_frequent"",verbose:0,features:[],dtype:float64""},unknown:""ignore"",values:""auto"",sparse:true,threshold:0.0,C:1027739769045,size:200,weight:null,coef0:0.0,shape:null,degree:3,gamma:720147051254735,kernel:""rbf"",iter:-1,probability:true,state:22773,shrinking:true,tol:008503141961011164,verbose:false"
"9885882","sklearn.pipeline.Pipeline(columntransformer=sklearn.compose._column_transformer.ColumnTransformer(numeric=sklearn.pipeline.Pipeline(imputer=sklearn.preprocessing.imputation.Imputer,standardscaler=sklearn.preprocessing.data.StandardScaler),nominal=sklearn.pipeline.Pipeline(simpleimputer=sklearn.impute.SimpleImputer,onehotencoder=sklearn.preprocessing._encoders.OneHotEncoder)),variancethreshold=sklearn.feature_selection.variance_threshold.VarianceThreshold,gradientboostingclassifier=sklearn.ensemble.gradient_boosting.GradientBoostingClassifier)(1)","0.5047","memory:null,jobs:null,remainder:""passthrough"",threshold:0.3,weights:null,memory:null,axis:0,copy:true,values:""NaN"",strategy:""median"",verbose:0,copy:true,mean:true,std:true,memory:null,copy:true,value:-1,values:NaN,strategy:""constant"",verbose:0,features:null,categories:null,dtype:float64""},unknown:""ignore"",values:null,sparse:true,threshold:0.0,criterion:""friedman_mse"",init:null,rate:01023369410237399,loss:""deviance"",depth:4,features:6491890679915673,nodes:null,decrease:7134847376723288,split:null,leaf:15,split:17,leaf:24402770200392782,estimators:476,change:839,presort:""auto"",state:38514,subsample:8939655483654407,tol:6902140402155336e-05,fraction:5053948924150551,verbose:0,start:false"
"9893538","sklearn.pipeline.Pipeline(columntransformer=sklearn.compose._column_transformer.ColumnTransformer(numeric=sklearn.pipeline.Pipeline(imputer=sklearn.preprocessing.imputation.Imputer,standardscaler=sklearn.preprocessing.data.StandardScaler),nominal=sklearn.pipeline.Pipeline(simpleimputer=sklearn.impute.SimpleImputer,onehotencoder=sklearn.preprocessing._encoders.OneHotEncoder)),variancethreshold=sklearn.feature_selection.variance_threshold.VarianceThreshold,gradientboostingclassifier=sklearn.ensemble.gradient_boosting.GradientBoostingClassifier)(2)","0.5046","axis:0,copy:true,values:""NaN"",strategy:""median"",verbose:0,copy:true,mean:true,std:true,memory:null,copy:true,value:-1,values:NaN,strategy:""constant"",verbose:0,features:null,categories:null,dtype:float64""},unknown:""ignore"",values:null,sparse:true,criterion:""friedman_mse"",init:null,rate:03705128008379158,loss:""deviance"",depth:6,features:5964960852929623,nodes:null,decrease:45297060088721963,split:null,leaf:16,split:2,leaf:11590689273264104,estimators:207,change:524,presort:""auto"",state:19923,subsample:2097503468388725,tol:070542782340251e-05,fraction:9011588879307778,verbose:0,start:false,jobs:null,remainder:""passthrough"",threshold:0.3,weights:null,memory:null,threshold:0.0,memory:null"
"8983512","sklearn.pipeline.Pipeline(imputation=openmlstudy14.preprocessing.ConditionalImputer,hotencoding=sklearn.preprocessing.data.OneHotEncoder,scaling=sklearn.preprocessing.data.StandardScaler,variencethreshold=sklearn.feature_selection.variance_threshold.VarianceThreshold,classifier=sklearn.svm.classes.SVC)(2)","0.5046","axis:0,features:[],copy:true,empty:0,values:""NaN"",strategy:""most_frequent"",nominal:""most_frequent"",verbose:0,features:[],dtype:float64""},unknown:""ignore"",values:""auto"",sparse:true,threshold:0.0,C:028277243379,size:200,weight:null,coef0:6495868230591331,shape:null,degree:3,gamma:347371441428234e-05,kernel:""poly"",iter:-1,probability:true,state:47648,shrinking:true,tol:003916375443220075,verbose:false,copy:true,mean:false,std:true"
"9908360","sklearn.pipeline.Pipeline(columntransformer=sklearn.compose._column_transformer.ColumnTransformer(numeric=sklearn.pipeline.Pipeline(imputer=sklearn.preprocessing.imputation.Imputer,standardscaler=sklearn.preprocessing.data.StandardScaler),nominal=sklearn.pipeline.Pipeline(simpleimputer=sklearn.impute.SimpleImputer,onehotencoder=sklearn.preprocessing._encoders.OneHotEncoder)),variancethreshold=sklearn.feature_selection.variance_threshold.VarianceThreshold,gradientboostingclassifier=sklearn.ensemble.gradient_boosting.GradientBoostingClassifier)(1)","0.5045","memory:null,jobs:null,remainder:""passthrough"",threshold:0.3,weights:null,memory:null,axis:0,copy:true,values:""NaN"",strategy:""mean"",verbose:0,copy:true,mean:true,std:true,memory:null,copy:true,value:-1,values:NaN,strategy:""constant"",verbose:0,features:null,categories:null,dtype:float64""},unknown:""ignore"",values:null,sparse:true,threshold:0.0,criterion:""friedman_mse"",init:null,rate:07866650891815868,loss:""deviance"",depth:10,features:2768862522980915,nodes:null,decrease:07269754208468626,split:null,leaf:4,split:15,leaf:22964692873658665,estimators:64,change:268,presort:""auto"",state:63299,subsample:20056664032235771,tol:010724014125333622,fraction:07872180912327664,verbose:0,start:false"
"8980340","sklearn.pipeline.Pipeline(imputation=openmlstudy14.preprocessing.ConditionalImputer,hotencoding=sklearn.preprocessing.data.OneHotEncoder,scaling=sklearn.preprocessing.data.StandardScaler,variencethreshold=sklearn.feature_selection.variance_threshold.VarianceThreshold,classifier=sklearn.svm.classes.SVC)(2)","0.5043","axis:0,features:[],copy:true,empty:0,values:""NaN"",strategy:""median"",nominal:""most_frequent"",verbose:0,features:[],dtype:float64""},unknown:""ignore"",values:""auto"",sparse:true,threshold:0.0,C:3719851623161845,size:200,weight:null,coef0:9492867072392701,shape:null,degree:2,gamma:6558472023923314,kernel:""rbf"",iter:-1,probability:true,state:46921,shrinking:false,tol:007647073158986437,verbose:false,copy:true,mean:false,std:true"
"1701374","weka.J48(33)","0.5043","C:0.25,M:128"
"8977058","sklearn.pipeline.Pipeline(imputation=openmlstudy14.preprocessing.ConditionalImputer,hotencoding=sklearn.preprocessing.data.OneHotEncoder,scaling=sklearn.preprocessing.data.StandardScaler,variencethreshold=sklearn.feature_selection.variance_threshold.VarianceThreshold,classifier=sklearn.svm.classes.SVC)(2)","0.5032","axis:0,features:[],copy:true,empty:0,values:""NaN"",strategy:""most_frequent"",nominal:""most_frequent"",verbose:0,features:[],dtype:float64""},unknown:""ignore"",values:""auto"",sparse:true,threshold:0.0,C:38563838911958,size:200,weight:null,coef0:8702489944800538,shape:null,degree:2,gamma:00022132281298079846,kernel:""rbf"",iter:-1,probability:true,state:58640,shrinking:false,tol:02254790707932834,verbose:false,copy:true,mean:false,std:true"
"6052899","sklearn.pipeline.Pipeline(imputation=openmlstudy14.preprocessing.ConditionalImputer,hotencoding=sklearn.preprocessing.data.OneHotEncoder,variencethreshold=sklearn.feature_selection.variance_threshold.VarianceThreshold,classifier=sklearn.svm.classes.SVC)(1)","0.5027","axis:0,features:[],copy:true,empty:0,values:""NaN"",strategy:""mean"",nominal:""most_frequent"",verbose:0,features:[],dtype:float64""},unknown:""ignore"",values:""auto"",sparse:true,threshold:0.0,C:13897002476716,size:200,weight:null,coef0:0.0,shape:null,degree:3,gamma:82618655932944,kernel:""rbf"",iter:-1,probability:true,state:62472,shrinking:true,tol:0002417420128663668,verbose:false"
"9899439","sklearn.pipeline.Pipeline(columntransformer=sklearn.compose._column_transformer.ColumnTransformer(numeric=sklearn.pipeline.Pipeline(imputer=sklearn.preprocessing.imputation.Imputer,standardscaler=sklearn.preprocessing.data.StandardScaler),nominal=sklearn.pipeline.Pipeline(simpleimputer=sklearn.impute.SimpleImputer,onehotencoder=sklearn.preprocessing._encoders.OneHotEncoder)),variancethreshold=sklearn.feature_selection.variance_threshold.VarianceThreshold,gradientboostingclassifier=sklearn.ensemble.gradient_boosting.GradientBoostingClassifier)(2)","0.502","axis:0,copy:true,values:""NaN"",strategy:""mean"",verbose:0,copy:true,mean:true,std:true,memory:null,copy:true,value:-1,values:NaN,strategy:""constant"",verbose:0,features:null,categories:null,dtype:float64""},unknown:""ignore"",values:null,sparse:true,criterion:""friedman_mse"",init:null,rate:015962060358528773,loss:""deviance"",depth:5,features:8394436111300333,nodes:null,decrease:37046273215750436,split:null,leaf:2,split:11,leaf:2802836166012373,estimators:239,change:314,presort:""auto"",state:14354,subsample:47590086240401586,tol:000690860090620171,fraction:18104913565370107,verbose:0,start:false,jobs:null,remainder:""passthrough"",threshold:0.3,weights:null,memory:null,threshold:0.0,memory:null"
"9891218","sklearn.pipeline.Pipeline(columntransformer=sklearn.compose._column_transformer.ColumnTransformer(numeric=sklearn.pipeline.Pipeline(imputer=sklearn.preprocessing.imputation.Imputer,standardscaler=sklearn.preprocessing.data.StandardScaler),nominal=sklearn.pipeline.Pipeline(simpleimputer=sklearn.impute.SimpleImputer,onehotencoder=sklearn.preprocessing._encoders.OneHotEncoder)),variancethreshold=sklearn.feature_selection.variance_threshold.VarianceThreshold,gradientboostingclassifier=sklearn.ensemble.gradient_boosting.GradientBoostingClassifier)(2)","0.5012","axis:0,copy:true,values:""NaN"",strategy:""most_frequent"",verbose:0,copy:true,mean:true,std:true,memory:null,copy:true,value:-1,values:NaN,strategy:""constant"",verbose:0,features:null,categories:null,dtype:float64""},unknown:""ignore"",values:null,sparse:true,criterion:""friedman_mse"",init:null,rate:06456202760912737,loss:""deviance"",depth:1,features:7203650997699014,nodes:null,decrease:5781622186318863,split:null,leaf:12,split:2,leaf:3602504573985889,estimators:482,change:640,presort:""auto"",state:30892,subsample:16452437620017013,tol:004790827232464564,fraction:12115692392599609,verbose:0,start:false,jobs:null,remainder:""passthrough"",threshold:0.3,weights:null,memory:null,threshold:0.0,memory:null"
"8990013","sklearn.pipeline.Pipeline(imputation=openmlstudy14.preprocessing.ConditionalImputer,hotencoding=sklearn.preprocessing.data.OneHotEncoder,scaling=sklearn.preprocessing.data.StandardScaler,variencethreshold=sklearn.feature_selection.variance_threshold.VarianceThreshold,classifier=sklearn.svm.classes.SVC)(2)","0.5011","axis:0,features:[],copy:true,empty:0,values:""NaN"",strategy:""median"",nominal:""most_frequent"",verbose:0,features:[],dtype:float64""},unknown:""ignore"",values:""auto"",sparse:true,threshold:0.0,C:198081895991432,size:200,weight:null,coef0:6785232513183181,shape:null,degree:5,gamma:087211400617528,kernel:""rbf"",iter:-1,probability:true,state:60991,shrinking:false,tol:00025222102737931573,verbose:false,copy:true,mean:false,std:true"
"1814922","weka.MultilayerPerceptron(4)","0.5003","L:0.3,M:0.2,N:500,V:0,S:0,E:20,H:20"
"1664594","weka.MultilayerPerceptron(4)","0.4998","L:0.3,M:0.2,N:500,V:0,S:0,E:20,H:a"
"1762133","weka.LogitBoost_DecisionStump(6)","0.4997","P:100,L:7976931348623157E308,H:1.0,Z:3.0,O:1,E:1,S:1,I:10,W:DecisionStump"
"9917623","sklearn.pipeline.Pipeline(columntransformer=sklearn.compose._column_transformer.ColumnTransformer(numeric=sklearn.pipeline.Pipeline(imputer=sklearn.preprocessing.imputation.Imputer,standardscaler=sklearn.preprocessing.data.StandardScaler),nominal=sklearn.pipeline.Pipeline(simpleimputer=sklearn.impute.SimpleImputer,onehotencoder=sklearn.preprocessing._encoders.OneHotEncoder)),variancethreshold=sklearn.feature_selection.variance_threshold.VarianceThreshold,gradientboostingclassifier=sklearn.ensemble.gradient_boosting.GradientBoostingClassifier)(1)","0.4994","memory:null,jobs:null,remainder:""passthrough"",threshold:0.3,weights:null,memory:null,axis:0,copy:true,values:""NaN"",strategy:""mean"",verbose:0,copy:true,mean:true,std:true,memory:null,copy:true,value:-1,values:NaN,strategy:""constant"",verbose:0,features:null,categories:null,dtype:float64""},unknown:""ignore"",values:null,sparse:true,threshold:0.0,criterion:""friedman_mse"",init:null,rate:16138776500785748,loss:""deviance"",depth:4,features:2311517073525179,nodes:null,decrease:6675883342686277,split:null,leaf:14,split:2,leaf:39156054126657586,estimators:183,change:95,presort:""auto"",state:29418,subsample:3897824109342942,tol:00015861417344707063,fraction:21548767548557646,verbose:0,start:false"
"9882723","sklearn.pipeline.Pipeline(columntransformer=sklearn.compose._column_transformer.ColumnTransformer(numeric=sklearn.pipeline.Pipeline(imputer=sklearn.preprocessing.imputation.Imputer,standardscaler=sklearn.preprocessing.data.StandardScaler),nominal=sklearn.pipeline.Pipeline(simpleimputer=sklearn.impute.SimpleImputer,onehotencoder=sklearn.preprocessing._encoders.OneHotEncoder)),variancethreshold=sklearn.feature_selection.variance_threshold.VarianceThreshold,gradientboostingclassifier=sklearn.ensemble.gradient_boosting.GradientBoostingClassifier)(2)","0.4991","axis:0,copy:true,values:""NaN"",strategy:""most_frequent"",verbose:0,copy:true,mean:true,std:true,memory:null,copy:true,value:-1,values:NaN,strategy:""constant"",verbose:0,features:null,categories:null,dtype:float64""},unknown:""ignore"",values:null,sparse:true,criterion:""friedman_mse"",init:null,rate:8344643200926185,loss:""deviance"",depth:2,features:20492305994078963,nodes:null,decrease:25737830475036394,split:null,leaf:13,split:9,leaf:366874274347247,estimators:154,change:898,presort:""auto"",state:24136,subsample:9574032304284579,tol:005316007238069451,fraction:36342427361366814,verbose:0,start:false,jobs:null,remainder:""passthrough"",threshold:0.3,weights:null,memory:null,threshold:0.0,memory:null"
"9203014","sklearn.pipeline.Pipeline(imputation=openmlstudy14.preprocessing.ConditionalImputer,hotencoding=sklearn.preprocessing.data.OneHotEncoder,scaling=sklearn.preprocessing.data.StandardScaler,variencethreshold=sklearn.feature_selection.variance_threshold.VarianceThreshold,classifier=sklearn.svm.classes.SVC)(2)","0.4991","axis:0,features:[],copy:true,empty:0,values:""NaN"",strategy:""median"",nominal:""most_frequent"",verbose:0,features:[],dtype:float64""},unknown:""ignore"",values:""auto"",sparse:true,threshold:0.0,C:85784412083382,size:200,weight:null,coef0:22380672889756603,shape:null,degree:4,gamma:0006102982554705307,kernel:""poly"",iter:-1,probability:true,state:26173,shrinking:true,tol:007666907110845062,verbose:false,copy:true,mean:false,std:true"
"8983903","sklearn.pipeline.Pipeline(imputation=openmlstudy14.preprocessing.ConditionalImputer,hotencoding=sklearn.preprocessing.data.OneHotEncoder,scaling=sklearn.preprocessing.data.StandardScaler,variencethreshold=sklearn.feature_selection.variance_threshold.VarianceThreshold,classifier=sklearn.svm.classes.SVC)(2)","0.4989","axis:0,features:[],copy:true,empty:0,values:""NaN"",strategy:""mean"",nominal:""most_frequent"",verbose:0,features:[],dtype:float64""},unknown:""ignore"",values:""auto"",sparse:true,threshold:0.0,C:4377324726563,size:200,weight:null,coef0:8880956285984285,shape:null,degree:3,gamma:00014902948894200804,kernel:""poly"",iter:-1,probability:true,state:30657,shrinking:false,tol:621117380097604e-05,verbose:false,copy:true,mean:false,std:true"
"9891610","sklearn.pipeline.Pipeline(columntransformer=sklearn.compose._column_transformer.ColumnTransformer(numeric=sklearn.pipeline.Pipeline(imputer=sklearn.preprocessing.imputation.Imputer,standardscaler=sklearn.preprocessing.data.StandardScaler),nominal=sklearn.pipeline.Pipeline(simpleimputer=sklearn.impute.SimpleImputer,onehotencoder=sklearn.preprocessing._encoders.OneHotEncoder)),variancethreshold=sklearn.feature_selection.variance_threshold.VarianceThreshold,gradientboostingclassifier=sklearn.ensemble.gradient_boosting.GradientBoostingClassifier)(2)","0.4984","axis:0,copy:true,values:""NaN"",strategy:""most_frequent"",verbose:0,copy:true,mean:true,std:true,memory:null,copy:true,value:-1,values:NaN,strategy:""constant"",verbose:0,features:null,categories:null,dtype:float64""},unknown:""ignore"",values:null,sparse:true,criterion:""friedman_mse"",init:null,rate:07295043998680864,loss:""deviance"",depth:6,features:23794259766220727,nodes:null,decrease:6726992125855449,split:null,leaf:17,split:9,leaf:30627637940060676,estimators:242,change:734,presort:""auto"",state:59457,subsample:7874688531021189,tol:002676430730657552,fraction:6525197898605232,verbose:0,start:false,jobs:null,remainder:""passthrough"",threshold:0.3,weights:null,memory:null,threshold:0.0,memory:null"
"6053951","sklearn.pipeline.Pipeline(imputation=openmlstudy14.preprocessing.ConditionalImputer,hotencoding=sklearn.preprocessing.data.OneHotEncoder,variencethreshold=sklearn.feature_selection.variance_threshold.VarianceThreshold,classifier=sklearn.svm.classes.SVC)(1)","0.4984","axis:0,features:[],copy:true,empty:0,values:""NaN"",strategy:""most_frequent"",nominal:""most_frequent"",verbose:0,features:[],dtype:float64""},unknown:""ignore"",values:""auto"",sparse:true,threshold:0.0,C:5481554067774,size:200,weight:null,coef0:20457777494161422,shape:null,degree:3,gamma:374494459604428,kernel:""sigmoid"",iter:-1,probability:true,state:9589,shrinking:false,tol:0001035046924807939,verbose:false"
"9914876","sklearn.pipeline.Pipeline(columntransformer=sklearn.compose._column_transformer.ColumnTransformer(numeric=sklearn.pipeline.Pipeline(imputer=sklearn.preprocessing.imputation.Imputer,standardscaler=sklearn.preprocessing.data.StandardScaler),nominal=sklearn.pipeline.Pipeline(simpleimputer=sklearn.impute.SimpleImputer,onehotencoder=sklearn.preprocessing._encoders.OneHotEncoder)),variancethreshold=sklearn.feature_selection.variance_threshold.VarianceThreshold,gradientboostingclassifier=sklearn.ensemble.gradient_boosting.GradientBoostingClassifier)(1)","0.4983","memory:null,jobs:null,remainder:""passthrough"",threshold:0.3,weights:null,memory:null,axis:0,copy:true,values:""NaN"",strategy:""most_frequent"",verbose:0,copy:true,mean:true,std:true,memory:null,copy:true,value:-1,values:NaN,strategy:""constant"",verbose:0,features:null,categories:null,dtype:float64""},unknown:""ignore"",values:null,sparse:true,threshold:0.0,criterion:""friedman_mse"",init:null,rate:06547975810631965,loss:""deviance"",depth:1,features:35605423354994326,nodes:null,decrease:05973297439983638,split:null,leaf:17,split:16,leaf:3544090603670753,estimators:298,change:601,presort:""auto"",state:3258,subsample:40991771721777137,tol:00026002561963632325,fraction:4602741550667271,verbose:0,start:false"
"1810923","weka.AttributeSelectedClassifier_MultilayerPerceptron(1)","0.4982","L:0.3,M:0.2,N:500,V:0,S:0,E:20,H:10,E:CfsSubsetEval -P 1 -E 1,S:BestFirst -D 1 -N 5,W:MultilayerPerceptron"
"9879959","sklearn.pipeline.Pipeline(columntransformer=sklearn.compose._column_transformer.ColumnTransformer(numeric=sklearn.pipeline.Pipeline(imputer=sklearn.preprocessing.imputation.Imputer,standardscaler=sklearn.preprocessing.data.StandardScaler),nominal=sklearn.pipeline.Pipeline(simpleimputer=sklearn.impute.SimpleImputer,onehotencoder=sklearn.preprocessing._encoders.OneHotEncoder)),variancethreshold=sklearn.feature_selection.variance_threshold.VarianceThreshold,gradientboostingclassifier=sklearn.ensemble.gradient_boosting.GradientBoostingClassifier)(1)","0.498","memory:null,jobs:null,remainder:""passthrough"",threshold:0.3,weights:null,memory:null,axis:0,copy:true,values:""NaN"",strategy:""mean"",verbose:0,copy:true,mean:true,std:true,memory:null,copy:true,value:-1,values:NaN,strategy:""constant"",verbose:0,features:null,categories:null,dtype:float64""},unknown:""ignore"",values:null,sparse:true,threshold:0.0,criterion:""friedman_mse"",init:null,rate:02498472283843279,loss:""deviance"",depth:2,features:6990367982633969,nodes:null,decrease:32685531319259875,split:null,leaf:3,split:9,leaf:12545450363087046,estimators:81,change:233,presort:""auto"",state:20856,subsample:7934736127943235,tol:3001594565690369e-05,fraction:5614065748446153,verbose:0,start:false"
"1811045","weka.MultilayerPerceptron(4)","0.4977","L:0.3,M:0.2,N:500,V:0,S:0,E:20,H:10"
"1814762","weka.MultilayerPerceptron(4)","0.4977","L:0.3,M:0.2,N:500,V:0,S:0,E:20,H:10, 10"
"9908581","sklearn.pipeline.Pipeline(columntransformer=sklearn.compose._column_transformer.ColumnTransformer(numeric=sklearn.pipeline.Pipeline(imputer=sklearn.preprocessing.imputation.Imputer,standardscaler=sklearn.preprocessing.data.StandardScaler),nominal=sklearn.pipeline.Pipeline(simpleimputer=sklearn.impute.SimpleImputer,onehotencoder=sklearn.preprocessing._encoders.OneHotEncoder)),variancethreshold=sklearn.feature_selection.variance_threshold.VarianceThreshold,gradientboostingclassifier=sklearn.ensemble.gradient_boosting.GradientBoostingClassifier)(1)","0.4975","memory:null,jobs:null,remainder:""passthrough"",threshold:0.3,weights:null,memory:null,axis:0,copy:true,values:""NaN"",strategy:""most_frequent"",verbose:0,copy:true,mean:true,std:true,memory:null,copy:true,value:-1,values:NaN,strategy:""constant"",verbose:0,features:null,categories:null,dtype:float64""},unknown:""ignore"",values:null,sparse:true,threshold:0.0,criterion:""friedman_mse"",init:null,rate:47653614519220033,loss:""deviance"",depth:6,features:07767214223258734,nodes:null,decrease:9890387420254477,split:null,leaf:4,split:13,leaf:23777205499928306,estimators:187,change:540,presort:""auto"",state:13145,subsample:5651490856247094,tol:0031982745050295014,fraction:5990159459040529,verbose:0,start:false"
"8976904","sklearn.pipeline.Pipeline(imputation=openmlstudy14.preprocessing.ConditionalImputer,hotencoding=sklearn.preprocessing.data.OneHotEncoder,scaling=sklearn.preprocessing.data.StandardScaler,variencethreshold=sklearn.feature_selection.variance_threshold.VarianceThreshold,classifier=sklearn.svm.classes.SVC)(2)","0.4975","axis:0,features:[],copy:true,empty:0,values:""NaN"",strategy:""most_frequent"",nominal:""most_frequent"",verbose:0,features:[],dtype:float64""},unknown:""ignore"",values:""auto"",sparse:true,threshold:0.0,C:04976974071417,size:200,weight:null,coef0:08098324430805737,shape:null,degree:4,gamma:8744395351296204,kernel:""rbf"",iter:-1,probability:true,state:34093,shrinking:true,tol:09721252257350164,verbose:false,copy:true,mean:false,std:true"
"1665765","weka.DTNB(4)","0.497","X:1"
"9869873","sklearn.pipeline.Pipeline(columntransformer=sklearn.compose._column_transformer.ColumnTransformer(numeric=sklearn.pipeline.Pipeline(imputer=sklearn.preprocessing.imputation.Imputer,standardscaler=sklearn.preprocessing.data.StandardScaler),nominal=sklearn.pipeline.Pipeline(simpleimputer=sklearn.impute.SimpleImputer,onehotencoder=sklearn.preprocessing._encoders.OneHotEncoder)),variancethreshold=sklearn.feature_selection.variance_threshold.VarianceThreshold,gradientboostingclassifier=sklearn.ensemble.gradient_boosting.GradientBoostingClassifier)(1)","0.4965","memory:null,jobs:null,remainder:""passthrough"",threshold:0.3,weights:null,memory:null,axis:0,copy:true,values:""NaN"",strategy:""most_frequent"",verbose:0,copy:true,mean:true,std:true,memory:null,copy:true,value:-1,values:NaN,strategy:""constant"",verbose:0,features:null,categories:null,dtype:float64""},unknown:""ignore"",values:null,sparse:true,threshold:0.0,criterion:""friedman_mse"",init:null,rate:7509385576190583,loss:""deviance"",depth:8,features:9696406543681529,nodes:null,decrease:17484266175679908,split:null,leaf:19,split:4,leaf:3530931054202672,estimators:331,change:657,presort:""auto"",state:17606,subsample:4413190132717266,tol:00022301880995157788,fraction:0038789558759640963,verbose:0,start:false"
"6047947","sklearn.pipeline.Pipeline(imputation=openmlstudy14.preprocessing.ConditionalImputer,hotencoding=sklearn.preprocessing.data.OneHotEncoder,variencethreshold=sklearn.feature_selection.variance_threshold.VarianceThreshold,classifier=sklearn.svm.classes.SVC)(1)","0.4965","axis:0,features:[],copy:true,empty:0,values:""NaN"",strategy:""most_frequent"",nominal:""most_frequent"",verbose:0,features:[],dtype:float64""},unknown:""ignore"",values:""auto"",sparse:true,threshold:0.0,C:57813090477714,size:200,weight:null,coef0:0.0,shape:null,degree:3,gamma:7959200499943977,kernel:""rbf"",iter:-1,probability:true,state:41772,shrinking:false,tol:4503834234334375e-05,verbose:false"
"6050019","sklearn.pipeline.Pipeline(imputation=openmlstudy14.preprocessing.ConditionalImputer,hotencoding=sklearn.preprocessing.data.OneHotEncoder,variencethreshold=sklearn.feature_selection.variance_threshold.VarianceThreshold,classifier=sklearn.svm.classes.SVC)(1)","0.4965","axis:0,features:[],copy:true,empty:0,values:""NaN"",strategy:""median"",nominal:""most_frequent"",verbose:0,features:[],dtype:float64""},unknown:""ignore"",values:""auto"",sparse:true,threshold:0.0,C:99988123114983,size:200,weight:null,coef0:0.0,shape:null,degree:3,gamma:536096232245512,kernel:""rbf"",iter:-1,probability:true,state:32469,shrinking:false,tol:00031057851808824255,verbose:false"
"9868605","sklearn.pipeline.Pipeline(columntransformer=sklearn.compose._column_transformer.ColumnTransformer(numeric=sklearn.pipeline.Pipeline(imputer=sklearn.preprocessing.imputation.Imputer,standardscaler=sklearn.preprocessing.data.StandardScaler),nominal=sklearn.pipeline.Pipeline(simpleimputer=sklearn.impute.SimpleImputer,onehotencoder=sklearn.preprocessing._encoders.OneHotEncoder)),variancethreshold=sklearn.feature_selection.variance_threshold.VarianceThreshold,gradientboostingclassifier=sklearn.ensemble.gradient_boosting.GradientBoostingClassifier)(2)","0.4964","axis:0,copy:true,values:""NaN"",strategy:""mean"",verbose:0,copy:true,mean:true,std:true,memory:null,copy:true,value:-1,values:NaN,strategy:""constant"",verbose:0,features:null,categories:null,dtype:float64""},unknown:""ignore"",values:null,sparse:true,criterion:""friedman_mse"",init:null,rate:010091475820856191,loss:""deviance"",depth:1,features:4013402670770466,nodes:null,decrease:9700536260793529,split:null,leaf:1,split:5,leaf:05567177769161563,estimators:470,change:605,presort:""auto"",state:50554,subsample:6451664726400652,tol:07011494314380745,fraction:6747906396044984,verbose:0,start:false,jobs:null,remainder:""passthrough"",threshold:0.3,weights:null,memory:null,threshold:0.0,memory:null"
"8992200","sklearn.pipeline.Pipeline(imputation=openmlstudy14.preprocessing.ConditionalImputer,hotencoding=sklearn.preprocessing.data.OneHotEncoder,scaling=sklearn.preprocessing.data.StandardScaler,variencethreshold=sklearn.feature_selection.variance_threshold.VarianceThreshold,classifier=sklearn.svm.classes.SVC)(2)","0.4964","axis:0,features:[],copy:true,empty:0,values:""NaN"",strategy:""median"",nominal:""most_frequent"",verbose:0,features:[],dtype:float64""},unknown:""ignore"",values:""auto"",sparse:true,threshold:0.0,C:451273354351,size:200,weight:null,coef0:21709163933817144,shape:null,degree:5,gamma:0025246208126183667,kernel:""poly"",iter:-1,probability:true,state:32093,shrinking:false,tol:002981110364580289,verbose:false,copy:true,mean:false,std:true"
"6128454","sklearn.pipeline.Pipeline(imputation=openmlstudy14.preprocessing.ConditionalImputer,hotencoding=sklearn.preprocessing.data.OneHotEncoder,variencethreshold=sklearn.feature_selection.variance_threshold.VarianceThreshold,classifier=sklearn.svm.classes.SVC)(1)","0.4962","axis:0,features:[],copy:true,empty:0,values:""NaN"",strategy:""median"",nominal:""most_frequent"",verbose:0,features:[],dtype:float64""},unknown:""ignore"",values:""auto"",sparse:true,threshold:0.0,C:3427518398175,size:200,weight:null,coef0:0.0,shape:null,degree:3,gamma:8175540587445382,kernel:""rbf"",iter:-1,probability:true,state:56250,shrinking:true,tol:0001744590034340439,verbose:false"
"9899950","sklearn.pipeline.Pipeline(columntransformer=sklearn.compose._column_transformer.ColumnTransformer(numeric=sklearn.pipeline.Pipeline(imputer=sklearn.preprocessing.imputation.Imputer,standardscaler=sklearn.preprocessing.data.StandardScaler),nominal=sklearn.pipeline.Pipeline(simpleimputer=sklearn.impute.SimpleImputer,onehotencoder=sklearn.preprocessing._encoders.OneHotEncoder)),variancethreshold=sklearn.feature_selection.variance_threshold.VarianceThreshold,gradientboostingclassifier=sklearn.ensemble.gradient_boosting.GradientBoostingClassifier)(2)","0.4961","axis:0,copy:true,values:""NaN"",strategy:""median"",verbose:0,copy:true,mean:true,std:true,memory:null,copy:true,value:-1,values:NaN,strategy:""constant"",verbose:0,features:null,categories:null,dtype:float64""},unknown:""ignore"",values:null,sparse:true,criterion:""friedman_mse"",init:null,rate:036784643447489905,loss:""deviance"",depth:1,features:11995971559857688,nodes:null,decrease:014702802641761048,split:null,leaf:17,split:5,leaf:11731732952140222,estimators:208,change:535,presort:""auto"",state:28460,subsample:6798657095892533,tol:287228271092548e-05,fraction:2474811091677549,verbose:0,start:false,jobs:null,remainder:""passthrough"",threshold:0.3,weights:null,memory:null,threshold:0.0,memory:null"
"6053540","sklearn.pipeline.Pipeline(imputation=openmlstudy14.preprocessing.ConditionalImputer,hotencoding=sklearn.preprocessing.data.OneHotEncoder,variencethreshold=sklearn.feature_selection.variance_threshold.VarianceThreshold,classifier=sklearn.svm.classes.SVC)(1)","0.4957","axis:0,features:[],copy:true,empty:0,values:""NaN"",strategy:""mean"",nominal:""most_frequent"",verbose:0,features:[],dtype:float64""},unknown:""ignore"",values:""auto"",sparse:true,threshold:0.0,C:9021114155237,size:200,weight:null,coef0:580969685615244,shape:null,degree:3,gamma:625263399811064,kernel:""sigmoid"",iter:-1,probability:true,state:337,shrinking:false,tol:00019392512354650388,verbose:false"
"1665530","weka.Ridor(4)","0.4956","F:3,S:1,N:2.0"
"9871526","sklearn.pipeline.Pipeline(columntransformer=sklearn.compose._column_transformer.ColumnTransformer(numeric=sklearn.pipeline.Pipeline(imputer=sklearn.preprocessing.imputation.Imputer,standardscaler=sklearn.preprocessing.data.StandardScaler),nominal=sklearn.pipeline.Pipeline(simpleimputer=sklearn.impute.SimpleImputer,onehotencoder=sklearn.preprocessing._encoders.OneHotEncoder)),variancethreshold=sklearn.feature_selection.variance_threshold.VarianceThreshold,gradientboostingclassifier=sklearn.ensemble.gradient_boosting.GradientBoostingClassifier)(1)","0.4954","memory:null,jobs:null,remainder:""passthrough"",threshold:0.3,weights:null,memory:null,axis:0,copy:true,values:""NaN"",strategy:""mean"",verbose:0,copy:true,mean:true,std:true,memory:null,copy:true,value:-1,values:NaN,strategy:""constant"",verbose:0,features:null,categories:null,dtype:float64""},unknown:""ignore"",values:null,sparse:true,threshold:0.0,criterion:""friedman_mse"",init:null,rate:01450927750147859,loss:""deviance"",depth:10,features:7535559327273914,nodes:null,decrease:8356188783232449,split:null,leaf:14,split:4,leaf:26683125030500005,estimators:183,change:297,presort:""auto"",state:9146,subsample:12307861638765061,tol:93702673112881e-05,fraction:2188710932722442,verbose:0,start:false"
"8981665","sklearn.pipeline.Pipeline(imputation=openmlstudy14.preprocessing.ConditionalImputer,hotencoding=sklearn.preprocessing.data.OneHotEncoder,scaling=sklearn.preprocessing.data.StandardScaler,variencethreshold=sklearn.feature_selection.variance_threshold.VarianceThreshold,classifier=sklearn.svm.classes.SVC)(2)","0.4954","axis:0,features:[],copy:true,empty:0,values:""NaN"",strategy:""most_frequent"",nominal:""most_frequent"",verbose:0,features:[],dtype:float64""},unknown:""ignore"",values:""auto"",sparse:true,threshold:0.0,C:38184859951,size:200,weight:null,coef0:22384939843287954,shape:null,degree:3,gamma:2107167048245344,kernel:""rbf"",iter:-1,probability:true,state:4301,shrinking:true,tol:9174387591970576e-05,verbose:false,copy:true,mean:false,std:true"
"6131486","sklearn.pipeline.Pipeline(imputation=openmlstudy14.preprocessing.ConditionalImputer,hotencoding=sklearn.preprocessing.data.OneHotEncoder,variencethreshold=sklearn.feature_selection.variance_threshold.VarianceThreshold,classifier=sklearn.svm.classes.SVC)(1)","0.4954","axis:0,features:[],copy:true,empty:0,values:""NaN"",strategy:""mean"",nominal:""most_frequent"",verbose:0,features:[],dtype:float64""},unknown:""ignore"",values:""auto"",sparse:true,threshold:0.0,C:25065778253727,size:200,weight:null,coef0:0.0,shape:null,degree:3,gamma:9013564819136533,kernel:""rbf"",iter:-1,probability:true,state:61258,shrinking:false,tol:02719339572672679,verbose:false"
"6123203","sklearn.pipeline.Pipeline(imputation=openmlstudy14.preprocessing.ConditionalImputer,hotencoding=sklearn.preprocessing.data.OneHotEncoder,variencethreshold=sklearn.feature_selection.variance_threshold.VarianceThreshold,classifier=sklearn.svm.classes.SVC)(1)","0.4952","axis:0,features:[],copy:true,empty:0,values:""NaN"",strategy:""most_frequent"",nominal:""most_frequent"",verbose:0,features:[],dtype:float64""},unknown:""ignore"",values:""auto"",sparse:true,threshold:0.0,C:283089952572,size:200,weight:null,coef0:5497373207639591,shape:null,degree:3,gamma:6526829770718716,kernel:""sigmoid"",iter:-1,probability:true,state:621,shrinking:false,tol:004399261260589841,verbose:false"
"6142284","sklearn.pipeline.Pipeline(imputation=openmlstudy14.preprocessing.ConditionalImputer,hotencoding=sklearn.preprocessing.data.OneHotEncoder,variencethreshold=sklearn.feature_selection.variance_threshold.VarianceThreshold,classifier=sklearn.svm.classes.SVC)(1)","0.495","axis:0,features:[],copy:true,empty:0,values:""NaN"",strategy:""most_frequent"",nominal:""most_frequent"",verbose:0,features:[],dtype:float64""},unknown:""ignore"",values:""auto"",sparse:true,threshold:0.0,C:74265359477758,size:200,weight:null,coef0:0.0,shape:null,degree:3,gamma:921162940882639,kernel:""rbf"",iter:-1,probability:true,state:61408,shrinking:true,tol:0003043786723389339,verbose:false"
"9904033","sklearn.pipeline.Pipeline(columntransformer=sklearn.compose._column_transformer.ColumnTransformer(numeric=sklearn.pipeline.Pipeline(imputer=sklearn.preprocessing.imputation.Imputer,standardscaler=sklearn.preprocessing.data.StandardScaler),nominal=sklearn.pipeline.Pipeline(simpleimputer=sklearn.impute.SimpleImputer,onehotencoder=sklearn.preprocessing._encoders.OneHotEncoder)),variancethreshold=sklearn.feature_selection.variance_threshold.VarianceThreshold,gradientboostingclassifier=sklearn.ensemble.gradient_boosting.GradientBoostingClassifier)(2)","0.4945","axis:0,copy:true,values:""NaN"",strategy:""mean"",verbose:0,copy:true,mean:true,std:true,memory:null,copy:true,value:-1,values:NaN,strategy:""constant"",verbose:0,features:null,categories:null,dtype:float64""},unknown:""ignore"",values:null,sparse:true,criterion:""friedman_mse"",init:null,rate:817345925550919,loss:""deviance"",depth:3,features:4359847358935621,nodes:null,decrease:702531856749507,split:null,leaf:20,split:14,leaf:13932201942111028,estimators:145,change:618,presort:""auto"",state:10037,subsample:9785603492150451,tol:0043973530030144,fraction:8252811621336209,verbose:0,start:false,jobs:null,remainder:""passthrough"",threshold:0.3,weights:null,memory:null,threshold:0.0,memory:null"
"9908351","sklearn.pipeline.Pipeline(columntransformer=sklearn.compose._column_transformer.ColumnTransformer(numeric=sklearn.pipeline.Pipeline(imputer=sklearn.preprocessing.imputation.Imputer,standardscaler=sklearn.preprocessing.data.StandardScaler),nominal=sklearn.pipeline.Pipeline(simpleimputer=sklearn.impute.SimpleImputer,onehotencoder=sklearn.preprocessing._encoders.OneHotEncoder)),variancethreshold=sklearn.feature_selection.variance_threshold.VarianceThreshold,gradientboostingclassifier=sklearn.ensemble.gradient_boosting.GradientBoostingClassifier)(1)","0.4943","memory:null,jobs:null,remainder:""passthrough"",threshold:0.3,weights:null,memory:null,axis:0,copy:true,values:""NaN"",strategy:""median"",verbose:0,copy:true,mean:true,std:true,memory:null,copy:true,value:-1,values:NaN,strategy:""constant"",verbose:0,features:null,categories:null,dtype:float64""},unknown:""ignore"",values:null,sparse:true,threshold:0.0,criterion:""friedman_mse"",init:null,rate:35147520342699884,loss:""deviance"",depth:7,features:1896682965685328,nodes:null,decrease:6148797411828709,split:null,leaf:3,split:6,leaf:20299923641916634,estimators:79,change:126,presort:""auto"",state:10015,subsample:06169874118472651,tol:0003394716024624901,fraction:09535281322502187,verbose:0,start:false"
"9888701","sklearn.pipeline.Pipeline(columntransformer=sklearn.compose._column_transformer.ColumnTransformer(numeric=sklearn.pipeline.Pipeline(imputer=sklearn.preprocessing.imputation.Imputer,standardscaler=sklearn.preprocessing.data.StandardScaler),nominal=sklearn.pipeline.Pipeline(simpleimputer=sklearn.impute.SimpleImputer,onehotencoder=sklearn.preprocessing._encoders.OneHotEncoder)),variancethreshold=sklearn.feature_selection.variance_threshold.VarianceThreshold,gradientboostingclassifier=sklearn.ensemble.gradient_boosting.GradientBoostingClassifier)(2)","0.4943","axis:0,copy:true,values:""NaN"",strategy:""most_frequent"",verbose:0,copy:true,mean:true,std:true,memory:null,copy:true,value:-1,values:NaN,strategy:""constant"",verbose:0,features:null,categories:null,dtype:float64""},unknown:""ignore"",values:null,sparse:true,criterion:""friedman_mse"",init:null,rate:10056728767478405,loss:""deviance"",depth:3,features:963211346670597,nodes:null,decrease:8923455289649683,split:null,leaf:15,split:11,leaf:33386394367866923,estimators:318,change:656,presort:""auto"",state:1268,subsample:30257785135928417,tol:0003265087026998763,fraction:6370884189312107,verbose:0,start:false,jobs:null,remainder:""passthrough"",threshold:0.3,weights:null,memory:null,threshold:0.0,memory:null"
"6066259","sklearn.pipeline.Pipeline(imputation=openmlstudy14.preprocessing.ConditionalImputer,hotencoding=sklearn.preprocessing.data.OneHotEncoder,variencethreshold=sklearn.feature_selection.variance_threshold.VarianceThreshold,classifier=sklearn.svm.classes.SVC)(1)","0.494","axis:0,features:[],copy:true,empty:0,values:""NaN"",strategy:""median"",nominal:""most_frequent"",verbose:0,features:[],dtype:float64""},unknown:""ignore"",values:""auto"",sparse:true,threshold:0.0,C:312251647476586,size:200,weight:null,coef0:991107538498609,shape:null,degree:5,gamma:9664273149974025,kernel:""poly"",iter:-1,probability:true,state:15200,shrinking:true,tol:0001814374883600645,verbose:false"
"6044565","sklearn.pipeline.Pipeline(imputation=openmlstudy14.preprocessing.ConditionalImputer,hotencoding=sklearn.preprocessing.data.OneHotEncoder,variencethreshold=sklearn.feature_selection.variance_threshold.VarianceThreshold,classifier=sklearn.svm.classes.SVC)(1)","0.4939","axis:0,features:[],copy:true,empty:0,values:""NaN"",strategy:""mean"",nominal:""most_frequent"",verbose:0,features:[],dtype:float64""},unknown:""ignore"",values:""auto"",sparse:true,threshold:0.0,C:123532147361,size:200,weight:null,coef0:23410361261265344,shape:null,degree:3,gamma:5789985666831153,kernel:""poly"",iter:-1,probability:true,state:58391,shrinking:false,tol:05684297567739096,verbose:false"
"6057776","sklearn.pipeline.Pipeline(imputation=openmlstudy14.preprocessing.ConditionalImputer,hotencoding=sklearn.preprocessing.data.OneHotEncoder,variencethreshold=sklearn.feature_selection.variance_threshold.VarianceThreshold,classifier=sklearn.svm.classes.SVC)(1)","0.4939","axis:0,features:[],copy:true,empty:0,values:""NaN"",strategy:""median"",nominal:""most_frequent"",verbose:0,features:[],dtype:float64""},unknown:""ignore"",values:""auto"",sparse:true,threshold:0.0,C:338313772754,size:200,weight:null,coef0:0.0,shape:null,degree:3,gamma:27843646121820814,kernel:""rbf"",iter:-1,probability:true,state:45782,shrinking:false,tol:05372720906366532,verbose:false"
"6044550","sklearn.pipeline.Pipeline(imputation=openmlstudy14.preprocessing.ConditionalImputer,hotencoding=sklearn.preprocessing.data.OneHotEncoder,variencethreshold=sklearn.feature_selection.variance_threshold.VarianceThreshold,classifier=sklearn.svm.classes.SVC)(1)","0.4939","axis:0,features:[],copy:true,empty:0,values:""NaN"",strategy:""most_frequent"",nominal:""most_frequent"",verbose:0,features:[],dtype:float64""},unknown:""ignore"",values:""auto"",sparse:true,threshold:0.0,C:31832267554475,size:200,weight:null,coef0:8909208457476936,shape:null,degree:3,gamma:776852079917324,kernel:""sigmoid"",iter:-1,probability:true,state:38342,shrinking:false,tol:010183501344758952,verbose:false"
"9908405","sklearn.pipeline.Pipeline(columntransformer=sklearn.compose._column_transformer.ColumnTransformer(numeric=sklearn.pipeline.Pipeline(imputer=sklearn.preprocessing.imputation.Imputer,standardscaler=sklearn.preprocessing.data.StandardScaler),nominal=sklearn.pipeline.Pipeline(simpleimputer=sklearn.impute.SimpleImputer,onehotencoder=sklearn.preprocessing._encoders.OneHotEncoder)),variancethreshold=sklearn.feature_selection.variance_threshold.VarianceThreshold,gradientboostingclassifier=sklearn.ensemble.gradient_boosting.GradientBoostingClassifier)(1)","0.4936","memory:null,jobs:null,remainder:""passthrough"",threshold:0.3,weights:null,memory:null,axis:0,copy:true,values:""NaN"",strategy:""most_frequent"",verbose:0,copy:true,mean:true,std:true,memory:null,copy:true,value:-1,values:NaN,strategy:""constant"",verbose:0,features:null,categories:null,dtype:float64""},unknown:""ignore"",values:null,sparse:true,threshold:0.0,criterion:""friedman_mse"",init:null,rate:10430626851158961,loss:""deviance"",depth:2,features:8208628951052518,nodes:null,decrease:2136237367944619,split:null,leaf:8,split:8,leaf:4384660129735979,estimators:182,change:465,presort:""auto"",state:7704,subsample:923873825131457,tol:0004718790733460547,fraction:37100377248030203,verbose:0,start:false"
"6043002","sklearn.pipeline.Pipeline(imputation=openmlstudy14.preprocessing.ConditionalImputer,hotencoding=sklearn.preprocessing.data.OneHotEncoder,variencethreshold=sklearn.feature_selection.variance_threshold.VarianceThreshold,classifier=sklearn.svm.classes.SVC)(1)","0.4935","axis:0,features:[],copy:true,empty:0,values:""NaN"",strategy:""mean"",nominal:""most_frequent"",verbose:0,features:[],dtype:float64""},unknown:""ignore"",values:""auto"",sparse:true,threshold:0.0,C:927606803005,size:200,weight:null,coef0:0.0,shape:null,degree:3,gamma:4194653662039069,kernel:""rbf"",iter:-1,probability:true,state:24102,shrinking:false,tol:153792790433799e-05,verbose:false"
"9202633","sklearn.pipeline.Pipeline(imputation=openmlstudy14.preprocessing.ConditionalImputer,hotencoding=sklearn.preprocessing.data.OneHotEncoder,scaling=sklearn.preprocessing.data.StandardScaler,variencethreshold=sklearn.feature_selection.variance_threshold.VarianceThreshold,classifier=sklearn.svm.classes.SVC)(2)","0.4934","axis:0,features:[],copy:true,empty:0,values:""NaN"",strategy:""mean"",nominal:""most_frequent"",verbose:0,features:[],dtype:float64""},unknown:""ignore"",values:""auto"",sparse:true,threshold:0.0,C:5324074189171952,size:200,weight:null,coef0:8854423725749787,shape:null,degree:3,gamma:002524746952425038,kernel:""rbf"",iter:-1,probability:true,state:50523,shrinking:true,tol:074100867027997e-05,verbose:false,copy:true,mean:false,std:true"
"6043119","sklearn.pipeline.Pipeline(imputation=openmlstudy14.preprocessing.ConditionalImputer,hotencoding=sklearn.preprocessing.data.OneHotEncoder,variencethreshold=sklearn.feature_selection.variance_threshold.VarianceThreshold,classifier=sklearn.svm.classes.SVC)(1)","0.4934","axis:0,features:[],copy:true,empty:0,values:""NaN"",strategy:""median"",nominal:""most_frequent"",verbose:0,features:[],dtype:float64""},unknown:""ignore"",values:""auto"",sparse:true,threshold:0.0,C:52507562541248,size:200,weight:null,coef0:6104540524793431,shape:null,degree:4,gamma:752263173197111,kernel:""poly"",iter:-1,probability:true,state:55107,shrinking:true,tol:404817452215287e-05,verbose:false"
"9908786","sklearn.pipeline.Pipeline(columntransformer=sklearn.compose._column_transformer.ColumnTransformer(numeric=sklearn.pipeline.Pipeline(imputer=sklearn.preprocessing.imputation.Imputer,standardscaler=sklearn.preprocessing.data.StandardScaler),nominal=sklearn.pipeline.Pipeline(simpleimputer=sklearn.impute.SimpleImputer,onehotencoder=sklearn.preprocessing._encoders.OneHotEncoder)),variancethreshold=sklearn.feature_selection.variance_threshold.VarianceThreshold,gradientboostingclassifier=sklearn.ensemble.gradient_boosting.GradientBoostingClassifier)(1)","0.4933","memory:null,jobs:null,remainder:""passthrough"",threshold:0.3,weights:null,memory:null,axis:0,copy:true,values:""NaN"",strategy:""most_frequent"",verbose:0,copy:true,mean:true,std:true,memory:null,copy:true,value:-1,values:NaN,strategy:""constant"",verbose:0,features:null,categories:null,dtype:float64""},unknown:""ignore"",values:null,sparse:true,threshold:0.0,criterion:""friedman_mse"",init:null,rate:21660689520578139,loss:""deviance"",depth:1,features:47948672869126796,nodes:null,decrease:6171819365598894,split:null,leaf:15,split:20,leaf:3846554852515653,estimators:431,change:895,presort:""auto"",state:29849,subsample:9233658026752521,tol:632842469728093e-05,fraction:5133481122833499,verbose:0,start:false"
"9914013","sklearn.pipeline.Pipeline(columntransformer=sklearn.compose._column_transformer.ColumnTransformer(numeric=sklearn.pipeline.Pipeline(imputer=sklearn.preprocessing.imputation.Imputer,standardscaler=sklearn.preprocessing.data.StandardScaler),nominal=sklearn.pipeline.Pipeline(simpleimputer=sklearn.impute.SimpleImputer,onehotencoder=sklearn.preprocessing._encoders.OneHotEncoder)),variancethreshold=sklearn.feature_selection.variance_threshold.VarianceThreshold,gradientboostingclassifier=sklearn.ensemble.gradient_boosting.GradientBoostingClassifier)(1)","0.4933","memory:null,jobs:null,remainder:""passthrough"",threshold:0.3,weights:null,memory:null,axis:0,copy:true,values:""NaN"",strategy:""most_frequent"",verbose:0,copy:true,mean:true,std:true,memory:null,copy:true,value:-1,values:NaN,strategy:""constant"",verbose:0,features:null,categories:null,dtype:float64""},unknown:""ignore"",values:null,sparse:true,threshold:0.0,criterion:""friedman_mse"",init:null,rate:09313994424713283,loss:""deviance"",depth:6,features:7352226068156242,nodes:null,decrease:9502004813263928,split:null,leaf:17,split:16,leaf:3832083040433476,estimators:135,change:213,presort:""auto"",state:13983,subsample:6701520995466163,tol:4673427626270928e-05,fraction:5220646166481457,verbose:0,start:false"
"9875157","sklearn.pipeline.Pipeline(columntransformer=sklearn.compose._column_transformer.ColumnTransformer(numeric=sklearn.pipeline.Pipeline(imputer=sklearn.preprocessing.imputation.Imputer,standardscaler=sklearn.preprocessing.data.StandardScaler),nominal=sklearn.pipeline.Pipeline(simpleimputer=sklearn.impute.SimpleImputer,onehotencoder=sklearn.preprocessing._encoders.OneHotEncoder)),variancethreshold=sklearn.feature_selection.variance_threshold.VarianceThreshold,gradientboostingclassifier=sklearn.ensemble.gradient_boosting.GradientBoostingClassifier)(2)","0.4932","axis:0,copy:true,values:""NaN"",strategy:""most_frequent"",verbose:0,copy:true,mean:true,std:true,memory:null,copy:true,value:-1,values:NaN,strategy:""constant"",verbose:0,features:null,categories:null,dtype:float64""},unknown:""ignore"",values:null,sparse:true,criterion:""friedman_mse"",init:null,rate:05717568625871408,loss:""deviance"",depth:10,features:5092182890023714,nodes:null,decrease:438221831186404,split:null,leaf:14,split:10,leaf:3412722569650328,estimators:131,change:864,presort:""auto"",state:28234,subsample:9714622213075409,tol:0030007570752463267,fraction:30960401651147273,verbose:0,start:false,jobs:null,remainder:""passthrough"",threshold:0.3,weights:null,memory:null,threshold:0.0,memory:null"
"9913923","sklearn.pipeline.Pipeline(columntransformer=sklearn.compose._column_transformer.ColumnTransformer(numeric=sklearn.pipeline.Pipeline(imputer=sklearn.preprocessing.imputation.Imputer,standardscaler=sklearn.preprocessing.data.StandardScaler),nominal=sklearn.pipeline.Pipeline(simpleimputer=sklearn.impute.SimpleImputer,onehotencoder=sklearn.preprocessing._encoders.OneHotEncoder)),variancethreshold=sklearn.feature_selection.variance_threshold.VarianceThreshold,gradientboostingclassifier=sklearn.ensemble.gradient_boosting.GradientBoostingClassifier)(1)","0.4929","memory:null,jobs:null,remainder:""passthrough"",threshold:0.3,weights:null,memory:null,axis:0,copy:true,values:""NaN"",strategy:""median"",verbose:0,copy:true,mean:true,std:true,memory:null,copy:true,value:-1,values:NaN,strategy:""constant"",verbose:0,features:null,categories:null,dtype:float64""},unknown:""ignore"",values:null,sparse:true,threshold:0.0,criterion:""friedman_mse"",init:null,rate:043730275372632924,loss:""deviance"",depth:10,features:8566074857298676,nodes:null,decrease:09769890488227995,split:null,leaf:15,split:4,leaf:24505425793132835,estimators:162,change:896,presort:""auto"",state:28220,subsample:4862085445251427,tol:008065539817216907,fraction:9172392702368753,verbose:0,start:false"
"6047048","sklearn.pipeline.Pipeline(imputation=openmlstudy14.preprocessing.ConditionalImputer,hotencoding=sklearn.preprocessing.data.OneHotEncoder,variencethreshold=sklearn.feature_selection.variance_threshold.VarianceThreshold,classifier=sklearn.svm.classes.SVC)(1)","0.4928","axis:0,features:[],copy:true,empty:0,values:""NaN"",strategy:""median"",nominal:""most_frequent"",verbose:0,features:[],dtype:float64""},unknown:""ignore"",values:""auto"",sparse:true,threshold:0.0,C:8169569758508,size:200,weight:null,coef0:0.0,shape:null,degree:3,gamma:225303336656177,kernel:""rbf"",iter:-1,probability:true,state:21234,shrinking:false,tol:014901456523575982,verbose:false"
"9871083","sklearn.pipeline.Pipeline(columntransformer=sklearn.compose._column_transformer.ColumnTransformer(numeric=sklearn.pipeline.Pipeline(imputer=sklearn.preprocessing.imputation.Imputer,standardscaler=sklearn.preprocessing.data.StandardScaler),nominal=sklearn.pipeline.Pipeline(simpleimputer=sklearn.impute.SimpleImputer,onehotencoder=sklearn.preprocessing._encoders.OneHotEncoder)),variancethreshold=sklearn.feature_selection.variance_threshold.VarianceThreshold,gradientboostingclassifier=sklearn.ensemble.gradient_boosting.GradientBoostingClassifier)(2)","0.4923","axis:0,copy:true,values:""NaN"",strategy:""most_frequent"",verbose:0,copy:true,mean:true,std:true,memory:null,copy:true,value:-1,values:NaN,strategy:""constant"",verbose:0,features:null,categories:null,dtype:float64""},unknown:""ignore"",values:null,sparse:true,criterion:""friedman_mse"",init:null,rate:010800296443929916,loss:""deviance"",depth:8,features:22509907577662225,nodes:null,decrease:39367884461228453,split:null,leaf:9,split:4,leaf:289395835731176,estimators:398,change:547,presort:""auto"",state:29655,subsample:5920259797210224,tol:09744710529047172,fraction:2978736508836475,verbose:0,start:false,jobs:null,remainder:""passthrough"",threshold:0.3,weights:null,memory:null,threshold:0.0,memory:null"
"9885583","sklearn.pipeline.Pipeline(columntransformer=sklearn.compose._column_transformer.ColumnTransformer(numeric=sklearn.pipeline.Pipeline(imputer=sklearn.preprocessing.imputation.Imputer,standardscaler=sklearn.preprocessing.data.StandardScaler),nominal=sklearn.pipeline.Pipeline(simpleimputer=sklearn.impute.SimpleImputer,onehotencoder=sklearn.preprocessing._encoders.OneHotEncoder)),variancethreshold=sklearn.feature_selection.variance_threshold.VarianceThreshold,gradientboostingclassifier=sklearn.ensemble.gradient_boosting.GradientBoostingClassifier)(1)","0.4922","memory:null,jobs:null,remainder:""passthrough"",threshold:0.3,weights:null,memory:null,axis:0,copy:true,values:""NaN"",strategy:""most_frequent"",verbose:0,copy:true,mean:true,std:true,memory:null,copy:true,value:-1,values:NaN,strategy:""constant"",verbose:0,features:null,categories:null,dtype:float64""},unknown:""ignore"",values:null,sparse:true,threshold:0.0,criterion:""friedman_mse"",init:null,rate:0297520538530599,loss:""deviance"",depth:1,features:5306422509636302,nodes:null,decrease:6871793161679755,split:null,leaf:13,split:9,leaf:363131516624921,estimators:177,change:64,presort:""auto"",state:25222,subsample:24303198574460927,tol:00015782759849301261,fraction:29501258164796396,verbose:0,start:false"
"6048127","sklearn.pipeline.Pipeline(imputation=openmlstudy14.preprocessing.ConditionalImputer,hotencoding=sklearn.preprocessing.data.OneHotEncoder,variencethreshold=sklearn.feature_selection.variance_threshold.VarianceThreshold,classifier=sklearn.svm.classes.SVC)(1)","0.4919","axis:0,features:[],copy:true,empty:0,values:""NaN"",strategy:""most_frequent"",nominal:""most_frequent"",verbose:0,features:[],dtype:float64""},unknown:""ignore"",values:""auto"",sparse:true,threshold:0.0,C:60362137282,size:200,weight:null,coef0:0.0,shape:null,degree:3,gamma:5097778999481719,kernel:""rbf"",iter:-1,probability:true,state:45987,shrinking:false,tol:027584184365426374,verbose:false"
"6143872","sklearn.pipeline.Pipeline(imputation=openmlstudy14.preprocessing.ConditionalImputer,hotencoding=sklearn.preprocessing.data.OneHotEncoder,variencethreshold=sklearn.feature_selection.variance_threshold.VarianceThreshold,classifier=sklearn.svm.classes.SVC)(1)","0.4917","axis:0,features:[],copy:true,empty:0,values:""NaN"",strategy:""median"",nominal:""most_frequent"",verbose:0,features:[],dtype:float64""},unknown:""ignore"",values:""auto"",sparse:true,threshold:0.0,C:014250208396,size:200,weight:null,coef0:7733424219082512,shape:null,degree:3,gamma:5997025259438887,kernel:""sigmoid"",iter:-1,probability:true,state:20439,shrinking:true,tol:004810243663185721,verbose:false"
"9883200","sklearn.pipeline.Pipeline(columntransformer=sklearn.compose._column_transformer.ColumnTransformer(numeric=sklearn.pipeline.Pipeline(imputer=sklearn.preprocessing.imputation.Imputer,standardscaler=sklearn.preprocessing.data.StandardScaler),nominal=sklearn.pipeline.Pipeline(simpleimputer=sklearn.impute.SimpleImputer,onehotencoder=sklearn.preprocessing._encoders.OneHotEncoder)),variancethreshold=sklearn.feature_selection.variance_threshold.VarianceThreshold,gradientboostingclassifier=sklearn.ensemble.gradient_boosting.GradientBoostingClassifier)(2)","0.4916","axis:0,copy:true,values:""NaN"",strategy:""median"",verbose:0,copy:true,mean:true,std:true,memory:null,copy:true,value:-1,values:NaN,strategy:""constant"",verbose:0,features:null,categories:null,dtype:float64""},unknown:""ignore"",values:null,sparse:true,criterion:""friedman_mse"",init:null,rate:01124982830196868,loss:""deviance"",depth:9,features:23942052974287165,nodes:null,decrease:689086176479268,split:null,leaf:11,split:6,leaf:19044883350465902,estimators:211,change:725,presort:""auto"",state:14365,subsample:4858265395039377,tol:0482808753930915e-05,fraction:22488051807063592,verbose:0,start:false,jobs:null,remainder:""passthrough"",threshold:0.3,weights:null,memory:null,threshold:0.0,memory:null"
"6052058","sklearn.pipeline.Pipeline(imputation=openmlstudy14.preprocessing.ConditionalImputer,hotencoding=sklearn.preprocessing.data.OneHotEncoder,variencethreshold=sklearn.feature_selection.variance_threshold.VarianceThreshold,classifier=sklearn.svm.classes.SVC)(1)","0.4911","axis:0,features:[],copy:true,empty:0,values:""NaN"",strategy:""median"",nominal:""most_frequent"",verbose:0,features:[],dtype:float64""},unknown:""ignore"",values:""auto"",sparse:true,threshold:0.0,C:110450941435,size:200,weight:null,coef0:0.0,shape:null,degree:3,gamma:935747653781143,kernel:""rbf"",iter:-1,probability:true,state:37119,shrinking:true,tol:0005386490247010878,verbose:false"
"9864842","sklearn.pipeline.Pipeline(columntransformer=sklearn.compose._column_transformer.ColumnTransformer(numeric=sklearn.pipeline.Pipeline(imputer=sklearn.preprocessing.imputation.Imputer,standardscaler=sklearn.preprocessing.data.StandardScaler),nominal=sklearn.pipeline.Pipeline(simpleimputer=sklearn.impute.SimpleImputer,onehotencoder=sklearn.preprocessing._encoders.OneHotEncoder)),variancethreshold=sklearn.feature_selection.variance_threshold.VarianceThreshold,gradientboostingclassifier=sklearn.ensemble.gradient_boosting.GradientBoostingClassifier)(1)","0.4909","memory:null,jobs:null,remainder:""passthrough"",threshold:0.3,weights:null,memory:null,axis:0,copy:true,values:""NaN"",strategy:""most_frequent"",verbose:0,copy:true,mean:true,std:true,memory:null,copy:true,value:-1,values:NaN,strategy:""constant"",verbose:0,features:null,categories:null,dtype:float64""},unknown:""ignore"",values:null,sparse:true,threshold:0.0,criterion:""friedman_mse"",init:null,rate:1270294537694307,loss:""deviance"",depth:8,features:7345893293472531,nodes:null,decrease:7447176698834228,split:null,leaf:4,split:11,leaf:4171142173494773,estimators:289,change:621,presort:""auto"",state:44688,subsample:43278458598044356,tol:0006137900296386483,fraction:5683455026463913,verbose:0,start:false"
"9909184","sklearn.pipeline.Pipeline(columntransformer=sklearn.compose._column_transformer.ColumnTransformer(numeric=sklearn.pipeline.Pipeline(imputer=sklearn.preprocessing.imputation.Imputer,standardscaler=sklearn.preprocessing.data.StandardScaler),nominal=sklearn.pipeline.Pipeline(simpleimputer=sklearn.impute.SimpleImputer,onehotencoder=sklearn.preprocessing._encoders.OneHotEncoder)),variancethreshold=sklearn.feature_selection.variance_threshold.VarianceThreshold,gradientboostingclassifier=sklearn.ensemble.gradient_boosting.GradientBoostingClassifier)(1)","0.4906","memory:null,jobs:null,remainder:""passthrough"",threshold:0.3,weights:null,memory:null,axis:0,copy:true,values:""NaN"",strategy:""mean"",verbose:0,copy:true,mean:true,std:true,memory:null,copy:true,value:-1,values:NaN,strategy:""constant"",verbose:0,features:null,categories:null,dtype:float64""},unknown:""ignore"",values:null,sparse:true,threshold:0.0,criterion:""friedman_mse"",init:null,rate:012872342022123878,loss:""deviance"",depth:3,features:788498984517838,nodes:null,decrease:21376201789454174,split:null,leaf:15,split:16,leaf:2940575316343172,estimators:265,change:752,presort:""auto"",state:32545,subsample:37219941773593956,tol:00028200052654943955,fraction:643902104714036,verbose:0,start:false"
"9876397","sklearn.pipeline.Pipeline(columntransformer=sklearn.compose._column_transformer.ColumnTransformer(numeric=sklearn.pipeline.Pipeline(imputer=sklearn.preprocessing.imputation.Imputer,standardscaler=sklearn.preprocessing.data.StandardScaler),nominal=sklearn.pipeline.Pipeline(simpleimputer=sklearn.impute.SimpleImputer,onehotencoder=sklearn.preprocessing._encoders.OneHotEncoder)),variancethreshold=sklearn.feature_selection.variance_threshold.VarianceThreshold,gradientboostingclassifier=sklearn.ensemble.gradient_boosting.GradientBoostingClassifier)(2)","0.4905","axis:0,copy:true,values:""NaN"",strategy:""mean"",verbose:0,copy:true,mean:true,std:true,memory:null,copy:true,value:-1,values:NaN,strategy:""constant"",verbose:0,features:null,categories:null,dtype:float64""},unknown:""ignore"",values:null,sparse:true,criterion:""friedman_mse"",init:null,rate:0273909450527039,loss:""deviance"",depth:4,features:017755997341930674,nodes:null,decrease:13708453696028233,split:null,leaf:18,split:20,leaf:044946470127662785,estimators:230,change:124,presort:""auto"",state:11938,subsample:738699825458844,tol:0009410872002696904,fraction:9478822517523742,verbose:0,start:false,jobs:null,remainder:""passthrough"",threshold:0.3,weights:null,memory:null,threshold:0.0,memory:null"
"9867995","sklearn.pipeline.Pipeline(columntransformer=sklearn.compose._column_transformer.ColumnTransformer(numeric=sklearn.pipeline.Pipeline(imputer=sklearn.preprocessing.imputation.Imputer,standardscaler=sklearn.preprocessing.data.StandardScaler),nominal=sklearn.pipeline.Pipeline(simpleimputer=sklearn.impute.SimpleImputer,onehotencoder=sklearn.preprocessing._encoders.OneHotEncoder)),variancethreshold=sklearn.feature_selection.variance_threshold.VarianceThreshold,gradientboostingclassifier=sklearn.ensemble.gradient_boosting.GradientBoostingClassifier)(2)","0.4905","axis:0,copy:true,values:""NaN"",strategy:""median"",verbose:0,copy:true,mean:true,std:true,memory:null,copy:true,value:-1,values:NaN,strategy:""constant"",verbose:0,features:null,categories:null,dtype:float64""},unknown:""ignore"",values:null,sparse:true,criterion:""friedman_mse"",init:null,rate:21507742321485135,loss:""deviance"",depth:9,features:8788178804047692,nodes:null,decrease:33415067501182394,split:null,leaf:8,split:12,leaf:4401786833364858,estimators:372,change:746,presort:""auto"",state:58104,subsample:9475596390727932,tol:534001865852866e-05,fraction:27878946513675473,verbose:0,start:false,jobs:null,remainder:""passthrough"",threshold:0.3,weights:null,memory:null,threshold:0.0,memory:null"
"8983746","sklearn.pipeline.Pipeline(imputation=openmlstudy14.preprocessing.ConditionalImputer,hotencoding=sklearn.preprocessing.data.OneHotEncoder,scaling=sklearn.preprocessing.data.StandardScaler,variencethreshold=sklearn.feature_selection.variance_threshold.VarianceThreshold,classifier=sklearn.svm.classes.SVC)(2)","0.4905","axis:0,features:[],copy:true,empty:0,values:""NaN"",strategy:""mean"",nominal:""most_frequent"",verbose:0,features:[],dtype:float64""},unknown:""ignore"",values:""auto"",sparse:true,threshold:0.0,C:30145312324,size:200,weight:null,coef0:0641419757155246,shape:null,degree:4,gamma:002192557389590586,kernel:""rbf"",iter:-1,probability:true,state:6815,shrinking:true,tol:660975604294326e-05,verbose:false,copy:true,mean:false,std:true"
"7267894","sklearn.pipeline.Pipeline(imputation=openmlstudy14.preprocessing.ConditionalImputer,hotencoding=sklearn.preprocessing.data.OneHotEncoder,variencethreshold=sklearn.feature_selection.variance_threshold.VarianceThreshold,classifier=sklearn.svm.classes.SVC)(1)","0.4901","axis:0,features:[],copy:true,empty:0,values:""NaN"",strategy:""mean"",nominal:""most_frequent"",verbose:0,features:[],dtype:float64""},unknown:""ignore"",values:""auto"",sparse:true,threshold:0.0,C:88837972196733,size:200,weight:null,coef0:379456597520633,shape:null,degree:2,gamma:857636730571967,kernel:""rbf"",iter:-1,probability:true,state:244,shrinking:false,tol:012240733842821568,verbose:false"
"8991220","sklearn.pipeline.Pipeline(imputation=openmlstudy14.preprocessing.ConditionalImputer,hotencoding=sklearn.preprocessing.data.OneHotEncoder,scaling=sklearn.preprocessing.data.StandardScaler,variencethreshold=sklearn.feature_selection.variance_threshold.VarianceThreshold,classifier=sklearn.svm.classes.SVC)(2)","0.4899","axis:0,features:[],copy:true,empty:0,values:""NaN"",strategy:""most_frequent"",nominal:""most_frequent"",verbose:0,features:[],dtype:float64""},unknown:""ignore"",values:""auto"",sparse:true,threshold:0.0,C:72468374232,size:200,weight:null,coef0:27945881545521667,shape:null,degree:4,gamma:0565936897349649e-05,kernel:""poly"",iter:-1,probability:true,state:20783,shrinking:true,tol:0004274840848471429,verbose:false,copy:true,mean:false,std:true"
"9877794","sklearn.pipeline.Pipeline(columntransformer=sklearn.compose._column_transformer.ColumnTransformer(numeric=sklearn.pipeline.Pipeline(imputer=sklearn.preprocessing.imputation.Imputer,standardscaler=sklearn.preprocessing.data.StandardScaler),nominal=sklearn.pipeline.Pipeline(simpleimputer=sklearn.impute.SimpleImputer,onehotencoder=sklearn.preprocessing._encoders.OneHotEncoder)),variancethreshold=sklearn.feature_selection.variance_threshold.VarianceThreshold,gradientboostingclassifier=sklearn.ensemble.gradient_boosting.GradientBoostingClassifier)(2)","0.4897","axis:0,copy:true,values:""NaN"",strategy:""median"",verbose:0,copy:true,mean:true,std:true,memory:null,copy:true,value:-1,values:NaN,strategy:""constant"",verbose:0,features:null,categories:null,dtype:float64""},unknown:""ignore"",values:null,sparse:true,criterion:""friedman_mse"",init:null,rate:08853346247349136,loss:""deviance"",depth:6,features:49529511642209334,nodes:null,decrease:20166656279108808,split:null,leaf:16,split:10,leaf:42091997884624566,estimators:219,change:319,presort:""auto"",state:6464,subsample:10608355275146941,tol:020865351717239168,fraction:358248981109896,verbose:0,start:false,jobs:null,remainder:""passthrough"",threshold:0.3,weights:null,memory:null,threshold:0.0,memory:null"
"6064173","sklearn.pipeline.Pipeline(imputation=openmlstudy14.preprocessing.ConditionalImputer,hotencoding=sklearn.preprocessing.data.OneHotEncoder,variencethreshold=sklearn.feature_selection.variance_threshold.VarianceThreshold,classifier=sklearn.svm.classes.SVC)(1)","0.4895","axis:0,features:[],copy:true,empty:0,values:""NaN"",strategy:""mean"",nominal:""most_frequent"",verbose:0,features:[],dtype:float64""},unknown:""ignore"",values:""auto"",sparse:true,threshold:0.0,C:0647800320353,size:200,weight:null,coef0:0.0,shape:null,degree:3,gamma:40182196893652217,kernel:""rbf"",iter:-1,probability:true,state:35290,shrinking:false,tol:08537777519533679,verbose:false"
"6141324","sklearn.pipeline.Pipeline(imputation=openmlstudy14.preprocessing.ConditionalImputer,hotencoding=sklearn.preprocessing.data.OneHotEncoder,variencethreshold=sklearn.feature_selection.variance_threshold.VarianceThreshold,classifier=sklearn.svm.classes.SVC)(1)","0.4894","axis:0,features:[],copy:true,empty:0,values:""NaN"",strategy:""mean"",nominal:""most_frequent"",verbose:0,features:[],dtype:float64""},unknown:""ignore"",values:""auto"",sparse:true,threshold:0.0,C:658052411654694,size:200,weight:null,coef0:9792789542508729,shape:null,degree:2,gamma:292304638184703,kernel:""poly"",iter:-1,probability:true,state:14285,shrinking:false,tol:010401445483003155,verbose:false"
"9891882","sklearn.pipeline.Pipeline(columntransformer=sklearn.compose._column_transformer.ColumnTransformer(numeric=sklearn.pipeline.Pipeline(imputer=sklearn.preprocessing.imputation.Imputer,standardscaler=sklearn.preprocessing.data.StandardScaler),nominal=sklearn.pipeline.Pipeline(simpleimputer=sklearn.impute.SimpleImputer,onehotencoder=sklearn.preprocessing._encoders.OneHotEncoder)),variancethreshold=sklearn.feature_selection.variance_threshold.VarianceThreshold,gradientboostingclassifier=sklearn.ensemble.gradient_boosting.GradientBoostingClassifier)(2)","0.489","axis:0,copy:true,values:""NaN"",strategy:""median"",verbose:0,copy:true,mean:true,std:true,memory:null,copy:true,value:-1,values:NaN,strategy:""constant"",verbose:0,features:null,categories:null,dtype:float64""},unknown:""ignore"",values:null,sparse:true,criterion:""friedman_mse"",init:null,rate:1936920881398081,loss:""deviance"",depth:2,features:457018260770926,nodes:null,decrease:9095116568023874,split:null,leaf:13,split:19,leaf:42964767494756523,estimators:412,change:85,presort:""auto"",state:52897,subsample:20408602789298502,tol:006612894523409797,fraction:24464458700634306,verbose:0,start:false,jobs:null,remainder:""passthrough"",threshold:0.3,weights:null,memory:null,threshold:0.0,memory:null"
"1709195","weka.J48(33)","0.489","C:0.25,M:192"
"8981944","sklearn.pipeline.Pipeline(imputation=openmlstudy14.preprocessing.ConditionalImputer,hotencoding=sklearn.preprocessing.data.OneHotEncoder,scaling=sklearn.preprocessing.data.StandardScaler,variencethreshold=sklearn.feature_selection.variance_threshold.VarianceThreshold,classifier=sklearn.svm.classes.SVC)(2)","0.4888","axis:0,features:[],copy:true,empty:0,values:""NaN"",strategy:""mean"",nominal:""most_frequent"",verbose:0,features:[],dtype:float64""},unknown:""ignore"",values:""auto"",sparse:true,threshold:0.0,C:9529192499517,size:200,weight:null,coef0:24408911879094264,shape:null,degree:3,gamma:8219429668113474,kernel:""rbf"",iter:-1,probability:true,state:60156,shrinking:false,tol:001029010795921696,verbose:false,copy:true,mean:false,std:true"
"9882064","sklearn.pipeline.Pipeline(columntransformer=sklearn.compose._column_transformer.ColumnTransformer(numeric=sklearn.pipeline.Pipeline(imputer=sklearn.preprocessing.imputation.Imputer,standardscaler=sklearn.preprocessing.data.StandardScaler),nominal=sklearn.pipeline.Pipeline(simpleimputer=sklearn.impute.SimpleImputer,onehotencoder=sklearn.preprocessing._encoders.OneHotEncoder)),variancethreshold=sklearn.feature_selection.variance_threshold.VarianceThreshold,gradientboostingclassifier=sklearn.ensemble.gradient_boosting.GradientBoostingClassifier)(2)","0.4881","axis:0,copy:true,values:""NaN"",strategy:""most_frequent"",verbose:0,copy:true,mean:true,std:true,memory:null,copy:true,value:-1,values:NaN,strategy:""constant"",verbose:0,features:null,categories:null,dtype:float64""},unknown:""ignore"",values:null,sparse:true,criterion:""friedman_mse"",init:null,rate:037025022547655814,loss:""deviance"",depth:4,features:7487936468395496,nodes:null,decrease:8839999488555749,split:null,leaf:6,split:19,leaf:44081135027613283,estimators:499,change:515,presort:""auto"",state:45685,subsample:5127099499149823,tol:0005455828275905507,fraction:11745674231888692,verbose:0,start:false,jobs:null,remainder:""passthrough"",threshold:0.3,weights:null,memory:null,threshold:0.0,memory:null"
"9894469","sklearn.pipeline.Pipeline(columntransformer=sklearn.compose._column_transformer.ColumnTransformer(numeric=sklearn.pipeline.Pipeline(imputer=sklearn.preprocessing.imputation.Imputer,standardscaler=sklearn.preprocessing.data.StandardScaler),nominal=sklearn.pipeline.Pipeline(simpleimputer=sklearn.impute.SimpleImputer,onehotencoder=sklearn.preprocessing._encoders.OneHotEncoder)),variancethreshold=sklearn.feature_selection.variance_threshold.VarianceThreshold,gradientboostingclassifier=sklearn.ensemble.gradient_boosting.GradientBoostingClassifier)(2)","0.4879","axis:0,copy:true,values:""NaN"",strategy:""median"",verbose:0,copy:true,mean:true,std:true,memory:null,copy:true,value:-1,values:NaN,strategy:""constant"",verbose:0,features:null,categories:null,dtype:float64""},unknown:""ignore"",values:null,sparse:true,criterion:""friedman_mse"",init:null,rate:0763921844759743,loss:""deviance"",depth:9,features:7706291923038929,nodes:null,decrease:22922350907630096,split:null,leaf:20,split:9,leaf:44428204114415704,estimators:130,change:960,presort:""auto"",state:49233,subsample:8137403278190847,tol:0009657477805017574,fraction:02683554232123353,verbose:0,start:false,jobs:null,remainder:""passthrough"",threshold:0.3,weights:null,memory:null,threshold:0.0,memory:null"
"9894904","sklearn.pipeline.Pipeline(columntransformer=sklearn.compose._column_transformer.ColumnTransformer(numeric=sklearn.pipeline.Pipeline(imputer=sklearn.preprocessing.imputation.Imputer,standardscaler=sklearn.preprocessing.data.StandardScaler),nominal=sklearn.pipeline.Pipeline(simpleimputer=sklearn.impute.SimpleImputer,onehotencoder=sklearn.preprocessing._encoders.OneHotEncoder)),variancethreshold=sklearn.feature_selection.variance_threshold.VarianceThreshold,gradientboostingclassifier=sklearn.ensemble.gradient_boosting.GradientBoostingClassifier)(2)","0.4877","axis:0,copy:true,values:""NaN"",strategy:""median"",verbose:0,copy:true,mean:true,std:true,memory:null,copy:true,value:-1,values:NaN,strategy:""constant"",verbose:0,features:null,categories:null,dtype:float64""},unknown:""ignore"",values:null,sparse:true,criterion:""friedman_mse"",init:null,rate:05552507305263577,loss:""deviance"",depth:4,features:7166958523376016,nodes:null,decrease:29893739453843327,split:null,leaf:20,split:11,leaf:22548016046380515,estimators:227,change:1007,presort:""auto"",state:28820,subsample:7754715058970377,tol:0005101116198254789,fraction:9445967740757977,verbose:0,start:false,jobs:null,remainder:""passthrough"",threshold:0.3,weights:null,memory:null,threshold:0.0,memory:null"
"8968410","sklearn.pipeline.Pipeline(imputation=openmlstudy14.preprocessing.ConditionalImputer,hotencoding=sklearn.preprocessing.data.OneHotEncoder,scaling=sklearn.preprocessing.data.StandardScaler,variencethreshold=sklearn.feature_selection.variance_threshold.VarianceThreshold,classifier=sklearn.svm.classes.SVC)(2)","0.4877","axis:0,features:[],copy:true,empty:0,values:""NaN"",strategy:""mean"",nominal:""most_frequent"",verbose:0,features:[],dtype:float64""},unknown:""ignore"",values:""auto"",sparse:true,threshold:0.0,C:09625694463,size:200,weight:null,coef0:26641102352520574,shape:null,degree:5,gamma:527247354094527,kernel:""rbf"",iter:-1,probability:true,state:49947,shrinking:false,tol:588475247049763e-05,verbose:false,copy:true,mean:false,std:true"
"6052183","sklearn.pipeline.Pipeline(imputation=openmlstudy14.preprocessing.ConditionalImputer,hotencoding=sklearn.preprocessing.data.OneHotEncoder,variencethreshold=sklearn.feature_selection.variance_threshold.VarianceThreshold,classifier=sklearn.svm.classes.SVC)(1)","0.4876","axis:0,features:[],copy:true,empty:0,values:""NaN"",strategy:""most_frequent"",nominal:""most_frequent"",verbose:0,features:[],dtype:float64""},unknown:""ignore"",values:""auto"",sparse:true,threshold:0.0,C:4920311103463,size:200,weight:null,coef0:0.0,shape:null,degree:3,gamma:6080448731043433,kernel:""rbf"",iter:-1,probability:true,state:21108,shrinking:false,tol:0016963207203632424,verbose:false"
"6061841","sklearn.pipeline.Pipeline(imputation=openmlstudy14.preprocessing.ConditionalImputer,hotencoding=sklearn.preprocessing.data.OneHotEncoder,variencethreshold=sklearn.feature_selection.variance_threshold.VarianceThreshold,classifier=sklearn.svm.classes.SVC)(1)","0.487","axis:0,features:[],copy:true,empty:0,values:""NaN"",strategy:""most_frequent"",nominal:""most_frequent"",verbose:0,features:[],dtype:float64""},unknown:""ignore"",values:""auto"",sparse:true,threshold:0.0,C:20291008998369,size:200,weight:null,coef0:0.0,shape:null,degree:3,gamma:7193768657645883,kernel:""rbf"",iter:-1,probability:true,state:6472,shrinking:true,tol:00018240612006608338,verbose:false"
"9872692","sklearn.pipeline.Pipeline(columntransformer=sklearn.compose._column_transformer.ColumnTransformer(numeric=sklearn.pipeline.Pipeline(imputer=sklearn.preprocessing.imputation.Imputer,standardscaler=sklearn.preprocessing.data.StandardScaler),nominal=sklearn.pipeline.Pipeline(simpleimputer=sklearn.impute.SimpleImputer,onehotencoder=sklearn.preprocessing._encoders.OneHotEncoder)),variancethreshold=sklearn.feature_selection.variance_threshold.VarianceThreshold,gradientboostingclassifier=sklearn.ensemble.gradient_boosting.GradientBoostingClassifier)(1)","0.4869","memory:null,jobs:null,remainder:""passthrough"",threshold:0.3,weights:null,memory:null,axis:0,copy:true,values:""NaN"",strategy:""median"",verbose:0,copy:true,mean:true,std:true,memory:null,copy:true,value:-1,values:NaN,strategy:""constant"",verbose:0,features:null,categories:null,dtype:float64""},unknown:""ignore"",values:null,sparse:true,threshold:0.0,criterion:""friedman_mse"",init:null,rate:036096817456647876,loss:""deviance"",depth:1,features:6290158422808177,nodes:null,decrease:5346893930532628,split:null,leaf:1,split:19,leaf:32709092340779894,estimators:343,change:962,presort:""auto"",state:63604,subsample:8285458042212044,tol:001327709439699017,fraction:8072700571838222,verbose:0,start:false"
"6042398","sklearn.pipeline.Pipeline(imputation=openmlstudy14.preprocessing.ConditionalImputer,hotencoding=sklearn.preprocessing.data.OneHotEncoder,variencethreshold=sklearn.feature_selection.variance_threshold.VarianceThreshold,classifier=sklearn.svm.classes.SVC)(1)","0.4869","axis:0,features:[],copy:true,empty:0,values:""NaN"",strategy:""mean"",nominal:""most_frequent"",verbose:0,features:[],dtype:float64""},unknown:""ignore"",values:""auto"",sparse:true,threshold:0.0,C:3510692529,size:200,weight:null,coef0:0.0,shape:null,degree:3,gamma:4306304569225319,kernel:""rbf"",iter:-1,probability:true,state:7192,shrinking:false,tol:571954619548659e-05,verbose:false"
"9905403","sklearn.pipeline.Pipeline(columntransformer=sklearn.compose._column_transformer.ColumnTransformer(numeric=sklearn.pipeline.Pipeline(imputer=sklearn.preprocessing.imputation.Imputer,standardscaler=sklearn.preprocessing.data.StandardScaler),nominal=sklearn.pipeline.Pipeline(simpleimputer=sklearn.impute.SimpleImputer,onehotencoder=sklearn.preprocessing._encoders.OneHotEncoder)),variancethreshold=sklearn.feature_selection.variance_threshold.VarianceThreshold,gradientboostingclassifier=sklearn.ensemble.gradient_boosting.GradientBoostingClassifier)(1)","0.4868","memory:null,jobs:null,remainder:""passthrough"",threshold:0.3,weights:null,memory:null,axis:0,copy:true,values:""NaN"",strategy:""median"",verbose:0,copy:true,mean:true,std:true,memory:null,copy:true,value:-1,values:NaN,strategy:""constant"",verbose:0,features:null,categories:null,dtype:float64""},unknown:""ignore"",values:null,sparse:true,threshold:0.0,criterion:""friedman_mse"",init:null,rate:08776919903145143,loss:""deviance"",depth:6,features:6415441814515997,nodes:null,decrease:9226323843817867,split:null,leaf:11,split:11,leaf:3351812253872378,estimators:109,change:48,presort:""auto"",state:7303,subsample:7241782101778674,tol:534712875599943e-05,fraction:7586816646235379,verbose:0,start:false"
"6154529","sklearn.pipeline.Pipeline(imputation=openmlstudy14.preprocessing.ConditionalImputer,hotencoding=sklearn.preprocessing.data.OneHotEncoder,variencethreshold=sklearn.feature_selection.variance_threshold.VarianceThreshold,classifier=sklearn.svm.classes.SVC)(1)","0.4868","axis:0,features:[],copy:true,empty:0,values:""NaN"",strategy:""median"",nominal:""most_frequent"",verbose:0,features:[],dtype:float64""},unknown:""ignore"",values:""auto"",sparse:true,threshold:0.0,C:35322528736731,size:200,weight:null,coef0:0.0,shape:null,degree:3,gamma:309949065747208,kernel:""rbf"",iter:-1,probability:true,state:20458,shrinking:false,tol:00011389097141261155,verbose:false"
"9868350","sklearn.pipeline.Pipeline(columntransformer=sklearn.compose._column_transformer.ColumnTransformer(numeric=sklearn.pipeline.Pipeline(imputer=sklearn.preprocessing.imputation.Imputer,standardscaler=sklearn.preprocessing.data.StandardScaler),nominal=sklearn.pipeline.Pipeline(simpleimputer=sklearn.impute.SimpleImputer,onehotencoder=sklearn.preprocessing._encoders.OneHotEncoder)),variancethreshold=sklearn.feature_selection.variance_threshold.VarianceThreshold,gradientboostingclassifier=sklearn.ensemble.gradient_boosting.GradientBoostingClassifier)(1)","0.4866","memory:null,jobs:null,remainder:""passthrough"",threshold:0.3,weights:null,memory:null,axis:0,copy:true,values:""NaN"",strategy:""mean"",verbose:0,copy:true,mean:true,std:true,memory:null,copy:true,value:-1,values:NaN,strategy:""constant"",verbose:0,features:null,categories:null,dtype:float64""},unknown:""ignore"",values:null,sparse:true,threshold:0.0,criterion:""friedman_mse"",init:null,rate:04910957892179656,loss:""deviance"",depth:9,features:10888111645822474,nodes:null,decrease:6949540490604366,split:null,leaf:13,split:4,leaf:22323937646003827,estimators:80,change:162,presort:""auto"",state:12933,subsample:48153301083943345,tol:004096845795239424,fraction:53420478545864,verbose:0,start:false"
"9886835","sklearn.pipeline.Pipeline(columntransformer=sklearn.compose._column_transformer.ColumnTransformer(numeric=sklearn.pipeline.Pipeline(imputer=sklearn.preprocessing.imputation.Imputer,standardscaler=sklearn.preprocessing.data.StandardScaler),nominal=sklearn.pipeline.Pipeline(simpleimputer=sklearn.impute.SimpleImputer,onehotencoder=sklearn.preprocessing._encoders.OneHotEncoder)),variancethreshold=sklearn.feature_selection.variance_threshold.VarianceThreshold,gradientboostingclassifier=sklearn.ensemble.gradient_boosting.GradientBoostingClassifier)(2)","0.4866","axis:0,copy:true,values:""NaN"",strategy:""mean"",verbose:0,copy:true,mean:true,std:true,memory:null,copy:true,value:-1,values:NaN,strategy:""constant"",verbose:0,features:null,categories:null,dtype:float64""},unknown:""ignore"",values:null,sparse:true,criterion:""friedman_mse"",init:null,rate:37773168289523573,loss:""deviance"",depth:9,features:20232417271483338,nodes:null,decrease:03867050769628755,split:null,leaf:8,split:6,leaf:3562292644770996,estimators:507,change:806,presort:""auto"",state:64031,subsample:31308032891582804,tol:0033609477265181425,fraction:44881188092555413,verbose:0,start:false,jobs:null,remainder:""passthrough"",threshold:0.3,weights:null,memory:null,threshold:0.0,memory:null"
"6048739","sklearn.pipeline.Pipeline(imputation=openmlstudy14.preprocessing.ConditionalImputer,hotencoding=sklearn.preprocessing.data.OneHotEncoder,variencethreshold=sklearn.feature_selection.variance_threshold.VarianceThreshold,classifier=sklearn.svm.classes.SVC)(1)","0.4864","axis:0,features:[],copy:true,empty:0,values:""NaN"",strategy:""median"",nominal:""most_frequent"",verbose:0,features:[],dtype:float64""},unknown:""ignore"",values:""auto"",sparse:true,threshold:0.0,C:1592114103303,size:200,weight:null,coef0:0.0,shape:null,degree:3,gamma:4946056040641048,kernel:""rbf"",iter:-1,probability:true,state:27312,shrinking:false,tol:0021740100232943305,verbose:false"
"6151745","sklearn.pipeline.Pipeline(imputation=openmlstudy14.preprocessing.ConditionalImputer,hotencoding=sklearn.preprocessing.data.OneHotEncoder,variencethreshold=sklearn.feature_selection.variance_threshold.VarianceThreshold,classifier=sklearn.svm.classes.SVC)(1)","0.4863","axis:0,features:[],copy:true,empty:0,values:""NaN"",strategy:""mean"",nominal:""most_frequent"",verbose:0,features:[],dtype:float64""},unknown:""ignore"",values:""auto"",sparse:true,threshold:0.0,C:670293187129,size:200,weight:null,coef0:5485082727554618,shape:null,degree:3,gamma:5904542837613683,kernel:""sigmoid"",iter:-1,probability:true,state:24007,shrinking:true,tol:1871689861355563e-05,verbose:false"
"1715816","weka.J48(33)","0.486","C:0.25,M:256"
"9904282","sklearn.pipeline.Pipeline(columntransformer=sklearn.compose._column_transformer.ColumnTransformer(numeric=sklearn.pipeline.Pipeline(imputer=sklearn.preprocessing.imputation.Imputer,standardscaler=sklearn.preprocessing.data.StandardScaler),nominal=sklearn.pipeline.Pipeline(simpleimputer=sklearn.impute.SimpleImputer,onehotencoder=sklearn.preprocessing._encoders.OneHotEncoder)),variancethreshold=sklearn.feature_selection.variance_threshold.VarianceThreshold,gradientboostingclassifier=sklearn.ensemble.gradient_boosting.GradientBoostingClassifier)(2)","0.4856","axis:0,copy:true,values:""NaN"",strategy:""median"",verbose:0,copy:true,mean:true,std:true,memory:null,copy:true,value:-1,values:NaN,strategy:""constant"",verbose:0,features:null,categories:null,dtype:float64""},unknown:""ignore"",values:null,sparse:true,criterion:""friedman_mse"",init:null,rate:07650008187363878,loss:""deviance"",depth:2,features:6377011376455436,nodes:null,decrease:43882143365417736,split:null,leaf:19,split:17,leaf:47296973645579576,estimators:295,change:705,presort:""auto"",state:38274,subsample:6599938166683137,tol:003132334398562818,fraction:3166928538662973,verbose:0,start:false,jobs:null,remainder:""passthrough"",threshold:0.3,weights:null,memory:null,threshold:0.0,memory:null"
"6058831","sklearn.pipeline.Pipeline(imputation=openmlstudy14.preprocessing.ConditionalImputer,hotencoding=sklearn.preprocessing.data.OneHotEncoder,variencethreshold=sklearn.feature_selection.variance_threshold.VarianceThreshold,classifier=sklearn.svm.classes.SVC)(1)","0.4856","axis:0,features:[],copy:true,empty:0,values:""NaN"",strategy:""median"",nominal:""most_frequent"",verbose:0,features:[],dtype:float64""},unknown:""ignore"",values:""auto"",sparse:true,threshold:0.0,C:304959199113,size:200,weight:null,coef0:0.0,shape:null,degree:3,gamma:1753236242200995,kernel:""rbf"",iter:-1,probability:true,state:49617,shrinking:true,tol:01921415447378717,verbose:false"
"8976172","sklearn.pipeline.Pipeline(imputation=openmlstudy14.preprocessing.ConditionalImputer,hotencoding=sklearn.preprocessing.data.OneHotEncoder,scaling=sklearn.preprocessing.data.StandardScaler,variencethreshold=sklearn.feature_selection.variance_threshold.VarianceThreshold,classifier=sklearn.svm.classes.SVC)(2)","0.4855","axis:0,features:[],copy:true,empty:0,values:""NaN"",strategy:""median"",nominal:""most_frequent"",verbose:0,features:[],dtype:float64""},unknown:""ignore"",values:""auto"",sparse:true,threshold:0.0,C:7849653063403,size:200,weight:null,coef0:13598038322502215,shape:null,degree:5,gamma:00039600586705990874,kernel:""sigmoid"",iter:-1,probability:true,state:15067,shrinking:true,tol:001378097363720924,verbose:false,copy:true,mean:false,std:true"
"8962723","sklearn.pipeline.Pipeline(imputation=openmlstudy14.preprocessing.ConditionalImputer,hotencoding=sklearn.preprocessing.data.OneHotEncoder,scaling=sklearn.preprocessing.data.StandardScaler,variencethreshold=sklearn.feature_selection.variance_threshold.VarianceThreshold,classifier=sklearn.svm.classes.SVC)(2)","0.4854","axis:0,features:[],copy:true,empty:0,values:""NaN"",strategy:""most_frequent"",nominal:""most_frequent"",verbose:0,features:[],dtype:float64""},unknown:""ignore"",values:""auto"",sparse:true,threshold:0.0,C:4500843169655857,size:200,weight:null,coef0:9114412813368253,shape:null,degree:2,gamma:0005815535450336598,kernel:""rbf"",iter:-1,probability:true,state:20570,shrinking:true,tol:003633137705265694,verbose:false,copy:true,mean:false,std:true"
"6046990","sklearn.pipeline.Pipeline(imputation=openmlstudy14.preprocessing.ConditionalImputer,hotencoding=sklearn.preprocessing.data.OneHotEncoder,variencethreshold=sklearn.feature_selection.variance_threshold.VarianceThreshold,classifier=sklearn.svm.classes.SVC)(1)","0.4853","axis:0,features:[],copy:true,empty:0,values:""NaN"",strategy:""mean"",nominal:""most_frequent"",verbose:0,features:[],dtype:float64""},unknown:""ignore"",values:""auto"",sparse:true,threshold:0.0,C:1190023886251,size:200,weight:null,coef0:17420265075196184,shape:null,degree:3,gamma:2359433100576127,kernel:""sigmoid"",iter:-1,probability:true,state:33039,shrinking:true,tol:0023543334662857233,verbose:false"
"9913385","sklearn.pipeline.Pipeline(columntransformer=sklearn.compose._column_transformer.ColumnTransformer(numeric=sklearn.pipeline.Pipeline(imputer=sklearn.preprocessing.imputation.Imputer,standardscaler=sklearn.preprocessing.data.StandardScaler),nominal=sklearn.pipeline.Pipeline(simpleimputer=sklearn.impute.SimpleImputer,onehotencoder=sklearn.preprocessing._encoders.OneHotEncoder)),variancethreshold=sklearn.feature_selection.variance_threshold.VarianceThreshold,gradientboostingclassifier=sklearn.ensemble.gradient_boosting.GradientBoostingClassifier)(1)","0.485","memory:null,jobs:null,remainder:""passthrough"",threshold:0.3,weights:null,memory:null,axis:0,copy:true,values:""NaN"",strategy:""median"",verbose:0,copy:true,mean:true,std:true,memory:null,copy:true,value:-1,values:NaN,strategy:""constant"",verbose:0,features:null,categories:null,dtype:float64""},unknown:""ignore"",values:null,sparse:true,threshold:0.0,criterion:""friedman_mse"",init:null,rate:013679042989093582,loss:""deviance"",depth:7,features:1804099607516073,nodes:null,decrease:5316061191528203,split:null,leaf:19,split:8,leaf:2898494611724637,estimators:310,change:5,presort:""auto"",state:25038,subsample:24499837190327856,tol:933749970046546e-05,fraction:6450861519096235,verbose:0,start:false"
"8983415","sklearn.pipeline.Pipeline(imputation=openmlstudy14.preprocessing.ConditionalImputer,hotencoding=sklearn.preprocessing.data.OneHotEncoder,scaling=sklearn.preprocessing.data.StandardScaler,variencethreshold=sklearn.feature_selection.variance_threshold.VarianceThreshold,classifier=sklearn.svm.classes.SVC)(2)","0.485","axis:0,features:[],copy:true,empty:0,values:""NaN"",strategy:""median"",nominal:""most_frequent"",verbose:0,features:[],dtype:float64""},unknown:""ignore"",values:""auto"",sparse:true,threshold:0.0,C:0143086664722,size:200,weight:null,coef0:3709815803858403,shape:null,degree:5,gamma:688404822158835,kernel:""rbf"",iter:-1,probability:true,state:56076,shrinking:true,tol:023303988406959523,verbose:false,copy:true,mean:false,std:true"
"6048298","sklearn.pipeline.Pipeline(imputation=openmlstudy14.preprocessing.ConditionalImputer,hotencoding=sklearn.preprocessing.data.OneHotEncoder,variencethreshold=sklearn.feature_selection.variance_threshold.VarianceThreshold,classifier=sklearn.svm.classes.SVC)(1)","0.485","axis:0,features:[],copy:true,empty:0,values:""NaN"",strategy:""mean"",nominal:""most_frequent"",verbose:0,features:[],dtype:float64""},unknown:""ignore"",values:""auto"",sparse:true,threshold:0.0,C:5562257273773,size:200,weight:null,coef0:0.0,shape:null,degree:3,gamma:21093093129734192,kernel:""rbf"",iter:-1,probability:true,state:6764,shrinking:false,tol:00020558650626282575,verbose:false"
"6041114","sklearn.pipeline.Pipeline(imputation=openmlstudy14.preprocessing.ConditionalImputer,hotencoding=sklearn.preprocessing.data.OneHotEncoder,variencethreshold=sklearn.feature_selection.variance_threshold.VarianceThreshold,classifier=sklearn.svm.classes.SVC)(1)","0.485","axis:0,features:[],copy:true,empty:0,values:""NaN"",strategy:""median"",nominal:""most_frequent"",verbose:0,features:[],dtype:float64""},unknown:""ignore"",values:""auto"",sparse:true,threshold:0.0,C:9919007539581,size:200,weight:null,coef0:0.0,shape:null,degree:3,gamma:24650071489617864,kernel:""rbf"",iter:-1,probability:true,state:18622,shrinking:false,tol:6327229500101486e-05,verbose:false"
"6128367","sklearn.pipeline.Pipeline(imputation=openmlstudy14.preprocessing.ConditionalImputer,hotencoding=sklearn.preprocessing.data.OneHotEncoder,variencethreshold=sklearn.feature_selection.variance_threshold.VarianceThreshold,classifier=sklearn.svm.classes.SVC)(1)","0.4849","axis:0,features:[],copy:true,empty:0,values:""NaN"",strategy:""median"",nominal:""most_frequent"",verbose:0,features:[],dtype:float64""},unknown:""ignore"",values:""auto"",sparse:true,threshold:0.0,C:3760890136728,size:200,weight:null,coef0:0.0,shape:null,degree:3,gamma:20238292515598583,kernel:""rbf"",iter:-1,probability:true,state:13138,shrinking:true,tol:0008123526625382114,verbose:false"
"6141619","sklearn.pipeline.Pipeline(imputation=openmlstudy14.preprocessing.ConditionalImputer,hotencoding=sklearn.preprocessing.data.OneHotEncoder,variencethreshold=sklearn.feature_selection.variance_threshold.VarianceThreshold,classifier=sklearn.svm.classes.SVC)(1)","0.4848","axis:0,features:[],copy:true,empty:0,values:""NaN"",strategy:""most_frequent"",nominal:""most_frequent"",verbose:0,features:[],dtype:float64""},unknown:""ignore"",values:""auto"",sparse:true,threshold:0.0,C:0861587426923665,size:200,weight:null,coef0:0.0,shape:null,degree:3,gamma:226670906712236,kernel:""rbf"",iter:-1,probability:true,state:10558,shrinking:true,tol:08022052703210565,verbose:false"
"8981320","sklearn.pipeline.Pipeline(imputation=openmlstudy14.preprocessing.ConditionalImputer,hotencoding=sklearn.preprocessing.data.OneHotEncoder,scaling=sklearn.preprocessing.data.StandardScaler,variencethreshold=sklearn.feature_selection.variance_threshold.VarianceThreshold,classifier=sklearn.svm.classes.SVC)(2)","0.4847","axis:0,features:[],copy:true,empty:0,values:""NaN"",strategy:""mean"",nominal:""most_frequent"",verbose:0,features:[],dtype:float64""},unknown:""ignore"",values:""auto"",sparse:true,threshold:0.0,C:85786178724,size:200,weight:null,coef0:2429467103340559,shape:null,degree:4,gamma:4367937032999e-06,kernel:""sigmoid"",iter:-1,probability:true,state:17758,shrinking:false,tol:0001669299473693316,verbose:false,copy:true,mean:false,std:true"
"9871657","sklearn.pipeline.Pipeline(columntransformer=sklearn.compose._column_transformer.ColumnTransformer(numeric=sklearn.pipeline.Pipeline(imputer=sklearn.preprocessing.imputation.Imputer,standardscaler=sklearn.preprocessing.data.StandardScaler),nominal=sklearn.pipeline.Pipeline(simpleimputer=sklearn.impute.SimpleImputer,onehotencoder=sklearn.preprocessing._encoders.OneHotEncoder)),variancethreshold=sklearn.feature_selection.variance_threshold.VarianceThreshold,gradientboostingclassifier=sklearn.ensemble.gradient_boosting.GradientBoostingClassifier)(1)","0.4846","memory:null,jobs:null,remainder:""passthrough"",threshold:0.3,weights:null,memory:null,axis:0,copy:true,values:""NaN"",strategy:""median"",verbose:0,copy:true,mean:true,std:true,memory:null,copy:true,value:-1,values:NaN,strategy:""constant"",verbose:0,features:null,categories:null,dtype:float64""},unknown:""ignore"",values:null,sparse:true,threshold:0.0,criterion:""friedman_mse"",init:null,rate:18904739414178406,loss:""deviance"",depth:5,features:32156182245479203,nodes:null,decrease:43173479065208487,split:null,leaf:13,split:4,leaf:45067111226726553,estimators:73,change:572,presort:""auto"",state:53278,subsample:5859251057129728,tol:0008811401824046855,fraction:316149019594403,verbose:0,start:false"
"6132135","sklearn.pipeline.Pipeline(imputation=openmlstudy14.preprocessing.ConditionalImputer,hotencoding=sklearn.preprocessing.data.OneHotEncoder,variencethreshold=sklearn.feature_selection.variance_threshold.VarianceThreshold,classifier=sklearn.svm.classes.SVC)(1)","0.4846","axis:0,features:[],copy:true,empty:0,values:""NaN"",strategy:""most_frequent"",nominal:""most_frequent"",verbose:0,features:[],dtype:float64""},unknown:""ignore"",values:""auto"",sparse:true,threshold:0.0,C:624931789537,size:200,weight:null,coef0:0.0,shape:null,degree:3,gamma:045871418399883235,kernel:""rbf"",iter:-1,probability:true,state:60197,shrinking:true,tol:0018084939546618008,verbose:false"
"9867353","sklearn.pipeline.Pipeline(columntransformer=sklearn.compose._column_transformer.ColumnTransformer(numeric=sklearn.pipeline.Pipeline(imputer=sklearn.preprocessing.imputation.Imputer,standardscaler=sklearn.preprocessing.data.StandardScaler),nominal=sklearn.pipeline.Pipeline(simpleimputer=sklearn.impute.SimpleImputer,onehotencoder=sklearn.preprocessing._encoders.OneHotEncoder)),variancethreshold=sklearn.feature_selection.variance_threshold.VarianceThreshold,gradientboostingclassifier=sklearn.ensemble.gradient_boosting.GradientBoostingClassifier)(1)","0.4845","memory:null,jobs:null,remainder:""passthrough"",threshold:0.3,weights:null,memory:null,axis:0,copy:true,values:""NaN"",strategy:""most_frequent"",verbose:0,copy:true,mean:true,std:true,memory:null,copy:true,value:-1,values:NaN,strategy:""constant"",verbose:0,features:null,categories:null,dtype:float64""},unknown:""ignore"",values:null,sparse:true,threshold:0.0,criterion:""friedman_mse"",init:null,rate:5390856646647049,loss:""deviance"",depth:10,features:7642693224249081,nodes:null,decrease:5514795356023556,split:null,leaf:9,split:9,leaf:36784129487530853,estimators:324,change:605,presort:""auto"",state:33099,subsample:3717933778222289,tol:00014837273438906824,fraction:42465582835044036,verbose:0,start:false"
"6131783","sklearn.pipeline.Pipeline(imputation=openmlstudy14.preprocessing.ConditionalImputer,hotencoding=sklearn.preprocessing.data.OneHotEncoder,variencethreshold=sklearn.feature_selection.variance_threshold.VarianceThreshold,classifier=sklearn.svm.classes.SVC)(1)","0.484","axis:0,features:[],copy:true,empty:0,values:""NaN"",strategy:""mean"",nominal:""most_frequent"",verbose:0,features:[],dtype:float64""},unknown:""ignore"",values:""auto"",sparse:true,threshold:0.0,C:488999378384,size:200,weight:null,coef0:0.0,shape:null,degree:3,gamma:0584246047562611,kernel:""rbf"",iter:-1,probability:true,state:17088,shrinking:true,tol:0008625014250369928,verbose:false"
"9905803","sklearn.pipeline.Pipeline(columntransformer=sklearn.compose._column_transformer.ColumnTransformer(numeric=sklearn.pipeline.Pipeline(imputer=sklearn.preprocessing.imputation.Imputer,standardscaler=sklearn.preprocessing.data.StandardScaler),nominal=sklearn.pipeline.Pipeline(simpleimputer=sklearn.impute.SimpleImputer,onehotencoder=sklearn.preprocessing._encoders.OneHotEncoder)),variancethreshold=sklearn.feature_selection.variance_threshold.VarianceThreshold,gradientboostingclassifier=sklearn.ensemble.gradient_boosting.GradientBoostingClassifier)(1)","0.4838","memory:null,jobs:null,remainder:""passthrough"",threshold:0.3,weights:null,memory:null,axis:0,copy:true,values:""NaN"",strategy:""mean"",verbose:0,copy:true,mean:true,std:true,memory:null,copy:true,value:-1,values:NaN,strategy:""constant"",verbose:0,features:null,categories:null,dtype:float64""},unknown:""ignore"",values:null,sparse:true,threshold:0.0,criterion:""friedman_mse"",init:null,rate:053068950003879824,loss:""deviance"",depth:8,features:09470970406443813,nodes:null,decrease:08258628375103505,split:null,leaf:6,split:7,leaf:4631857618954251,estimators:501,change:481,presort:""auto"",state:19342,subsample:847594340323433,tol:06617429962691733,fraction:03609671274242576,verbose:0,start:false"
"6061760","sklearn.pipeline.Pipeline(imputation=openmlstudy14.preprocessing.ConditionalImputer,hotencoding=sklearn.preprocessing.data.OneHotEncoder,variencethreshold=sklearn.feature_selection.variance_threshold.VarianceThreshold,classifier=sklearn.svm.classes.SVC)(1)","0.4838","axis:0,features:[],copy:true,empty:0,values:""NaN"",strategy:""most_frequent"",nominal:""most_frequent"",verbose:0,features:[],dtype:float64""},unknown:""ignore"",values:""auto"",sparse:true,threshold:0.0,C:3489440835848265,size:200,weight:null,coef0:8893768834881388,shape:null,degree:5,gamma:0664427741270193,kernel:""poly"",iter:-1,probability:true,state:56201,shrinking:true,tol:034723517772244625,verbose:false"
"6138645","sklearn.pipeline.Pipeline(imputation=openmlstudy14.preprocessing.ConditionalImputer,hotencoding=sklearn.preprocessing.data.OneHotEncoder,variencethreshold=sklearn.feature_selection.variance_threshold.VarianceThreshold,classifier=sklearn.svm.classes.SVC)(1)","0.4837","axis:0,features:[],copy:true,empty:0,values:""NaN"",strategy:""mean"",nominal:""most_frequent"",verbose:0,features:[],dtype:float64""},unknown:""ignore"",values:""auto"",sparse:true,threshold:0.0,C:1365746571,size:200,weight:null,coef0:0.0,shape:null,degree:3,gamma:04670368285259361,kernel:""rbf"",iter:-1,probability:true,state:59073,shrinking:true,tol:0020302547066762162,verbose:false"
"9891974","sklearn.pipeline.Pipeline(columntransformer=sklearn.compose._column_transformer.ColumnTransformer(numeric=sklearn.pipeline.Pipeline(imputer=sklearn.preprocessing.imputation.Imputer,standardscaler=sklearn.preprocessing.data.StandardScaler),nominal=sklearn.pipeline.Pipeline(simpleimputer=sklearn.impute.SimpleImputer,onehotencoder=sklearn.preprocessing._encoders.OneHotEncoder)),variancethreshold=sklearn.feature_selection.variance_threshold.VarianceThreshold,gradientboostingclassifier=sklearn.ensemble.gradient_boosting.GradientBoostingClassifier)(2)","0.4835","axis:0,copy:true,values:""NaN"",strategy:""mean"",verbose:0,copy:true,mean:true,std:true,memory:null,copy:true,value:-1,values:NaN,strategy:""constant"",verbose:0,features:null,categories:null,dtype:float64""},unknown:""ignore"",values:null,sparse:true,criterion:""friedman_mse"",init:null,rate:12410819413552787,loss:""deviance"",depth:8,features:9214007175693992,nodes:null,decrease:44036261896615636,split:null,leaf:19,split:8,leaf:4921720069888682,estimators:97,change:434,presort:""auto"",state:64494,subsample:6291228507211808,tol:00013137723339352162,fraction:2316451373393924,verbose:0,start:false,jobs:null,remainder:""passthrough"",threshold:0.3,weights:null,memory:null,threshold:0.0,memory:null"
"9882088","sklearn.pipeline.Pipeline(columntransformer=sklearn.compose._column_transformer.ColumnTransformer(numeric=sklearn.pipeline.Pipeline(imputer=sklearn.preprocessing.imputation.Imputer,standardscaler=sklearn.preprocessing.data.StandardScaler),nominal=sklearn.pipeline.Pipeline(simpleimputer=sklearn.impute.SimpleImputer,onehotencoder=sklearn.preprocessing._encoders.OneHotEncoder)),variancethreshold=sklearn.feature_selection.variance_threshold.VarianceThreshold,gradientboostingclassifier=sklearn.ensemble.gradient_boosting.GradientBoostingClassifier)(2)","0.4834","axis:0,copy:true,values:""NaN"",strategy:""most_frequent"",verbose:0,copy:true,mean:true,std:true,memory:null,copy:true,value:-1,values:NaN,strategy:""constant"",verbose:0,features:null,categories:null,dtype:float64""},unknown:""ignore"",values:null,sparse:true,criterion:""friedman_mse"",init:null,rate:0570301317784964,loss:""deviance"",depth:7,features:2909257878763595,nodes:null,decrease:26829252441490725,split:null,leaf:18,split:7,leaf:4241511524774379,estimators:204,change:383,presort:""auto"",state:64112,subsample:07816477971779223,tol:2056242760991305e-05,fraction:812390746857114,verbose:0,start:false,jobs:null,remainder:""passthrough"",threshold:0.3,weights:null,memory:null,threshold:0.0,memory:null"
"7573546","sklearn.pipeline.Pipeline(imputation=openmlstudy14.preprocessing.ConditionalImputer,hotencoding=sklearn.preprocessing.data.OneHotEncoder,variencethreshold=sklearn.feature_selection.variance_threshold.VarianceThreshold,classifier=sklearn.svm.classes.SVC)(1)","0.4834","axis:0,features:[],copy:true,empty:0,values:""NaN"",strategy:""median"",nominal:""most_frequent"",verbose:0,features:[],dtype:float64""},unknown:""ignore"",values:""auto"",sparse:true,threshold:0.0,C:060966520077545,size:200,weight:null,coef0:3223825996769307,shape:null,degree:5,gamma:923342808417001,kernel:""rbf"",iter:-1,probability:true,state:220,shrinking:true,tol:00028809636874861156,verbose:false"
"9870741","sklearn.pipeline.Pipeline(columntransformer=sklearn.compose._column_transformer.ColumnTransformer(numeric=sklearn.pipeline.Pipeline(imputer=sklearn.preprocessing.imputation.Imputer,standardscaler=sklearn.preprocessing.data.StandardScaler),nominal=sklearn.pipeline.Pipeline(simpleimputer=sklearn.impute.SimpleImputer,onehotencoder=sklearn.preprocessing._encoders.OneHotEncoder)),variancethreshold=sklearn.feature_selection.variance_threshold.VarianceThreshold,gradientboostingclassifier=sklearn.ensemble.gradient_boosting.GradientBoostingClassifier)(1)","0.4831","memory:null,jobs:null,remainder:""passthrough"",threshold:0.3,weights:null,memory:null,axis:0,copy:true,values:""NaN"",strategy:""mean"",verbose:0,copy:true,mean:true,std:true,memory:null,copy:true,value:-1,values:NaN,strategy:""constant"",verbose:0,features:null,categories:null,dtype:float64""},unknown:""ignore"",values:null,sparse:true,threshold:0.0,criterion:""friedman_mse"",init:null,rate:07151554868272575,loss:""deviance"",depth:3,features:43058240845135787,nodes:null,decrease:6612407845932154,split:null,leaf:17,split:11,leaf:45639894800249203,estimators:334,change:169,presort:""auto"",state:13284,subsample:9148802148135258,tol:113913965776472e-05,fraction:3462250333777659,verbose:0,start:false"
"5997731","sklearn.pipeline.Pipeline(imputation=openmlstudy14.preprocessing.ConditionalImputer,hotencoding=sklearn.preprocessing.data.OneHotEncoder,variencethreshold=sklearn.feature_selection.variance_threshold.VarianceThreshold,classifier=sklearn.svm.classes.SVC)(1)","0.4826","axis:0,features:[],copy:true,empty:0,values:""NaN"",strategy:""median"",nominal:""most_frequent"",verbose:0,features:[],dtype:float64""},unknown:""ignore"",values:""auto"",sparse:false,threshold:0.0,C:754597172077,size:200,weight:null,coef0:9952606673480042,shape:null,degree:3,gamma:2534941060423966,kernel:""sigmoid"",iter:-1,probability:true,state:35259,shrinking:false,tol:019221116087143806,verbose:false"
"9202738","sklearn.pipeline.Pipeline(imputation=openmlstudy14.preprocessing.ConditionalImputer,hotencoding=sklearn.preprocessing.data.OneHotEncoder,scaling=sklearn.preprocessing.data.StandardScaler,variencethreshold=sklearn.feature_selection.variance_threshold.VarianceThreshold,classifier=sklearn.svm.classes.SVC)(2)","0.4824","axis:0,features:[],copy:true,empty:0,values:""NaN"",strategy:""most_frequent"",nominal:""most_frequent"",verbose:0,features:[],dtype:float64""},unknown:""ignore"",values:""auto"",sparse:true,threshold:0.0,C:78627446174266,size:200,weight:null,coef0:09915967664462766,shape:null,degree:3,gamma:635763409119005e-05,kernel:""sigmoid"",iter:-1,probability:true,state:41629,shrinking:true,tol:7034816259978652e-05,verbose:false,copy:true,mean:false,std:true"
"6123076","sklearn.pipeline.Pipeline(imputation=openmlstudy14.preprocessing.ConditionalImputer,hotencoding=sklearn.preprocessing.data.OneHotEncoder,variencethreshold=sklearn.feature_selection.variance_threshold.VarianceThreshold,classifier=sklearn.svm.classes.SVC)(1)","0.4823","axis:0,features:[],copy:true,empty:0,values:""NaN"",strategy:""most_frequent"",nominal:""most_frequent"",verbose:0,features:[],dtype:float64""},unknown:""ignore"",values:""auto"",sparse:true,threshold:0.0,C:683395212953684,size:200,weight:null,coef0:769216842946898,shape:null,degree:3,gamma:6905831232511512,kernel:""sigmoid"",iter:-1,probability:true,state:41211,shrinking:false,tol:5177853650006847e-05,verbose:false"
"6047705","sklearn.pipeline.Pipeline(imputation=openmlstudy14.preprocessing.ConditionalImputer,hotencoding=sklearn.preprocessing.data.OneHotEncoder,variencethreshold=sklearn.feature_selection.variance_threshold.VarianceThreshold,classifier=sklearn.svm.classes.SVC)(1)","0.482","axis:0,features:[],copy:true,empty:0,values:""NaN"",strategy:""mean"",nominal:""most_frequent"",verbose:0,features:[],dtype:float64""},unknown:""ignore"",values:""auto"",sparse:true,threshold:0.0,C:71334883376994,size:200,weight:null,coef0:5627092009579386,shape:null,degree:3,gamma:7377944142959683,kernel:""sigmoid"",iter:-1,probability:true,state:9897,shrinking:false,tol:685924606547655e-05,verbose:false"
"6050053","sklearn.pipeline.Pipeline(imputation=openmlstudy14.preprocessing.ConditionalImputer,hotencoding=sklearn.preprocessing.data.OneHotEncoder,variencethreshold=sklearn.feature_selection.variance_threshold.VarianceThreshold,classifier=sklearn.svm.classes.SVC)(1)","0.482","axis:0,features:[],copy:true,empty:0,values:""NaN"",strategy:""median"",nominal:""most_frequent"",verbose:0,features:[],dtype:float64""},unknown:""ignore"",values:""auto"",sparse:true,threshold:0.0,C:0887028911661,size:200,weight:null,coef0:0.0,shape:null,degree:3,gamma:2094430427864273,kernel:""rbf"",iter:-1,probability:true,state:13159,shrinking:false,tol:04129908112683163,verbose:false"
"9882803","sklearn.pipeline.Pipeline(columntransformer=sklearn.compose._column_transformer.ColumnTransformer(numeric=sklearn.pipeline.Pipeline(imputer=sklearn.preprocessing.imputation.Imputer,standardscaler=sklearn.preprocessing.data.StandardScaler),nominal=sklearn.pipeline.Pipeline(simpleimputer=sklearn.impute.SimpleImputer,onehotencoder=sklearn.preprocessing._encoders.OneHotEncoder)),variancethreshold=sklearn.feature_selection.variance_threshold.VarianceThreshold,gradientboostingclassifier=sklearn.ensemble.gradient_boosting.GradientBoostingClassifier)(1)","0.4819","memory:null,jobs:null,remainder:""passthrough"",threshold:0.3,weights:null,memory:null,axis:0,copy:true,values:""NaN"",strategy:""most_frequent"",verbose:0,copy:true,mean:true,std:true,memory:null,copy:true,value:-1,values:NaN,strategy:""constant"",verbose:0,features:null,categories:null,dtype:float64""},unknown:""ignore"",values:null,sparse:true,threshold:0.0,criterion:""friedman_mse"",init:null,rate:1246778638862303,loss:""deviance"",depth:7,features:9666519063255093,nodes:null,decrease:7029683798662711,split:null,leaf:6,split:20,leaf:48178715916649945,estimators:178,change:617,presort:""auto"",state:52819,subsample:23264336182868706,tol:08238058317183648,fraction:30685120262083054,verbose:0,start:false"
"9876710","sklearn.pipeline.Pipeline(columntransformer=sklearn.compose._column_transformer.ColumnTransformer(numeric=sklearn.pipeline.Pipeline(imputer=sklearn.preprocessing.imputation.Imputer,standardscaler=sklearn.preprocessing.data.StandardScaler),nominal=sklearn.pipeline.Pipeline(simpleimputer=sklearn.impute.SimpleImputer,onehotencoder=sklearn.preprocessing._encoders.OneHotEncoder)),variancethreshold=sklearn.feature_selection.variance_threshold.VarianceThreshold,gradientboostingclassifier=sklearn.ensemble.gradient_boosting.GradientBoostingClassifier)(2)","0.4818","axis:0,copy:true,values:""NaN"",strategy:""most_frequent"",verbose:0,copy:true,mean:true,std:true,memory:null,copy:true,value:-1,values:NaN,strategy:""constant"",verbose:0,features:null,categories:null,dtype:float64""},unknown:""ignore"",values:null,sparse:true,criterion:""friedman_mse"",init:null,rate:04675033481972059,loss:""deviance"",depth:10,features:8471013935818155,nodes:null,decrease:24799786066718432,split:null,leaf:18,split:3,leaf:34361889206703117,estimators:79,change:741,presort:""auto"",state:29513,subsample:8430270689201207,tol:789343347446555e-05,fraction:4997867812651433,verbose:0,start:false,jobs:null,remainder:""passthrough"",threshold:0.3,weights:null,memory:null,threshold:0.0,memory:null"
"6061203","sklearn.pipeline.Pipeline(imputation=openmlstudy14.preprocessing.ConditionalImputer,hotencoding=sklearn.preprocessing.data.OneHotEncoder,variencethreshold=sklearn.feature_selection.variance_threshold.VarianceThreshold,classifier=sklearn.svm.classes.SVC)(1)","0.4817","axis:0,features:[],copy:true,empty:0,values:""NaN"",strategy:""mean"",nominal:""most_frequent"",verbose:0,features:[],dtype:float64""},unknown:""ignore"",values:""auto"",sparse:true,threshold:0.0,C:213943138573,size:200,weight:null,coef0:0.0,shape:null,degree:3,gamma:04234084790374721,kernel:""rbf"",iter:-1,probability:true,state:39328,shrinking:true,tol:017514230207624125,verbose:false"
"9904361","sklearn.pipeline.Pipeline(columntransformer=sklearn.compose._column_transformer.ColumnTransformer(numeric=sklearn.pipeline.Pipeline(imputer=sklearn.preprocessing.imputation.Imputer,standardscaler=sklearn.preprocessing.data.StandardScaler),nominal=sklearn.pipeline.Pipeline(simpleimputer=sklearn.impute.SimpleImputer,onehotencoder=sklearn.preprocessing._encoders.OneHotEncoder)),variancethreshold=sklearn.feature_selection.variance_threshold.VarianceThreshold,gradientboostingclassifier=sklearn.ensemble.gradient_boosting.GradientBoostingClassifier)(2)","0.4816","axis:0,copy:true,values:""NaN"",strategy:""median"",verbose:0,copy:true,mean:true,std:true,memory:null,copy:true,value:-1,values:NaN,strategy:""constant"",verbose:0,features:null,categories:null,dtype:float64""},unknown:""ignore"",values:null,sparse:true,criterion:""friedman_mse"",init:null,rate:088323795271982,loss:""deviance"",depth:4,features:4713997700731779,nodes:null,decrease:5146871809321,split:null,leaf:7,split:18,leaf:49340007191252294,estimators:429,change:334,presort:""auto"",state:50204,subsample:4650820068034265,tol:010946926483920356,fraction:07745606714152853,verbose:0,start:false,jobs:null,remainder:""passthrough"",threshold:0.3,weights:null,memory:null,threshold:0.0,memory:null"
"9914411","sklearn.pipeline.Pipeline(columntransformer=sklearn.compose._column_transformer.ColumnTransformer(numeric=sklearn.pipeline.Pipeline(imputer=sklearn.preprocessing.imputation.Imputer,standardscaler=sklearn.preprocessing.data.StandardScaler),nominal=sklearn.pipeline.Pipeline(simpleimputer=sklearn.impute.SimpleImputer,onehotencoder=sklearn.preprocessing._encoders.OneHotEncoder)),variancethreshold=sklearn.feature_selection.variance_threshold.VarianceThreshold,gradientboostingclassifier=sklearn.ensemble.gradient_boosting.GradientBoostingClassifier)(1)","0.4813","memory:null,jobs:null,remainder:""passthrough"",threshold:0.3,weights:null,memory:null,axis:0,copy:true,values:""NaN"",strategy:""mean"",verbose:0,copy:true,mean:true,std:true,memory:null,copy:true,value:-1,values:NaN,strategy:""constant"",verbose:0,features:null,categories:null,dtype:float64""},unknown:""ignore"",values:null,sparse:true,threshold:0.0,criterion:""friedman_mse"",init:null,rate:011137731729151877,loss:""deviance"",depth:9,features:8735475204277033,nodes:null,decrease:13951779690050314,split:null,leaf:15,split:13,leaf:282715536465771,estimators:244,change:333,presort:""auto"",state:46278,subsample:7798268508842533,tol:5806547545286893e-05,fraction:5860642361170808,verbose:0,start:false"
"6065186","sklearn.pipeline.Pipeline(imputation=openmlstudy14.preprocessing.ConditionalImputer,hotencoding=sklearn.preprocessing.data.OneHotEncoder,variencethreshold=sklearn.feature_selection.variance_threshold.VarianceThreshold,classifier=sklearn.svm.classes.SVC)(1)","0.4813","axis:0,features:[],copy:true,empty:0,values:""NaN"",strategy:""most_frequent"",nominal:""most_frequent"",verbose:0,features:[],dtype:float64""},unknown:""ignore"",values:""auto"",sparse:true,threshold:0.0,C:3677617400604,size:200,weight:null,coef0:0.0,shape:null,degree:3,gamma:09371812708655043,kernel:""rbf"",iter:-1,probability:true,state:55496,shrinking:false,tol:00012849866102513128,verbose:false"
"6048762","sklearn.pipeline.Pipeline(imputation=openmlstudy14.preprocessing.ConditionalImputer,hotencoding=sklearn.preprocessing.data.OneHotEncoder,variencethreshold=sklearn.feature_selection.variance_threshold.VarianceThreshold,classifier=sklearn.svm.classes.SVC)(1)","0.4813","axis:0,features:[],copy:true,empty:0,values:""NaN"",strategy:""most_frequent"",nominal:""most_frequent"",verbose:0,features:[],dtype:float64""},unknown:""ignore"",values:""auto"",sparse:true,threshold:0.0,C:0450837888779,size:200,weight:null,coef0:2779400989859351,shape:null,degree:3,gamma:7668020651593679,kernel:""sigmoid"",iter:-1,probability:true,state:62497,shrinking:false,tol:644430521811732e-05,verbose:false"
"1666215","weka.LADTree(7)","0.4813","B:10"
"9910097","sklearn.pipeline.Pipeline(columntransformer=sklearn.compose._column_transformer.ColumnTransformer(numeric=sklearn.pipeline.Pipeline(imputer=sklearn.preprocessing.imputation.Imputer,standardscaler=sklearn.preprocessing.data.StandardScaler),nominal=sklearn.pipeline.Pipeline(simpleimputer=sklearn.impute.SimpleImputer,onehotencoder=sklearn.preprocessing._encoders.OneHotEncoder)),variancethreshold=sklearn.feature_selection.variance_threshold.VarianceThreshold,gradientboostingclassifier=sklearn.ensemble.gradient_boosting.GradientBoostingClassifier)(1)","0.4812","memory:null,jobs:null,remainder:""passthrough"",threshold:0.3,weights:null,memory:null,axis:0,copy:true,values:""NaN"",strategy:""mean"",verbose:0,copy:true,mean:true,std:true,memory:null,copy:true,value:-1,values:NaN,strategy:""constant"",verbose:0,features:null,categories:null,dtype:float64""},unknown:""ignore"",values:null,sparse:true,threshold:0.0,criterion:""friedman_mse"",init:null,rate:16126570901810217,loss:""deviance"",depth:8,features:14310696197642325,nodes:null,decrease:2934015486273258,split:null,leaf:10,split:8,leaf:41380480788070073,estimators:392,change:159,presort:""auto"",state:1111,subsample:2267144691758668,tol:0002970517218272304,fraction:5700907413330873,verbose:0,start:false"
"6042641","sklearn.pipeline.Pipeline(imputation=openmlstudy14.preprocessing.ConditionalImputer,hotencoding=sklearn.preprocessing.data.OneHotEncoder,variencethreshold=sklearn.feature_selection.variance_threshold.VarianceThreshold,classifier=sklearn.svm.classes.SVC)(1)","0.4812","axis:0,features:[],copy:true,empty:0,values:""NaN"",strategy:""median"",nominal:""most_frequent"",verbose:0,features:[],dtype:float64""},unknown:""ignore"",values:""auto"",sparse:true,threshold:0.0,C:2490875581661,size:200,weight:null,coef0:0.0,shape:null,degree:3,gamma:11495979112799426,kernel:""rbf"",iter:-1,probability:true,state:25587,shrinking:false,tol:011648655504475485,verbose:false"
"9915921","sklearn.pipeline.Pipeline(columntransformer=sklearn.compose._column_transformer.ColumnTransformer(numeric=sklearn.pipeline.Pipeline(imputer=sklearn.preprocessing.imputation.Imputer,standardscaler=sklearn.preprocessing.data.StandardScaler),nominal=sklearn.pipeline.Pipeline(simpleimputer=sklearn.impute.SimpleImputer,onehotencoder=sklearn.preprocessing._encoders.OneHotEncoder)),variancethreshold=sklearn.feature_selection.variance_threshold.VarianceThreshold,gradientboostingclassifier=sklearn.ensemble.gradient_boosting.GradientBoostingClassifier)(1)","0.4811","memory:null,jobs:null,remainder:""passthrough"",threshold:0.3,weights:null,memory:null,axis:0,copy:true,values:""NaN"",strategy:""mean"",verbose:0,copy:true,mean:true,std:true,memory:null,copy:true,value:-1,values:NaN,strategy:""constant"",verbose:0,features:null,categories:null,dtype:float64""},unknown:""ignore"",values:null,sparse:true,threshold:0.0,criterion:""friedman_mse"",init:null,rate:064814974353078,loss:""deviance"",depth:3,features:041320604467856126,nodes:null,decrease:5919239925195745,split:null,leaf:6,split:4,leaf:08648304748519642,estimators:449,change:833,presort:""auto"",state:55338,subsample:9576452201965119,tol:11837841429943e-05,fraction:9349467103480142,verbose:0,start:false"
"9906767","sklearn.pipeline.Pipeline(columntransformer=sklearn.compose._column_transformer.ColumnTransformer(numeric=sklearn.pipeline.Pipeline(imputer=sklearn.preprocessing.imputation.Imputer,standardscaler=sklearn.preprocessing.data.StandardScaler),nominal=sklearn.pipeline.Pipeline(simpleimputer=sklearn.impute.SimpleImputer,onehotencoder=sklearn.preprocessing._encoders.OneHotEncoder)),variancethreshold=sklearn.feature_selection.variance_threshold.VarianceThreshold,gradientboostingclassifier=sklearn.ensemble.gradient_boosting.GradientBoostingClassifier)(1)","0.4809","memory:null,jobs:null,remainder:""passthrough"",threshold:0.3,weights:null,memory:null,axis:0,copy:true,values:""NaN"",strategy:""most_frequent"",verbose:0,copy:true,mean:true,std:true,memory:null,copy:true,value:-1,values:NaN,strategy:""constant"",verbose:0,features:null,categories:null,dtype:float64""},unknown:""ignore"",values:null,sparse:true,threshold:0.0,criterion:""friedman_mse"",init:null,rate:03442471974440775,loss:""deviance"",depth:1,features:9402438566775843,nodes:null,decrease:415197420544162,split:null,leaf:15,split:9,leaf:23441147786693356,estimators:331,change:915,presort:""auto"",state:9109,subsample:8889386898893396,tol:0326643557945419,fraction:9384290565622292,verbose:0,start:false"
"9890429","sklearn.pipeline.Pipeline(columntransformer=sklearn.compose._column_transformer.ColumnTransformer(numeric=sklearn.pipeline.Pipeline(imputer=sklearn.preprocessing.imputation.Imputer,standardscaler=sklearn.preprocessing.data.StandardScaler),nominal=sklearn.pipeline.Pipeline(simpleimputer=sklearn.impute.SimpleImputer,onehotencoder=sklearn.preprocessing._encoders.OneHotEncoder)),variancethreshold=sklearn.feature_selection.variance_threshold.VarianceThreshold,gradientboostingclassifier=sklearn.ensemble.gradient_boosting.GradientBoostingClassifier)(1)","0.4809","memory:null,jobs:null,remainder:""passthrough"",threshold:0.3,weights:null,memory:null,axis:0,copy:true,values:""NaN"",strategy:""median"",verbose:0,copy:true,mean:true,std:true,memory:null,copy:true,value:-1,values:NaN,strategy:""constant"",verbose:0,features:null,categories:null,dtype:float64""},unknown:""ignore"",values:null,sparse:true,threshold:0.0,criterion:""friedman_mse"",init:null,rate:022653945128361712,loss:""deviance"",depth:3,features:6766502643979206,nodes:null,decrease:9143252296799987,split:null,leaf:19,split:9,leaf:26513680650361543,estimators:386,change:325,presort:""auto"",state:23521,subsample:982875468083677,tol:002148458130319934,fraction:8855634772292706,verbose:0,start:false"
"6041279","sklearn.pipeline.Pipeline(imputation=openmlstudy14.preprocessing.ConditionalImputer,hotencoding=sklearn.preprocessing.data.OneHotEncoder,variencethreshold=sklearn.feature_selection.variance_threshold.VarianceThreshold,classifier=sklearn.svm.classes.SVC)(1)","0.4809","axis:0,features:[],copy:true,empty:0,values:""NaN"",strategy:""most_frequent"",nominal:""most_frequent"",verbose:0,features:[],dtype:float64""},unknown:""ignore"",values:""auto"",sparse:true,threshold:0.0,C:2834127522256,size:200,weight:null,coef0:42750885551276063,shape:null,degree:3,gamma:3259279739400278,kernel:""sigmoid"",iter:-1,probability:true,state:10187,shrinking:true,tol:04376893387341703,verbose:false"
"9903420","sklearn.pipeline.Pipeline(columntransformer=sklearn.compose._column_transformer.ColumnTransformer(numeric=sklearn.pipeline.Pipeline(imputer=sklearn.preprocessing.imputation.Imputer,standardscaler=sklearn.preprocessing.data.StandardScaler),nominal=sklearn.pipeline.Pipeline(simpleimputer=sklearn.impute.SimpleImputer,onehotencoder=sklearn.preprocessing._encoders.OneHotEncoder)),variancethreshold=sklearn.feature_selection.variance_threshold.VarianceThreshold,gradientboostingclassifier=sklearn.ensemble.gradient_boosting.GradientBoostingClassifier)(2)","0.4808","axis:0,copy:true,values:""NaN"",strategy:""median"",verbose:0,copy:true,mean:true,std:true,memory:null,copy:true,value:-1,values:NaN,strategy:""constant"",verbose:0,features:null,categories:null,dtype:float64""},unknown:""ignore"",values:null,sparse:true,criterion:""friedman_mse"",init:null,rate:5885961070081773,loss:""deviance"",depth:4,features:8009704235714696,nodes:null,decrease:14806335930784775,split:null,leaf:8,split:7,leaf:4931315320864288,estimators:271,change:854,presort:""auto"",state:3083,subsample:9629714896753325,tol:00041878116658906054,fraction:6258025914452519,verbose:0,start:false,jobs:null,remainder:""passthrough"",threshold:0.3,weights:null,memory:null,threshold:0.0,memory:null"
"6005271","sklearn.pipeline.Pipeline(imputation=openmlstudy14.preprocessing.ConditionalImputer,hotencoding=sklearn.preprocessing.data.OneHotEncoder,variencethreshold=sklearn.feature_selection.variance_threshold.VarianceThreshold,classifier=sklearn.svm.classes.SVC)(1)","0.4807","axis:0,features:[],copy:true,empty:0,values:""NaN"",strategy:""mean"",nominal:""most_frequent"",verbose:0,features:[],dtype:float64""},unknown:""ignore"",values:""auto"",sparse:false,threshold:0.0,C:263867983046,size:200,weight:null,coef0:0.0,shape:null,degree:3,gamma:12444209736650721,kernel:""rbf"",iter:-1,probability:true,state:57213,shrinking:false,tol:06875109202197272,verbose:false"
"9880815","sklearn.pipeline.Pipeline(columntransformer=sklearn.compose._column_transformer.ColumnTransformer(numeric=sklearn.pipeline.Pipeline(imputer=sklearn.preprocessing.imputation.Imputer,standardscaler=sklearn.preprocessing.data.StandardScaler),nominal=sklearn.pipeline.Pipeline(simpleimputer=sklearn.impute.SimpleImputer,onehotencoder=sklearn.preprocessing._encoders.OneHotEncoder)),variancethreshold=sklearn.feature_selection.variance_threshold.VarianceThreshold,gradientboostingclassifier=sklearn.ensemble.gradient_boosting.GradientBoostingClassifier)(2)","0.4805","axis:0,copy:true,values:""NaN"",strategy:""median"",verbose:0,copy:true,mean:true,std:true,memory:null,copy:true,value:-1,values:NaN,strategy:""constant"",verbose:0,features:null,categories:null,dtype:float64""},unknown:""ignore"",values:null,sparse:true,criterion:""friedman_mse"",init:null,rate:2794762991724333,loss:""deviance"",depth:4,features:009036121917437079,nodes:null,decrease:1711117053944612,split:null,leaf:17,split:11,leaf:4696227660273797,estimators:148,change:425,presort:""auto"",state:50882,subsample:551626941201034,tol:0004906048926618238,fraction:3105141203062979,verbose:0,start:false,jobs:null,remainder:""passthrough"",threshold:0.3,weights:null,memory:null,threshold:0.0,memory:null"
"6040666","sklearn.pipeline.Pipeline(imputation=openmlstudy14.preprocessing.ConditionalImputer,hotencoding=sklearn.preprocessing.data.OneHotEncoder,variencethreshold=sklearn.feature_selection.variance_threshold.VarianceThreshold,classifier=sklearn.svm.classes.SVC)(1)","0.4803","axis:0,features:[],copy:true,empty:0,values:""NaN"",strategy:""mean"",nominal:""most_frequent"",verbose:0,features:[],dtype:float64""},unknown:""ignore"",values:""auto"",sparse:true,threshold:0.0,C:827205982252,size:200,weight:null,coef0:915704204393549,shape:null,degree:5,gamma:15968606632645402,kernel:""poly"",iter:-1,probability:true,state:13232,shrinking:true,tol:0003605422197806125,verbose:false"
"6049238","sklearn.pipeline.Pipeline(imputation=openmlstudy14.preprocessing.ConditionalImputer,hotencoding=sklearn.preprocessing.data.OneHotEncoder,variencethreshold=sklearn.feature_selection.variance_threshold.VarianceThreshold,classifier=sklearn.svm.classes.SVC)(1)","0.4802","axis:0,features:[],copy:true,empty:0,values:""NaN"",strategy:""median"",nominal:""most_frequent"",verbose:0,features:[],dtype:float64""},unknown:""ignore"",values:""auto"",sparse:true,threshold:0.0,C:64835032912826,size:200,weight:null,coef0:4914595072426482,shape:null,degree:2,gamma:4297264591629115,kernel:""poly"",iter:-1,probability:true,state:442,shrinking:false,tol:002356814864829208,verbose:false"
"6156866","sklearn.pipeline.Pipeline(imputation=openmlstudy14.preprocessing.ConditionalImputer,hotencoding=sklearn.preprocessing.data.OneHotEncoder,variencethreshold=sklearn.feature_selection.variance_threshold.VarianceThreshold,classifier=sklearn.svm.classes.SVC)(1)","0.4802","axis:0,features:[],copy:true,empty:0,values:""NaN"",strategy:""most_frequent"",nominal:""most_frequent"",verbose:0,features:[],dtype:float64""},unknown:""ignore"",values:""auto"",sparse:true,threshold:0.0,C:884930303390734,size:200,weight:null,coef0:0.0,shape:null,degree:3,gamma:1654799541219103,kernel:""rbf"",iter:-1,probability:true,state:51161,shrinking:false,tol:020345687544001095,verbose:false"
"6056918","sklearn.pipeline.Pipeline(imputation=openmlstudy14.preprocessing.ConditionalImputer,hotencoding=sklearn.preprocessing.data.OneHotEncoder,variencethreshold=sklearn.feature_selection.variance_threshold.VarianceThreshold,classifier=sklearn.svm.classes.SVC)(1)","0.4802","axis:0,features:[],copy:true,empty:0,values:""NaN"",strategy:""mean"",nominal:""most_frequent"",verbose:0,features:[],dtype:float64""},unknown:""ignore"",values:""auto"",sparse:true,threshold:0.0,C:780149248253085,size:200,weight:null,coef0:0.0,shape:null,degree:3,gamma:14719214286402,kernel:""rbf"",iter:-1,probability:true,state:56252,shrinking:false,tol:036022438126284875,verbose:false"
"6035791","sklearn.pipeline.Pipeline(imputation=openmlstudy14.preprocessing.ConditionalImputer,hotencoding=sklearn.preprocessing.data.OneHotEncoder,variencethreshold=sklearn.feature_selection.variance_threshold.VarianceThreshold,classifier=sklearn.svm.classes.SVC)(1)","0.4801","axis:0,features:[],copy:true,empty:0,values:""NaN"",strategy:""median"",nominal:""most_frequent"",verbose:0,features:[],dtype:float64""},unknown:""ignore"",values:""auto"",sparse:true,threshold:0.0,C:220384619525923,size:200,weight:null,coef0:0.0,shape:null,degree:3,gamma:1058940861755295,kernel:""rbf"",iter:-1,probability:true,state:56381,shrinking:true,tol:7669054183806885e-05,verbose:false"
"6058873","sklearn.pipeline.Pipeline(imputation=openmlstudy14.preprocessing.ConditionalImputer,hotencoding=sklearn.preprocessing.data.OneHotEncoder,variencethreshold=sklearn.feature_selection.variance_threshold.VarianceThreshold,classifier=sklearn.svm.classes.SVC)(1)","0.4801","axis:0,features:[],copy:true,empty:0,values:""NaN"",strategy:""most_frequent"",nominal:""most_frequent"",verbose:0,features:[],dtype:float64""},unknown:""ignore"",values:""auto"",sparse:true,threshold:0.0,C:88140522248025,size:200,weight:null,coef0:5482820197956599,shape:null,degree:3,gamma:3980730762798852,kernel:""sigmoid"",iter:-1,probability:true,state:25759,shrinking:true,tol:0009881735517326157,verbose:false"
"9897985","sklearn.pipeline.Pipeline(columntransformer=sklearn.compose._column_transformer.ColumnTransformer(numeric=sklearn.pipeline.Pipeline(imputer=sklearn.preprocessing.imputation.Imputer,standardscaler=sklearn.preprocessing.data.StandardScaler),nominal=sklearn.pipeline.Pipeline(simpleimputer=sklearn.impute.SimpleImputer,onehotencoder=sklearn.preprocessing._encoders.OneHotEncoder)),variancethreshold=sklearn.feature_selection.variance_threshold.VarianceThreshold,gradientboostingclassifier=sklearn.ensemble.gradient_boosting.GradientBoostingClassifier)(2)","0.4796","axis:0,copy:true,values:""NaN"",strategy:""median"",verbose:0,copy:true,mean:true,std:true,memory:null,copy:true,value:-1,values:NaN,strategy:""constant"",verbose:0,features:null,categories:null,dtype:float64""},unknown:""ignore"",values:null,sparse:true,criterion:""friedman_mse"",init:null,rate:03201877102128345,loss:""deviance"",depth:6,features:6207492597365702,nodes:null,decrease:5625552033587661,split:null,leaf:8,split:2,leaf:4702349221384469,estimators:318,change:910,presort:""auto"",state:62628,subsample:7176105164846712,tol:0036390074710275088,fraction:5022038673835121,verbose:0,start:false,jobs:null,remainder:""passthrough"",threshold:0.3,weights:null,memory:null,threshold:0.0,memory:null"
"9916010","sklearn.pipeline.Pipeline(columntransformer=sklearn.compose._column_transformer.ColumnTransformer(numeric=sklearn.pipeline.Pipeline(imputer=sklearn.preprocessing.imputation.Imputer,standardscaler=sklearn.preprocessing.data.StandardScaler),nominal=sklearn.pipeline.Pipeline(simpleimputer=sklearn.impute.SimpleImputer,onehotencoder=sklearn.preprocessing._encoders.OneHotEncoder)),variancethreshold=sklearn.feature_selection.variance_threshold.VarianceThreshold,gradientboostingclassifier=sklearn.ensemble.gradient_boosting.GradientBoostingClassifier)(1)","0.4794","memory:null,jobs:null,remainder:""passthrough"",threshold:0.3,weights:null,memory:null,axis:0,copy:true,values:""NaN"",strategy:""most_frequent"",verbose:0,copy:true,mean:true,std:true,memory:null,copy:true,value:-1,values:NaN,strategy:""constant"",verbose:0,features:null,categories:null,dtype:float64""},unknown:""ignore"",values:null,sparse:true,threshold:0.0,criterion:""friedman_mse"",init:null,rate:4150415742205176,loss:""deviance"",depth:2,features:42372151968350413,nodes:null,decrease:046037774629009265,split:null,leaf:17,split:6,leaf:4240248233402321,estimators:299,change:849,presort:""auto"",state:63016,subsample:8550353061204715,tol:0002678416267300917,fraction:2682490505841504,verbose:0,start:false"
"8979006","sklearn.pipeline.Pipeline(imputation=openmlstudy14.preprocessing.ConditionalImputer,hotencoding=sklearn.preprocessing.data.OneHotEncoder,scaling=sklearn.preprocessing.data.StandardScaler,variencethreshold=sklearn.feature_selection.variance_threshold.VarianceThreshold,classifier=sklearn.svm.classes.SVC)(2)","0.4792","axis:0,features:[],copy:true,empty:0,values:""NaN"",strategy:""most_frequent"",nominal:""most_frequent"",verbose:0,features:[],dtype:float64""},unknown:""ignore"",values:""auto"",sparse:true,threshold:0.0,C:319245231213038,size:200,weight:null,coef0:9608063004753591,shape:null,degree:3,gamma:504569923905146e-05,kernel:""poly"",iter:-1,probability:true,state:42528,shrinking:false,tol:07627210548212957,verbose:false,copy:true,mean:false,std:true"
"6058822","sklearn.pipeline.Pipeline(imputation=openmlstudy14.preprocessing.ConditionalImputer,hotencoding=sklearn.preprocessing.data.OneHotEncoder,variencethreshold=sklearn.feature_selection.variance_threshold.VarianceThreshold,classifier=sklearn.svm.classes.SVC)(1)","0.479","axis:0,features:[],copy:true,empty:0,values:""NaN"",strategy:""most_frequent"",nominal:""most_frequent"",verbose:0,features:[],dtype:float64""},unknown:""ignore"",values:""auto"",sparse:true,threshold:0.0,C:63232410208282,size:200,weight:null,coef0:49874723667412124,shape:null,degree:5,gamma:0373369139497552,kernel:""poly"",iter:-1,probability:true,state:49656,shrinking:true,tol:0641238800394668,verbose:false"
"9868646","sklearn.pipeline.Pipeline(columntransformer=sklearn.compose._column_transformer.ColumnTransformer(numeric=sklearn.pipeline.Pipeline(imputer=sklearn.preprocessing.imputation.Imputer,standardscaler=sklearn.preprocessing.data.StandardScaler),nominal=sklearn.pipeline.Pipeline(simpleimputer=sklearn.impute.SimpleImputer,onehotencoder=sklearn.preprocessing._encoders.OneHotEncoder)),variancethreshold=sklearn.feature_selection.variance_threshold.VarianceThreshold,gradientboostingclassifier=sklearn.ensemble.gradient_boosting.GradientBoostingClassifier)(1)","0.4788","memory:null,jobs:null,remainder:""passthrough"",threshold:0.3,weights:null,memory:null,axis:0,copy:true,values:""NaN"",strategy:""most_frequent"",verbose:0,copy:true,mean:true,std:true,memory:null,copy:true,value:-1,values:NaN,strategy:""constant"",verbose:0,features:null,categories:null,dtype:float64""},unknown:""ignore"",values:null,sparse:true,threshold:0.0,criterion:""friedman_mse"",init:null,rate:03179323812615245,loss:""deviance"",depth:9,features:4944759144904701,nodes:null,decrease:3900717206715846,split:null,leaf:14,split:10,leaf:4614258903953669,estimators:439,change:85,presort:""auto"",state:55226,subsample:8315547042102819,tol:0010882035373108463,fraction:8073850713856515,verbose:0,start:false"
"6066044","sklearn.pipeline.Pipeline(imputation=openmlstudy14.preprocessing.ConditionalImputer,hotencoding=sklearn.preprocessing.data.OneHotEncoder,variencethreshold=sklearn.feature_selection.variance_threshold.VarianceThreshold,classifier=sklearn.svm.classes.SVC)(1)","0.4788","axis:0,features:[],copy:true,empty:0,values:""NaN"",strategy:""most_frequent"",nominal:""most_frequent"",verbose:0,features:[],dtype:float64""},unknown:""ignore"",values:""auto"",sparse:true,threshold:0.0,C:01219200601992,size:200,weight:null,coef0:7990615692676086,shape:null,degree:1,gamma:6716307068089908,kernel:""poly"",iter:-1,probability:true,state:49831,shrinking:false,tol:0008361769787152211,verbose:false"
"6066521","sklearn.pipeline.Pipeline(imputation=openmlstudy14.preprocessing.ConditionalImputer,hotencoding=sklearn.preprocessing.data.OneHotEncoder,variencethreshold=sklearn.feature_selection.variance_threshold.VarianceThreshold,classifier=sklearn.svm.classes.SVC)(1)","0.4786","axis:0,features:[],copy:true,empty:0,values:""NaN"",strategy:""mean"",nominal:""most_frequent"",verbose:0,features:[],dtype:float64""},unknown:""ignore"",values:""auto"",sparse:true,threshold:0.0,C:72446516200964,size:200,weight:null,coef0:0.0,shape:null,degree:3,gamma:3954195454630575,kernel:""rbf"",iter:-1,probability:true,state:20049,shrinking:true,tol:00041049971833428966,verbose:false"
"6042251","sklearn.pipeline.Pipeline(imputation=openmlstudy14.preprocessing.ConditionalImputer,hotencoding=sklearn.preprocessing.data.OneHotEncoder,variencethreshold=sklearn.feature_selection.variance_threshold.VarianceThreshold,classifier=sklearn.svm.classes.SVC)(1)","0.4786","axis:0,features:[],copy:true,empty:0,values:""NaN"",strategy:""most_frequent"",nominal:""most_frequent"",verbose:0,features:[],dtype:float64""},unknown:""ignore"",values:""auto"",sparse:true,threshold:0.0,C:90734132432,size:200,weight:null,coef0:3731995415060063,shape:null,degree:1,gamma:13084654845506347,kernel:""poly"",iter:-1,probability:true,state:31836,shrinking:true,tol:010681003536864643,verbose:false"
"9871571","sklearn.pipeline.Pipeline(columntransformer=sklearn.compose._column_transformer.ColumnTransformer(numeric=sklearn.pipeline.Pipeline(imputer=sklearn.preprocessing.imputation.Imputer,standardscaler=sklearn.preprocessing.data.StandardScaler),nominal=sklearn.pipeline.Pipeline(simpleimputer=sklearn.impute.SimpleImputer,onehotencoder=sklearn.preprocessing._encoders.OneHotEncoder)),variancethreshold=sklearn.feature_selection.variance_threshold.VarianceThreshold,gradientboostingclassifier=sklearn.ensemble.gradient_boosting.GradientBoostingClassifier)(2)","0.4785","axis:0,copy:true,values:""NaN"",strategy:""most_frequent"",verbose:0,copy:true,mean:true,std:true,memory:null,copy:true,value:-1,values:NaN,strategy:""constant"",verbose:0,features:null,categories:null,dtype:float64""},unknown:""ignore"",values:null,sparse:true,criterion:""friedman_mse"",init:null,rate:05269526035535822,loss:""deviance"",depth:7,features:056244820184055966,nodes:null,decrease:632509715518608,split:null,leaf:6,split:13,leaf:23579376298446159,estimators:166,change:880,presort:""auto"",state:52023,subsample:9181830709149648,tol:0006571955323379794,fraction:6085768652552374,verbose:0,start:false,jobs:null,remainder:""passthrough"",threshold:0.3,weights:null,memory:null,threshold:0.0,memory:null"
"6120560","sklearn.pipeline.Pipeline(imputation=openmlstudy14.preprocessing.ConditionalImputer,hotencoding=sklearn.preprocessing.data.OneHotEncoder,variencethreshold=sklearn.feature_selection.variance_threshold.VarianceThreshold,classifier=sklearn.svm.classes.SVC)(1)","0.4785","axis:0,features:[],copy:true,empty:0,values:""NaN"",strategy:""median"",nominal:""most_frequent"",verbose:0,features:[],dtype:float64""},unknown:""ignore"",values:""auto"",sparse:true,threshold:0.0,C:7029452426404763,size:200,weight:null,coef0:0.0,shape:null,degree:3,gamma:136969531895048,kernel:""rbf"",iter:-1,probability:true,state:30078,shrinking:false,tol:0007251952590628599,verbose:false"
"6058183","sklearn.pipeline.Pipeline(imputation=openmlstudy14.preprocessing.ConditionalImputer,hotencoding=sklearn.preprocessing.data.OneHotEncoder,variencethreshold=sklearn.feature_selection.variance_threshold.VarianceThreshold,classifier=sklearn.svm.classes.SVC)(1)","0.4782","axis:0,features:[],copy:true,empty:0,values:""NaN"",strategy:""median"",nominal:""most_frequent"",verbose:0,features:[],dtype:float64""},unknown:""ignore"",values:""auto"",sparse:true,threshold:0.0,C:9902349497594045,size:200,weight:null,coef0:0.0,shape:null,degree:3,gamma:135331331199899,kernel:""rbf"",iter:-1,probability:true,state:57452,shrinking:false,tol:0004661686376698835,verbose:false"
"6042080","sklearn.pipeline.Pipeline(imputation=openmlstudy14.preprocessing.ConditionalImputer,hotencoding=sklearn.preprocessing.data.OneHotEncoder,variencethreshold=sklearn.feature_selection.variance_threshold.VarianceThreshold,classifier=sklearn.svm.classes.SVC)(1)","0.478","axis:0,features:[],copy:true,empty:0,values:""NaN"",strategy:""median"",nominal:""most_frequent"",verbose:0,features:[],dtype:float64""},unknown:""ignore"",values:""auto"",sparse:true,threshold:0.0,C:740464100709577,size:200,weight:null,coef0:18469400176006756,shape:null,degree:2,gamma:9144347366119419,kernel:""poly"",iter:-1,probability:true,state:30339,shrinking:false,tol:00017504214416859412,verbose:false"
"6033750","sklearn.pipeline.Pipeline(imputation=openmlstudy14.preprocessing.ConditionalImputer,hotencoding=sklearn.preprocessing.data.OneHotEncoder,variencethreshold=sklearn.feature_selection.variance_threshold.VarianceThreshold,classifier=sklearn.svm.classes.SVC)(1)","0.478","axis:0,features:[],copy:true,empty:0,values:""NaN"",strategy:""median"",nominal:""most_frequent"",verbose:0,features:[],dtype:float64""},unknown:""ignore"",values:""auto"",sparse:true,threshold:0.0,C:3799954862695,size:200,weight:null,coef0:13647698484252957,shape:null,degree:3,gamma:33682352050254477,kernel:""sigmoid"",iter:-1,probability:true,state:62,shrinking:true,tol:734688554784843e-05,verbose:false"
"6043559","sklearn.pipeline.Pipeline(imputation=openmlstudy14.preprocessing.ConditionalImputer,hotencoding=sklearn.preprocessing.data.OneHotEncoder,variencethreshold=sklearn.feature_selection.variance_threshold.VarianceThreshold,classifier=sklearn.svm.classes.SVC)(1)","0.4779","axis:0,features:[],copy:true,empty:0,values:""NaN"",strategy:""most_frequent"",nominal:""most_frequent"",verbose:0,features:[],dtype:float64""},unknown:""ignore"",values:""auto"",sparse:true,threshold:0.0,C:2029016839322,size:200,weight:null,coef0:5842555223700254,shape:null,degree:1,gamma:2937837210380585,kernel:""poly"",iter:-1,probability:true,state:12852,shrinking:true,tol:034170700083286105,verbose:false"
"6065216","sklearn.pipeline.Pipeline(imputation=openmlstudy14.preprocessing.ConditionalImputer,hotencoding=sklearn.preprocessing.data.OneHotEncoder,variencethreshold=sklearn.feature_selection.variance_threshold.VarianceThreshold,classifier=sklearn.svm.classes.SVC)(1)","0.4778","axis:0,features:[],copy:true,empty:0,values:""NaN"",strategy:""most_frequent"",nominal:""most_frequent"",verbose:0,features:[],dtype:float64""},unknown:""ignore"",values:""auto"",sparse:true,threshold:0.0,C:1738814980612995,size:200,weight:null,coef0:0.0,shape:null,degree:3,gamma:3540516276524728,kernel:""rbf"",iter:-1,probability:true,state:44671,shrinking:false,tol:452125249609382e-05,verbose:false"
"6053520","sklearn.pipeline.Pipeline(imputation=openmlstudy14.preprocessing.ConditionalImputer,hotencoding=sklearn.preprocessing.data.OneHotEncoder,variencethreshold=sklearn.feature_selection.variance_threshold.VarianceThreshold,classifier=sklearn.svm.classes.SVC)(1)","0.4778","axis:0,features:[],copy:true,empty:0,values:""NaN"",strategy:""median"",nominal:""most_frequent"",verbose:0,features:[],dtype:float64""},unknown:""ignore"",values:""auto"",sparse:true,threshold:0.0,C:735659899723,size:200,weight:null,coef0:8510809651363966,shape:null,degree:3,gamma:10359543570789682,kernel:""sigmoid"",iter:-1,probability:true,state:42460,shrinking:true,tol:05400193151911302,verbose:false"
"6052942","sklearn.pipeline.Pipeline(imputation=openmlstudy14.preprocessing.ConditionalImputer,hotencoding=sklearn.preprocessing.data.OneHotEncoder,variencethreshold=sklearn.feature_selection.variance_threshold.VarianceThreshold,classifier=sklearn.svm.classes.SVC)(1)","0.4778","axis:0,features:[],copy:true,empty:0,values:""NaN"",strategy:""most_frequent"",nominal:""most_frequent"",verbose:0,features:[],dtype:float64""},unknown:""ignore"",values:""auto"",sparse:true,threshold:0.0,C:5267923583563245,size:200,weight:null,coef0:0.0,shape:null,degree:3,gamma:247550644338198,kernel:""rbf"",iter:-1,probability:true,state:42600,shrinking:false,tol:00014277171107142657,verbose:false"
"9878436","sklearn.pipeline.Pipeline(columntransformer=sklearn.compose._column_transformer.ColumnTransformer(numeric=sklearn.pipeline.Pipeline(imputer=sklearn.preprocessing.imputation.Imputer,standardscaler=sklearn.preprocessing.data.StandardScaler),nominal=sklearn.pipeline.Pipeline(simpleimputer=sklearn.impute.SimpleImputer,onehotencoder=sklearn.preprocessing._encoders.OneHotEncoder)),variancethreshold=sklearn.feature_selection.variance_threshold.VarianceThreshold,gradientboostingclassifier=sklearn.ensemble.gradient_boosting.GradientBoostingClassifier)(2)","0.4777","axis:0,copy:true,values:""NaN"",strategy:""median"",verbose:0,copy:true,mean:true,std:true,memory:null,copy:true,value:-1,values:NaN,strategy:""constant"",verbose:0,features:null,categories:null,dtype:float64""},unknown:""ignore"",values:null,sparse:true,criterion:""friedman_mse"",init:null,rate:8912020445717084,loss:""deviance"",depth:1,features:9516385566255985,nodes:null,decrease:7824221406055986,split:null,leaf:15,split:20,leaf:2706254853186088,estimators:246,change:963,presort:""auto"",state:59521,subsample:8340142452629452,tol:015051307590605181,fraction:8705119425309455,verbose:0,start:false,jobs:null,remainder:""passthrough"",threshold:0.3,weights:null,memory:null,threshold:0.0,memory:null"
"8990581","sklearn.pipeline.Pipeline(imputation=openmlstudy14.preprocessing.ConditionalImputer,hotencoding=sklearn.preprocessing.data.OneHotEncoder,scaling=sklearn.preprocessing.data.StandardScaler,variencethreshold=sklearn.feature_selection.variance_threshold.VarianceThreshold,classifier=sklearn.svm.classes.SVC)(2)","0.4777","axis:0,features:[],copy:true,empty:0,values:""NaN"",strategy:""most_frequent"",nominal:""most_frequent"",verbose:0,features:[],dtype:float64""},unknown:""ignore"",values:""auto"",sparse:true,threshold:0.0,C:878646027652723,size:200,weight:null,coef0:8805558410869418,shape:null,degree:2,gamma:0006214980155504398,kernel:""sigmoid"",iter:-1,probability:true,state:18672,shrinking:true,tol:0023689358122242804,verbose:false,copy:true,mean:false,std:true"
"6058901","sklearn.pipeline.Pipeline(imputation=openmlstudy14.preprocessing.ConditionalImputer,hotencoding=sklearn.preprocessing.data.OneHotEncoder,variencethreshold=sklearn.feature_selection.variance_threshold.VarianceThreshold,classifier=sklearn.svm.classes.SVC)(1)","0.4777","axis:0,features:[],copy:true,empty:0,values:""NaN"",strategy:""mean"",nominal:""most_frequent"",verbose:0,features:[],dtype:float64""},unknown:""ignore"",values:""auto"",sparse:true,threshold:0.0,C:355071876019093,size:200,weight:null,coef0:0.0,shape:null,degree:3,gamma:433171077737941,kernel:""rbf"",iter:-1,probability:true,state:14034,shrinking:false,tol:610147854913377e-05,verbose:false"
"6044542","sklearn.pipeline.Pipeline(imputation=openmlstudy14.preprocessing.ConditionalImputer,hotencoding=sklearn.preprocessing.data.OneHotEncoder,variencethreshold=sklearn.feature_selection.variance_threshold.VarianceThreshold,classifier=sklearn.svm.classes.SVC)(1)","0.4776","axis:0,features:[],copy:true,empty:0,values:""NaN"",strategy:""mean"",nominal:""most_frequent"",verbose:0,features:[],dtype:float64""},unknown:""ignore"",values:""auto"",sparse:true,threshold:0.0,C:5637757974696,size:200,weight:null,coef0:0.0,shape:null,degree:3,gamma:07357486681281163,kernel:""rbf"",iter:-1,probability:true,state:21901,shrinking:false,tol:0015856830984505286,verbose:false"
"9885516","sklearn.pipeline.Pipeline(columntransformer=sklearn.compose._column_transformer.ColumnTransformer(numeric=sklearn.pipeline.Pipeline(imputer=sklearn.preprocessing.imputation.Imputer,standardscaler=sklearn.preprocessing.data.StandardScaler),nominal=sklearn.pipeline.Pipeline(simpleimputer=sklearn.impute.SimpleImputer,onehotencoder=sklearn.preprocessing._encoders.OneHotEncoder)),variancethreshold=sklearn.feature_selection.variance_threshold.VarianceThreshold,gradientboostingclassifier=sklearn.ensemble.gradient_boosting.GradientBoostingClassifier)(2)","0.4775","axis:0,copy:true,values:""NaN"",strategy:""median"",verbose:0,copy:true,mean:true,std:true,memory:null,copy:true,value:-1,values:NaN,strategy:""constant"",verbose:0,features:null,categories:null,dtype:float64""},unknown:""ignore"",values:null,sparse:true,criterion:""friedman_mse"",init:null,rate:3900023029566058,loss:""deviance"",depth:3,features:9476007504459736,nodes:null,decrease:63617440161501,split:null,leaf:8,split:8,leaf:43458353397949795,estimators:463,change:427,presort:""auto"",state:21122,subsample:3012088337894834,tol:01293437575293483,fraction:3123361015839874,verbose:0,start:false,jobs:null,remainder:""passthrough"",threshold:0.3,weights:null,memory:null,threshold:0.0,memory:null"
"6053527","sklearn.pipeline.Pipeline(imputation=openmlstudy14.preprocessing.ConditionalImputer,hotencoding=sklearn.preprocessing.data.OneHotEncoder,variencethreshold=sklearn.feature_selection.variance_threshold.VarianceThreshold,classifier=sklearn.svm.classes.SVC)(1)","0.4775","axis:0,features:[],copy:true,empty:0,values:""NaN"",strategy:""mean"",nominal:""most_frequent"",verbose:0,features:[],dtype:float64""},unknown:""ignore"",values:""auto"",sparse:true,threshold:0.0,C:7820213985393718,size:200,weight:null,coef0:6075789804090073,shape:null,degree:3,gamma:386931169120276,kernel:""sigmoid"",iter:-1,probability:true,state:43036,shrinking:true,tol:959341844794258e-05,verbose:false"
"6060146","sklearn.pipeline.Pipeline(imputation=openmlstudy14.preprocessing.ConditionalImputer,hotencoding=sklearn.preprocessing.data.OneHotEncoder,variencethreshold=sklearn.feature_selection.variance_threshold.VarianceThreshold,classifier=sklearn.svm.classes.SVC)(1)","0.4775","axis:0,features:[],copy:true,empty:0,values:""NaN"",strategy:""median"",nominal:""most_frequent"",verbose:0,features:[],dtype:float64""},unknown:""ignore"",values:""auto"",sparse:true,threshold:0.0,C:533359064901,size:200,weight:null,coef0:1987177215138729,shape:null,degree:1,gamma:931346321249181,kernel:""poly"",iter:-1,probability:true,state:33033,shrinking:false,tol:0004820269849711962,verbose:false"
"9879393","sklearn.pipeline.Pipeline(columntransformer=sklearn.compose._column_transformer.ColumnTransformer(numeric=sklearn.pipeline.Pipeline(imputer=sklearn.preprocessing.imputation.Imputer,standardscaler=sklearn.preprocessing.data.StandardScaler),nominal=sklearn.pipeline.Pipeline(simpleimputer=sklearn.impute.SimpleImputer,onehotencoder=sklearn.preprocessing._encoders.OneHotEncoder)),variancethreshold=sklearn.feature_selection.variance_threshold.VarianceThreshold,gradientboostingclassifier=sklearn.ensemble.gradient_boosting.GradientBoostingClassifier)(2)","0.4772","axis:0,copy:true,values:""NaN"",strategy:""mean"",verbose:0,copy:true,mean:true,std:true,memory:null,copy:true,value:-1,values:NaN,strategy:""constant"",verbose:0,features:null,categories:null,dtype:float64""},unknown:""ignore"",values:null,sparse:true,criterion:""friedman_mse"",init:null,rate:040374004774361295,loss:""deviance"",depth:2,features:8978762756502796,nodes:null,decrease:6992304516703255,split:null,leaf:14,split:11,leaf:4359947484079347,estimators:177,change:87,presort:""auto"",state:25137,subsample:7149526479515736,tol:608073490421644e-05,fraction:7909171799530997,verbose:0,start:false,jobs:null,remainder:""passthrough"",threshold:0.3,weights:null,memory:null,threshold:0.0,memory:null"
"6139713","sklearn.pipeline.Pipeline(imputation=openmlstudy14.preprocessing.ConditionalImputer,hotencoding=sklearn.preprocessing.data.OneHotEncoder,variencethreshold=sklearn.feature_selection.variance_threshold.VarianceThreshold,classifier=sklearn.svm.classes.SVC)(1)","0.4772","axis:0,features:[],copy:true,empty:0,values:""NaN"",strategy:""most_frequent"",nominal:""most_frequent"",verbose:0,features:[],dtype:float64""},unknown:""ignore"",values:""auto"",sparse:true,threshold:0.0,C:5558653015636,size:200,weight:null,coef0:17969541749983553,shape:null,degree:1,gamma:5670621204304065,kernel:""poly"",iter:-1,probability:true,state:11678,shrinking:true,tol:0006306170735171589,verbose:false"
"6130758","sklearn.pipeline.Pipeline(imputation=openmlstudy14.preprocessing.ConditionalImputer,hotencoding=sklearn.preprocessing.data.OneHotEncoder,variencethreshold=sklearn.feature_selection.variance_threshold.VarianceThreshold,classifier=sklearn.svm.classes.SVC)(1)","0.4772","axis:0,features:[],copy:true,empty:0,values:""NaN"",strategy:""median"",nominal:""most_frequent"",verbose:0,features:[],dtype:float64""},unknown:""ignore"",values:""auto"",sparse:true,threshold:0.0,C:683143295964522,size:200,weight:null,coef0:0.0,shape:null,degree:3,gamma:7379399296638975,kernel:""rbf"",iter:-1,probability:true,state:23254,shrinking:false,tol:125919285158144e-05,verbose:false"
"6061938","sklearn.pipeline.Pipeline(imputation=openmlstudy14.preprocessing.ConditionalImputer,hotencoding=sklearn.preprocessing.data.OneHotEncoder,variencethreshold=sklearn.feature_selection.variance_threshold.VarianceThreshold,classifier=sklearn.svm.classes.SVC)(1)","0.4772","axis:0,features:[],copy:true,empty:0,values:""NaN"",strategy:""most_frequent"",nominal:""most_frequent"",verbose:0,features:[],dtype:float64""},unknown:""ignore"",values:""auto"",sparse:true,threshold:0.0,C:3204672785842373,size:200,weight:null,coef0:45950136995579816,shape:null,degree:4,gamma:7833668646200003,kernel:""poly"",iter:-1,probability:true,state:51651,shrinking:true,tol:881194241567973e-05,verbose:false"
"6042075","sklearn.pipeline.Pipeline(imputation=openmlstudy14.preprocessing.ConditionalImputer,hotencoding=sklearn.preprocessing.data.OneHotEncoder,variencethreshold=sklearn.feature_selection.variance_threshold.VarianceThreshold,classifier=sklearn.svm.classes.SVC)(1)","0.4771","axis:0,features:[],copy:true,empty:0,values:""NaN"",strategy:""median"",nominal:""most_frequent"",verbose:0,features:[],dtype:float64""},unknown:""ignore"",values:""auto"",sparse:true,threshold:0.0,C:828836010227,size:200,weight:null,coef0:31841760901749283,shape:null,degree:1,gamma:194772329243581,kernel:""poly"",iter:-1,probability:true,state:62798,shrinking:false,tol:0026492003467596297,verbose:false"
"9899925","sklearn.pipeline.Pipeline(columntransformer=sklearn.compose._column_transformer.ColumnTransformer(numeric=sklearn.pipeline.Pipeline(imputer=sklearn.preprocessing.imputation.Imputer,standardscaler=sklearn.preprocessing.data.StandardScaler),nominal=sklearn.pipeline.Pipeline(simpleimputer=sklearn.impute.SimpleImputer,onehotencoder=sklearn.preprocessing._encoders.OneHotEncoder)),variancethreshold=sklearn.feature_selection.variance_threshold.VarianceThreshold,gradientboostingclassifier=sklearn.ensemble.gradient_boosting.GradientBoostingClassifier)(2)","0.477","axis:0,copy:true,values:""NaN"",strategy:""most_frequent"",verbose:0,copy:true,mean:true,std:true,memory:null,copy:true,value:-1,values:NaN,strategy:""constant"",verbose:0,features:null,categories:null,dtype:float64""},unknown:""ignore"",values:null,sparse:true,criterion:""friedman_mse"",init:null,rate:06254391455190479,loss:""deviance"",depth:2,features:7925149241959468,nodes:null,decrease:9290579017635417,split:null,leaf:2,split:5,leaf:48472333538812384,estimators:227,change:290,presort:""auto"",state:60517,subsample:23527441280367323,tol:023628105149236335,fraction:5627913817376421,verbose:0,start:false,jobs:null,remainder:""passthrough"",threshold:0.3,weights:null,memory:null,threshold:0.0,memory:null"
"6053678","sklearn.pipeline.Pipeline(imputation=openmlstudy14.preprocessing.ConditionalImputer,hotencoding=sklearn.preprocessing.data.OneHotEncoder,variencethreshold=sklearn.feature_selection.variance_threshold.VarianceThreshold,classifier=sklearn.svm.classes.SVC)(1)","0.477","axis:0,features:[],copy:true,empty:0,values:""NaN"",strategy:""mean"",nominal:""most_frequent"",verbose:0,features:[],dtype:float64""},unknown:""ignore"",values:""auto"",sparse:true,threshold:0.0,C:5158224575343,size:200,weight:null,coef0:0.0,shape:null,degree:3,gamma:03529545168766491,kernel:""rbf"",iter:-1,probability:true,state:36901,shrinking:false,tol:0007480719832535229,verbose:false"
"6020651","sklearn.pipeline.Pipeline(imputation=openmlstudy14.preprocessing.ConditionalImputer,hotencoding=sklearn.preprocessing.data.OneHotEncoder,variencethreshold=sklearn.feature_selection.variance_threshold.VarianceThreshold,classifier=sklearn.svm.classes.SVC)(1)","0.477","axis:0,features:[],copy:true,empty:0,values:""NaN"",strategy:""mean"",nominal:""most_frequent"",verbose:0,features:[],dtype:float64""},unknown:""ignore"",values:""auto"",sparse:false,threshold:0.0,C:064643822589346,size:200,weight:null,coef0:0.0,shape:null,degree:3,gamma:7569584240990366,kernel:""rbf"",iter:-1,probability:true,state:1846,shrinking:false,tol:00011540291164746022,verbose:false"
"9885616","sklearn.pipeline.Pipeline(columntransformer=sklearn.compose._column_transformer.ColumnTransformer(numeric=sklearn.pipeline.Pipeline(imputer=sklearn.preprocessing.imputation.Imputer,standardscaler=sklearn.preprocessing.data.StandardScaler),nominal=sklearn.pipeline.Pipeline(simpleimputer=sklearn.impute.SimpleImputer,onehotencoder=sklearn.preprocessing._encoders.OneHotEncoder)),variancethreshold=sklearn.feature_selection.variance_threshold.VarianceThreshold,gradientboostingclassifier=sklearn.ensemble.gradient_boosting.GradientBoostingClassifier)(1)","0.4769","memory:null,jobs:null,remainder:""passthrough"",threshold:0.3,weights:null,memory:null,axis:0,copy:true,values:""NaN"",strategy:""median"",verbose:0,copy:true,mean:true,std:true,memory:null,copy:true,value:-1,values:NaN,strategy:""constant"",verbose:0,features:null,categories:null,dtype:float64""},unknown:""ignore"",values:null,sparse:true,threshold:0.0,criterion:""friedman_mse"",init:null,rate:7252353387104807,loss:""deviance"",depth:3,features:25144839245415773,nodes:null,decrease:8486924599791709,split:null,leaf:5,split:4,leaf:3986219033282408,estimators:410,change:909,presort:""auto"",state:14148,subsample:37465823774831186,tol:00047369043630774647,fraction:44963293918254754,verbose:0,start:false"
"5999329","sklearn.pipeline.Pipeline(imputation=openmlstudy14.preprocessing.ConditionalImputer,hotencoding=sklearn.preprocessing.data.OneHotEncoder,variencethreshold=sklearn.feature_selection.variance_threshold.VarianceThreshold,classifier=sklearn.svm.classes.SVC)(1)","0.4768","axis:0,features:[],copy:true,empty:0,values:""NaN"",strategy:""mean"",nominal:""most_frequent"",verbose:0,features:[],dtype:float64""},unknown:""ignore"",values:""auto"",sparse:false,threshold:0.0,C:8097845582025297,size:200,weight:null,coef0:0.0,shape:null,degree:3,gamma:9541237378166555,kernel:""rbf"",iter:-1,probability:true,state:31022,shrinking:false,tol:1347450228883198e-05,verbose:false"
"6133236","sklearn.pipeline.Pipeline(imputation=openmlstudy14.preprocessing.ConditionalImputer,hotencoding=sklearn.preprocessing.data.OneHotEncoder,variencethreshold=sklearn.feature_selection.variance_threshold.VarianceThreshold,classifier=sklearn.svm.classes.SVC)(1)","0.4767","axis:0,features:[],copy:true,empty:0,values:""NaN"",strategy:""most_frequent"",nominal:""most_frequent"",verbose:0,features:[],dtype:float64""},unknown:""ignore"",values:""auto"",sparse:true,threshold:0.0,C:3744700005959,size:200,weight:null,coef0:9707714064275017,shape:null,degree:3,gamma:0011483881981482291,kernel:""poly"",iter:-1,probability:true,state:19157,shrinking:false,tol:00015436119712636254,verbose:false"
"8972989","sklearn.pipeline.Pipeline(imputation=openmlstudy14.preprocessing.ConditionalImputer,hotencoding=sklearn.preprocessing.data.OneHotEncoder,scaling=sklearn.preprocessing.data.StandardScaler,variencethreshold=sklearn.feature_selection.variance_threshold.VarianceThreshold,classifier=sklearn.svm.classes.SVC)(2)","0.4766","axis:0,features:[],copy:true,empty:0,values:""NaN"",strategy:""mean"",nominal:""most_frequent"",verbose:0,features:[],dtype:float64""},unknown:""ignore"",values:""auto"",sparse:true,threshold:0.0,C:51642519773539,size:200,weight:null,coef0:8696814880383368,shape:null,degree:4,gamma:024016752006086377,kernel:""poly"",iter:-1,probability:true,state:13241,shrinking:false,tol:0006529953915197267,verbose:false,copy:true,mean:false,std:true"
"6048755","sklearn.pipeline.Pipeline(imputation=openmlstudy14.preprocessing.ConditionalImputer,hotencoding=sklearn.preprocessing.data.OneHotEncoder,variencethreshold=sklearn.feature_selection.variance_threshold.VarianceThreshold,classifier=sklearn.svm.classes.SVC)(1)","0.4766","axis:0,features:[],copy:true,empty:0,values:""NaN"",strategy:""median"",nominal:""most_frequent"",verbose:0,features:[],dtype:float64""},unknown:""ignore"",values:""auto"",sparse:true,threshold:0.0,C:5354612908919147,size:200,weight:null,coef0:0.0,shape:null,degree:3,gamma:7352455868007475,kernel:""rbf"",iter:-1,probability:true,state:55552,shrinking:true,tol:00047091706880367907,verbose:false"
"9907128","sklearn.pipeline.Pipeline(columntransformer=sklearn.compose._column_transformer.ColumnTransformer(numeric=sklearn.pipeline.Pipeline(imputer=sklearn.preprocessing.imputation.Imputer,standardscaler=sklearn.preprocessing.data.StandardScaler),nominal=sklearn.pipeline.Pipeline(simpleimputer=sklearn.impute.SimpleImputer,onehotencoder=sklearn.preprocessing._encoders.OneHotEncoder)),variancethreshold=sklearn.feature_selection.variance_threshold.VarianceThreshold,gradientboostingclassifier=sklearn.ensemble.gradient_boosting.GradientBoostingClassifier)(1)","0.4765","memory:null,jobs:null,remainder:""passthrough"",threshold:0.3,weights:null,memory:null,axis:0,copy:true,values:""NaN"",strategy:""median"",verbose:0,copy:true,mean:true,std:true,memory:null,copy:true,value:-1,values:NaN,strategy:""constant"",verbose:0,features:null,categories:null,dtype:float64""},unknown:""ignore"",values:null,sparse:true,threshold:0.0,criterion:""friedman_mse"",init:null,rate:36184036728267055,loss:""deviance"",depth:3,features:4819402435463046,nodes:null,decrease:8840552256931232,split:null,leaf:9,split:11,leaf:42274179017714325,estimators:113,change:693,presort:""auto"",state:17397,subsample:5804432136909133,tol:07995484767093797,fraction:8371613432636689,verbose:0,start:false"
"8986144","sklearn.pipeline.Pipeline(imputation=openmlstudy14.preprocessing.ConditionalImputer,hotencoding=sklearn.preprocessing.data.OneHotEncoder,scaling=sklearn.preprocessing.data.StandardScaler,variencethreshold=sklearn.feature_selection.variance_threshold.VarianceThreshold,classifier=sklearn.svm.classes.SVC)(2)","0.4765","axis:0,features:[],copy:true,empty:0,values:""NaN"",strategy:""median"",nominal:""most_frequent"",verbose:0,features:[],dtype:float64""},unknown:""ignore"",values:""auto"",sparse:true,threshold:0.0,C:249031439033979,size:200,weight:null,coef0:3870663185391545,shape:null,degree:2,gamma:0004586217275916941,kernel:""poly"",iter:-1,probability:true,state:48314,shrinking:true,tol:0007450833762808232,verbose:false,copy:true,mean:false,std:true"
"9913134","sklearn.pipeline.Pipeline(columntransformer=sklearn.compose._column_transformer.ColumnTransformer(numeric=sklearn.pipeline.Pipeline(imputer=sklearn.preprocessing.imputation.Imputer,standardscaler=sklearn.preprocessing.data.StandardScaler),nominal=sklearn.pipeline.Pipeline(simpleimputer=sklearn.impute.SimpleImputer,onehotencoder=sklearn.preprocessing._encoders.OneHotEncoder)),variancethreshold=sklearn.feature_selection.variance_threshold.VarianceThreshold,gradientboostingclassifier=sklearn.ensemble.gradient_boosting.GradientBoostingClassifier)(1)","0.4763","memory:null,jobs:null,remainder:""passthrough"",threshold:0.3,weights:null,memory:null,axis:0,copy:true,values:""NaN"",strategy:""median"",verbose:0,copy:true,mean:true,std:true,memory:null,copy:true,value:-1,values:NaN,strategy:""constant"",verbose:0,features:null,categories:null,dtype:float64""},unknown:""ignore"",values:null,sparse:true,threshold:0.0,criterion:""friedman_mse"",init:null,rate:08280028392098845,loss:""deviance"",depth:5,features:5275442614371363,nodes:null,decrease:641466682760808,split:null,leaf:3,split:10,leaf:42315104945122906,estimators:377,change:442,presort:""auto"",state:12880,subsample:4162717942438454,tol:0029894235189261236,fraction:845468496175188,verbose:0,start:false"
"6050560","sklearn.pipeline.Pipeline(imputation=openmlstudy14.preprocessing.ConditionalImputer,hotencoding=sklearn.preprocessing.data.OneHotEncoder,variencethreshold=sklearn.feature_selection.variance_threshold.VarianceThreshold,classifier=sklearn.svm.classes.SVC)(1)","0.4761","axis:0,features:[],copy:true,empty:0,values:""NaN"",strategy:""most_frequent"",nominal:""most_frequent"",verbose:0,features:[],dtype:float64""},unknown:""ignore"",values:""auto"",sparse:true,threshold:0.0,C:84885856439006,size:200,weight:null,coef0:0.0,shape:null,degree:3,gamma:07637215419413405,kernel:""rbf"",iter:-1,probability:true,state:34412,shrinking:true,tol:6393240292454615e-05,verbose:false"
"6046160","sklearn.pipeline.Pipeline(imputation=openmlstudy14.preprocessing.ConditionalImputer,hotencoding=sklearn.preprocessing.data.OneHotEncoder,variencethreshold=sklearn.feature_selection.variance_threshold.VarianceThreshold,classifier=sklearn.svm.classes.SVC)(1)","0.4761","axis:0,features:[],copy:true,empty:0,values:""NaN"",strategy:""median"",nominal:""most_frequent"",verbose:0,features:[],dtype:float64""},unknown:""ignore"",values:""auto"",sparse:true,threshold:0.0,C:925789964764,size:200,weight:null,coef0:3233847066307709,shape:null,degree:1,gamma:1927687785258927,kernel:""poly"",iter:-1,probability:true,state:13617,shrinking:false,tol:004188907670847581,verbose:false"
"6157125","sklearn.pipeline.Pipeline(imputation=openmlstudy14.preprocessing.ConditionalImputer,hotencoding=sklearn.preprocessing.data.OneHotEncoder,variencethreshold=sklearn.feature_selection.variance_threshold.VarianceThreshold,classifier=sklearn.svm.classes.SVC)(1)","0.4761","axis:0,features:[],copy:true,empty:0,values:""NaN"",strategy:""median"",nominal:""most_frequent"",verbose:0,features:[],dtype:float64""},unknown:""ignore"",values:""auto"",sparse:true,threshold:0.0,C:5324405720455596,size:200,weight:null,coef0:6278859262078116,shape:null,degree:2,gamma:3572237525119855,kernel:""poly"",iter:-1,probability:true,state:8101,shrinking:false,tol:00029497292071340055,verbose:false"
"6056067","sklearn.pipeline.Pipeline(imputation=openmlstudy14.preprocessing.ConditionalImputer,hotencoding=sklearn.preprocessing.data.OneHotEncoder,variencethreshold=sklearn.feature_selection.variance_threshold.VarianceThreshold,classifier=sklearn.svm.classes.SVC)(1)","0.4761","axis:0,features:[],copy:true,empty:0,values:""NaN"",strategy:""mean"",nominal:""most_frequent"",verbose:0,features:[],dtype:float64""},unknown:""ignore"",values:""auto"",sparse:true,threshold:0.0,C:48080717168844467,size:200,weight:null,coef0:0.0,shape:null,degree:3,gamma:2821766750136567,kernel:""rbf"",iter:-1,probability:true,state:50354,shrinking:false,tol:010198330879436102,verbose:false"
"8979292","sklearn.pipeline.Pipeline(imputation=openmlstudy14.preprocessing.ConditionalImputer,hotencoding=sklearn.preprocessing.data.OneHotEncoder,scaling=sklearn.preprocessing.data.StandardScaler,variencethreshold=sklearn.feature_selection.variance_threshold.VarianceThreshold,classifier=sklearn.svm.classes.SVC)(2)","0.476","axis:0,features:[],copy:true,empty:0,values:""NaN"",strategy:""mean"",nominal:""most_frequent"",verbose:0,features:[],dtype:float64""},unknown:""ignore"",values:""auto"",sparse:true,threshold:0.0,C:867255138418548,size:200,weight:null,coef0:14089596420954642,shape:null,degree:3,gamma:028554064352792972,kernel:""poly"",iter:-1,probability:true,state:9375,shrinking:false,tol:05945813830678325,verbose:false,copy:true,mean:false,std:true"
"9904031","sklearn.pipeline.Pipeline(columntransformer=sklearn.compose._column_transformer.ColumnTransformer(numeric=sklearn.pipeline.Pipeline(imputer=sklearn.preprocessing.imputation.Imputer,standardscaler=sklearn.preprocessing.data.StandardScaler),nominal=sklearn.pipeline.Pipeline(simpleimputer=sklearn.impute.SimpleImputer,onehotencoder=sklearn.preprocessing._encoders.OneHotEncoder)),variancethreshold=sklearn.feature_selection.variance_threshold.VarianceThreshold,gradientboostingclassifier=sklearn.ensemble.gradient_boosting.GradientBoostingClassifier)(2)","0.4759","axis:0,copy:true,values:""NaN"",strategy:""most_frequent"",verbose:0,copy:true,mean:true,std:true,memory:null,copy:true,value:-1,values:NaN,strategy:""constant"",verbose:0,features:null,categories:null,dtype:float64""},unknown:""ignore"",values:null,sparse:true,criterion:""friedman_mse"",init:null,rate:7254079937042294,loss:""deviance"",depth:8,features:26718231962387184,nodes:null,decrease:15794509787681288,split:null,leaf:10,split:10,leaf:28486610324268935,estimators:430,change:787,presort:""auto"",state:52797,subsample:2549884853504769,tol:00024002808429646758,fraction:4314566940194263,verbose:0,start:false,jobs:null,remainder:""passthrough"",threshold:0.3,weights:null,memory:null,threshold:0.0,memory:null"
"6040938","sklearn.pipeline.Pipeline(imputation=openmlstudy14.preprocessing.ConditionalImputer,hotencoding=sklearn.preprocessing.data.OneHotEncoder,variencethreshold=sklearn.feature_selection.variance_threshold.VarianceThreshold,classifier=sklearn.svm.classes.SVC)(1)","0.4759","axis:0,features:[],copy:true,empty:0,values:""NaN"",strategy:""mean"",nominal:""most_frequent"",verbose:0,features:[],dtype:float64""},unknown:""ignore"",values:""auto"",sparse:true,threshold:0.0,C:5309341742446,size:200,weight:null,coef0:0.0,shape:null,degree:3,gamma:08049624661066354,kernel:""rbf"",iter:-1,probability:true,state:64901,shrinking:false,tol:012584947406886681,verbose:false"
"6067299","sklearn.pipeline.Pipeline(imputation=openmlstudy14.preprocessing.ConditionalImputer,hotencoding=sklearn.preprocessing.data.OneHotEncoder,variencethreshold=sklearn.feature_selection.variance_threshold.VarianceThreshold,classifier=sklearn.svm.classes.SVC)(1)","0.4759","axis:0,features:[],copy:true,empty:0,values:""NaN"",strategy:""mean"",nominal:""most_frequent"",verbose:0,features:[],dtype:float64""},unknown:""ignore"",values:""auto"",sparse:true,threshold:0.0,C:482279267681136,size:200,weight:null,coef0:0.0,shape:null,degree:3,gamma:8367120263934646,kernel:""rbf"",iter:-1,probability:true,state:53859,shrinking:true,tol:0011521940374940405,verbose:false"
"6045495","sklearn.pipeline.Pipeline(imputation=openmlstudy14.preprocessing.ConditionalImputer,hotencoding=sklearn.preprocessing.data.OneHotEncoder,variencethreshold=sklearn.feature_selection.variance_threshold.VarianceThreshold,classifier=sklearn.svm.classes.SVC)(1)","0.4759","axis:0,features:[],copy:true,empty:0,values:""NaN"",strategy:""median"",nominal:""most_frequent"",verbose:0,features:[],dtype:float64""},unknown:""ignore"",values:""auto"",sparse:true,threshold:0.0,C:1740666111893,size:200,weight:null,coef0:0.0,shape:null,degree:3,gamma:019324199632487174,kernel:""rbf"",iter:-1,probability:true,state:5509,shrinking:true,tol:011495170381441018,verbose:false"
"6128677","sklearn.pipeline.Pipeline(imputation=openmlstudy14.preprocessing.ConditionalImputer,hotencoding=sklearn.preprocessing.data.OneHotEncoder,variencethreshold=sklearn.feature_selection.variance_threshold.VarianceThreshold,classifier=sklearn.svm.classes.SVC)(1)","0.4759","axis:0,features:[],copy:true,empty:0,values:""NaN"",strategy:""mean"",nominal:""most_frequent"",verbose:0,features:[],dtype:float64""},unknown:""ignore"",values:""auto"",sparse:true,threshold:0.0,C:545765690232858,size:200,weight:null,coef0:7647374245264886,shape:null,degree:3,gamma:8885849577314926,kernel:""sigmoid"",iter:-1,probability:true,state:24618,shrinking:true,tol:8343631209556587e-05,verbose:false"
"8975853","sklearn.pipeline.Pipeline(imputation=openmlstudy14.preprocessing.ConditionalImputer,hotencoding=sklearn.preprocessing.data.OneHotEncoder,scaling=sklearn.preprocessing.data.StandardScaler,variencethreshold=sklearn.feature_selection.variance_threshold.VarianceThreshold,classifier=sklearn.svm.classes.SVC)(2)","0.4758","axis:0,features:[],copy:true,empty:0,values:""NaN"",strategy:""most_frequent"",nominal:""most_frequent"",verbose:0,features:[],dtype:float64""},unknown:""ignore"",values:""auto"",sparse:true,threshold:0.0,C:75831161703892,size:200,weight:null,coef0:3298035745464942,shape:null,degree:5,gamma:2300852113071692e-05,kernel:""rbf"",iter:-1,probability:true,state:9492,shrinking:true,tol:0035327844797588114,verbose:false,copy:true,mean:false,std:true"
"6061449","sklearn.pipeline.Pipeline(imputation=openmlstudy14.preprocessing.ConditionalImputer,hotencoding=sklearn.preprocessing.data.OneHotEncoder,variencethreshold=sklearn.feature_selection.variance_threshold.VarianceThreshold,classifier=sklearn.svm.classes.SVC)(1)","0.4758","axis:0,features:[],copy:true,empty:0,values:""NaN"",strategy:""mean"",nominal:""most_frequent"",verbose:0,features:[],dtype:float64""},unknown:""ignore"",values:""auto"",sparse:true,threshold:0.0,C:31335827187064,size:200,weight:null,coef0:3058864212154129,shape:null,degree:3,gamma:49403908858469686,kernel:""poly"",iter:-1,probability:true,state:47916,shrinking:true,tol:09643904868687703,verbose:false"
"569188","weka.Logistic(6)","0.4758","R:1.0E-8,M:-1"
"6046286","sklearn.pipeline.Pipeline(imputation=openmlstudy14.preprocessing.ConditionalImputer,hotencoding=sklearn.preprocessing.data.OneHotEncoder,variencethreshold=sklearn.feature_selection.variance_threshold.VarianceThreshold,classifier=sklearn.svm.classes.SVC)(1)","0.4757","axis:0,features:[],copy:true,empty:0,values:""NaN"",strategy:""mean"",nominal:""most_frequent"",verbose:0,features:[],dtype:float64""},unknown:""ignore"",values:""auto"",sparse:true,threshold:0.0,C:470838390088607,size:200,weight:null,coef0:89418391365195,shape:null,degree:3,gamma:31860049819345,kernel:""sigmoid"",iter:-1,probability:true,state:4697,shrinking:true,tol:0017909075871512595,verbose:false"
"6043680","sklearn.pipeline.Pipeline(imputation=openmlstudy14.preprocessing.ConditionalImputer,hotencoding=sklearn.preprocessing.data.OneHotEncoder,variencethreshold=sklearn.feature_selection.variance_threshold.VarianceThreshold,classifier=sklearn.svm.classes.SVC)(1)","0.4756","axis:0,features:[],copy:true,empty:0,values:""NaN"",strategy:""mean"",nominal:""most_frequent"",verbose:0,features:[],dtype:float64""},unknown:""ignore"",values:""auto"",sparse:true,threshold:0.0,C:424713743854,size:200,weight:null,coef0:0.0,shape:null,degree:3,gamma:0015365371141883547,kernel:""rbf"",iter:-1,probability:true,state:7194,shrinking:false,tol:054242585393021965,verbose:false"
"9909186","sklearn.pipeline.Pipeline(columntransformer=sklearn.compose._column_transformer.ColumnTransformer(numeric=sklearn.pipeline.Pipeline(imputer=sklearn.preprocessing.imputation.Imputer,standardscaler=sklearn.preprocessing.data.StandardScaler),nominal=sklearn.pipeline.Pipeline(simpleimputer=sklearn.impute.SimpleImputer,onehotencoder=sklearn.preprocessing._encoders.OneHotEncoder)),variancethreshold=sklearn.feature_selection.variance_threshold.VarianceThreshold,gradientboostingclassifier=sklearn.ensemble.gradient_boosting.GradientBoostingClassifier)(1)","0.4755","memory:null,jobs:null,remainder:""passthrough"",threshold:0.3,weights:null,memory:null,axis:0,copy:true,values:""NaN"",strategy:""most_frequent"",verbose:0,copy:true,mean:true,std:true,memory:null,copy:true,value:-1,values:NaN,strategy:""constant"",verbose:0,features:null,categories:null,dtype:float64""},unknown:""ignore"",values:null,sparse:true,threshold:0.0,criterion:""friedman_mse"",init:null,rate:5825313458731106,loss:""deviance"",depth:10,features:5492459916706368,nodes:null,decrease:13310016583055917,split:null,leaf:18,split:10,leaf:25290006907859486,estimators:445,change:579,presort:""auto"",state:42052,subsample:29485155811534147,tol:857692752912027e-05,fraction:6380170656299304,verbose:0,start:false"
"9894082","sklearn.pipeline.Pipeline(columntransformer=sklearn.compose._column_transformer.ColumnTransformer(numeric=sklearn.pipeline.Pipeline(imputer=sklearn.preprocessing.imputation.Imputer,standardscaler=sklearn.preprocessing.data.StandardScaler),nominal=sklearn.pipeline.Pipeline(simpleimputer=sklearn.impute.SimpleImputer,onehotencoder=sklearn.preprocessing._encoders.OneHotEncoder)),variancethreshold=sklearn.feature_selection.variance_threshold.VarianceThreshold,gradientboostingclassifier=sklearn.ensemble.gradient_boosting.GradientBoostingClassifier)(2)","0.4753","axis:0,copy:true,values:""NaN"",strategy:""most_frequent"",verbose:0,copy:true,mean:true,std:true,memory:null,copy:true,value:-1,values:NaN,strategy:""constant"",verbose:0,features:null,categories:null,dtype:float64""},unknown:""ignore"",values:null,sparse:true,criterion:""friedman_mse"",init:null,rate:012525313780770337,loss:""deviance"",depth:10,features:05684830287973586,nodes:null,decrease:824388552170851,split:null,leaf:19,split:11,leaf:06979622636953559,estimators:140,change:625,presort:""auto"",state:63044,subsample:4162552484994495,tol:0023525443909680165,fraction:41021760002669405,verbose:0,start:false,jobs:null,remainder:""passthrough"",threshold:0.3,weights:null,memory:null,threshold:0.0,memory:null"
"9881624","sklearn.pipeline.Pipeline(columntransformer=sklearn.compose._column_transformer.ColumnTransformer(numeric=sklearn.pipeline.Pipeline(imputer=sklearn.preprocessing.imputation.Imputer,standardscaler=sklearn.preprocessing.data.StandardScaler),nominal=sklearn.pipeline.Pipeline(simpleimputer=sklearn.impute.SimpleImputer,onehotencoder=sklearn.preprocessing._encoders.OneHotEncoder)),variancethreshold=sklearn.feature_selection.variance_threshold.VarianceThreshold,gradientboostingclassifier=sklearn.ensemble.gradient_boosting.GradientBoostingClassifier)(2)","0.4749","axis:0,copy:true,values:""NaN"",strategy:""most_frequent"",verbose:0,copy:true,mean:true,std:true,memory:null,copy:true,value:-1,values:NaN,strategy:""constant"",verbose:0,features:null,categories:null,dtype:float64""},unknown:""ignore"",values:null,sparse:true,criterion:""friedman_mse"",init:null,rate:14091975161402726,loss:""deviance"",depth:9,features:6332626393617018,nodes:null,decrease:03513556632147097,split:null,leaf:2,split:12,leaf:456385525120681,estimators:287,change:216,presort:""auto"",state:3297,subsample:042001657281317106,tol:0003396578569807252,fraction:4926241447818631,verbose:0,start:false,jobs:null,remainder:""passthrough"",threshold:0.3,weights:null,memory:null,threshold:0.0,memory:null"
"9889152","sklearn.pipeline.Pipeline(columntransformer=sklearn.compose._column_transformer.ColumnTransformer(numeric=sklearn.pipeline.Pipeline(imputer=sklearn.preprocessing.imputation.Imputer,standardscaler=sklearn.preprocessing.data.StandardScaler),nominal=sklearn.pipeline.Pipeline(simpleimputer=sklearn.impute.SimpleImputer,onehotencoder=sklearn.preprocessing._encoders.OneHotEncoder)),variancethreshold=sklearn.feature_selection.variance_threshold.VarianceThreshold,gradientboostingclassifier=sklearn.ensemble.gradient_boosting.GradientBoostingClassifier)(2)","0.4747","axis:0,copy:true,values:""NaN"",strategy:""most_frequent"",verbose:0,copy:true,mean:true,std:true,memory:null,copy:true,value:-1,values:NaN,strategy:""constant"",verbose:0,features:null,categories:null,dtype:float64""},unknown:""ignore"",values:null,sparse:true,criterion:""friedman_mse"",init:null,rate:5892266394692174,loss:""deviance"",depth:4,features:2224414479465293,nodes:null,decrease:5785200059617601,split:null,leaf:6,split:16,leaf:45385268427112074,estimators:424,change:382,presort:""auto"",state:48988,subsample:2640456284962234,tol:08594141679102689,fraction:40080287955446126,verbose:0,start:false,jobs:null,remainder:""passthrough"",threshold:0.3,weights:null,memory:null,threshold:0.0,memory:null"
"9895362","sklearn.pipeline.Pipeline(columntransformer=sklearn.compose._column_transformer.ColumnTransformer(numeric=sklearn.pipeline.Pipeline(imputer=sklearn.preprocessing.imputation.Imputer,standardscaler=sklearn.preprocessing.data.StandardScaler),nominal=sklearn.pipeline.Pipeline(simpleimputer=sklearn.impute.SimpleImputer,onehotencoder=sklearn.preprocessing._encoders.OneHotEncoder)),variancethreshold=sklearn.feature_selection.variance_threshold.VarianceThreshold,gradientboostingclassifier=sklearn.ensemble.gradient_boosting.GradientBoostingClassifier)(2)","0.4747","axis:0,copy:true,values:""NaN"",strategy:""median"",verbose:0,copy:true,mean:true,std:true,memory:null,copy:true,value:-1,values:NaN,strategy:""constant"",verbose:0,features:null,categories:null,dtype:float64""},unknown:""ignore"",values:null,sparse:true,criterion:""friedman_mse"",init:null,rate:24059516658806118,loss:""deviance"",depth:3,features:04136766975340067,nodes:null,decrease:867079222928477,split:null,leaf:1,split:13,leaf:3451726972697128,estimators:288,change:491,presort:""auto"",state:38655,subsample:04402365205297942,tol:0002921132586027087,fraction:32896915700929363,verbose:0,start:false,jobs:null,remainder:""passthrough"",threshold:0.3,weights:null,memory:null,threshold:0.0,memory:null"
"8972293","sklearn.pipeline.Pipeline(imputation=openmlstudy14.preprocessing.ConditionalImputer,hotencoding=sklearn.preprocessing.data.OneHotEncoder,scaling=sklearn.preprocessing.data.StandardScaler,variencethreshold=sklearn.feature_selection.variance_threshold.VarianceThreshold,classifier=sklearn.svm.classes.SVC)(2)","0.4747","axis:0,features:[],copy:true,empty:0,values:""NaN"",strategy:""mean"",nominal:""most_frequent"",verbose:0,features:[],dtype:float64""},unknown:""ignore"",values:""auto"",sparse:true,threshold:0.0,C:04680655165160141,size:200,weight:null,coef0:5472031526031151,shape:null,degree:4,gamma:0375146079749865,kernel:""poly"",iter:-1,probability:true,state:5872,shrinking:true,tol:00048469714431148596,verbose:false,copy:true,mean:false,std:true"
"9909474","sklearn.pipeline.Pipeline(columntransformer=sklearn.compose._column_transformer.ColumnTransformer(numeric=sklearn.pipeline.Pipeline(imputer=sklearn.preprocessing.imputation.Imputer,standardscaler=sklearn.preprocessing.data.StandardScaler),nominal=sklearn.pipeline.Pipeline(simpleimputer=sklearn.impute.SimpleImputer,onehotencoder=sklearn.preprocessing._encoders.OneHotEncoder)),variancethreshold=sklearn.feature_selection.variance_threshold.VarianceThreshold,gradientboostingclassifier=sklearn.ensemble.gradient_boosting.GradientBoostingClassifier)(1)","0.4744","memory:null,jobs:null,remainder:""passthrough"",threshold:0.3,weights:null,memory:null,axis:0,copy:true,values:""NaN"",strategy:""mean"",verbose:0,copy:true,mean:true,std:true,memory:null,copy:true,value:-1,values:NaN,strategy:""constant"",verbose:0,features:null,categories:null,dtype:float64""},unknown:""ignore"",values:null,sparse:true,threshold:0.0,criterion:""friedman_mse"",init:null,rate:1320909777628552,loss:""deviance"",depth:1,features:0034215430278765613,nodes:null,decrease:5759555014749699,split:null,leaf:1,split:11,leaf:4176299944797706,estimators:400,change:921,presort:""auto"",state:16966,subsample:4554081476160825,tol:04034325684936205,fraction:8180133936130363,verbose:0,start:false"
"1762786","weka.SimpleLogistic(4)","0.4742","I:0,M:500,H:50,W:0.0"
"8984954","sklearn.pipeline.Pipeline(imputation=openmlstudy14.preprocessing.ConditionalImputer,hotencoding=sklearn.preprocessing.data.OneHotEncoder,scaling=sklearn.preprocessing.data.StandardScaler,variencethreshold=sklearn.feature_selection.variance_threshold.VarianceThreshold,classifier=sklearn.svm.classes.SVC)(2)","0.474","axis:0,features:[],copy:true,empty:0,values:""NaN"",strategy:""mean"",nominal:""most_frequent"",verbose:0,features:[],dtype:float64""},unknown:""ignore"",values:""auto"",sparse:true,threshold:0.0,C:61421662620901,size:200,weight:null,coef0:9075529915549465,shape:null,degree:2,gamma:51011491966833e-06,kernel:""poly"",iter:-1,probability:true,state:24123,shrinking:true,tol:0487788847063013,verbose:false,copy:true,mean:false,std:true"
"8984134","sklearn.pipeline.Pipeline(imputation=openmlstudy14.preprocessing.ConditionalImputer,hotencoding=sklearn.preprocessing.data.OneHotEncoder,scaling=sklearn.preprocessing.data.StandardScaler,variencethreshold=sklearn.feature_selection.variance_threshold.VarianceThreshold,classifier=sklearn.svm.classes.SVC)(2)","0.4739","axis:0,features:[],copy:true,empty:0,values:""NaN"",strategy:""most_frequent"",nominal:""most_frequent"",verbose:0,features:[],dtype:float64""},unknown:""ignore"",values:""auto"",sparse:true,threshold:0.0,C:351587756968,size:200,weight:null,coef0:5403334687280517,shape:null,degree:2,gamma:005536577527470909,kernel:""poly"",iter:-1,probability:true,state:50179,shrinking:true,tol:0718855316550066,verbose:false,copy:true,mean:false,std:true"
"8977045","sklearn.pipeline.Pipeline(imputation=openmlstudy14.preprocessing.ConditionalImputer,hotencoding=sklearn.preprocessing.data.OneHotEncoder,scaling=sklearn.preprocessing.data.StandardScaler,variencethreshold=sklearn.feature_selection.variance_threshold.VarianceThreshold,classifier=sklearn.svm.classes.SVC)(2)","0.4739","axis:0,features:[],copy:true,empty:0,values:""NaN"",strategy:""mean"",nominal:""most_frequent"",verbose:0,features:[],dtype:float64""},unknown:""ignore"",values:""auto"",sparse:true,threshold:0.0,C:8360009814822,size:200,weight:null,coef0:772986214046353,shape:null,degree:4,gamma:44829473226795e-05,kernel:""sigmoid"",iter:-1,probability:true,state:10592,shrinking:true,tol:3885952863307248e-05,verbose:false,copy:true,mean:false,std:true"
"9890472","sklearn.pipeline.Pipeline(columntransformer=sklearn.compose._column_transformer.ColumnTransformer(numeric=sklearn.pipeline.Pipeline(imputer=sklearn.preprocessing.imputation.Imputer,standardscaler=sklearn.preprocessing.data.StandardScaler),nominal=sklearn.pipeline.Pipeline(simpleimputer=sklearn.impute.SimpleImputer,onehotencoder=sklearn.preprocessing._encoders.OneHotEncoder)),variancethreshold=sklearn.feature_selection.variance_threshold.VarianceThreshold,gradientboostingclassifier=sklearn.ensemble.gradient_boosting.GradientBoostingClassifier)(2)","0.4738","axis:0,copy:true,values:""NaN"",strategy:""mean"",verbose:0,copy:true,mean:true,std:true,memory:null,copy:true,value:-1,values:NaN,strategy:""constant"",verbose:0,features:null,categories:null,dtype:float64""},unknown:""ignore"",values:null,sparse:true,criterion:""friedman_mse"",init:null,rate:037639111821431176,loss:""deviance"",depth:4,features:15184432679194715,nodes:null,decrease:5208209330849081,split:null,leaf:19,split:5,leaf:4248426165814224,estimators:194,change:933,presort:""auto"",state:31027,subsample:9854320226681001,tol:04577785092734208,fraction:2398953972704021,verbose:0,start:false,jobs:null,remainder:""passthrough"",threshold:0.3,weights:null,memory:null,threshold:0.0,memory:null"
"9880338","sklearn.pipeline.Pipeline(columntransformer=sklearn.compose._column_transformer.ColumnTransformer(numeric=sklearn.pipeline.Pipeline(imputer=sklearn.preprocessing.imputation.Imputer,standardscaler=sklearn.preprocessing.data.StandardScaler),nominal=sklearn.pipeline.Pipeline(simpleimputer=sklearn.impute.SimpleImputer,onehotencoder=sklearn.preprocessing._encoders.OneHotEncoder)),variancethreshold=sklearn.feature_selection.variance_threshold.VarianceThreshold,gradientboostingclassifier=sklearn.ensemble.gradient_boosting.GradientBoostingClassifier)(2)","0.4735","axis:0,copy:true,values:""NaN"",strategy:""mean"",verbose:0,copy:true,mean:true,std:true,memory:null,copy:true,value:-1,values:NaN,strategy:""constant"",verbose:0,features:null,categories:null,dtype:float64""},unknown:""ignore"",values:null,sparse:true,criterion:""friedman_mse"",init:null,rate:02853011522164156,loss:""deviance"",depth:4,features:7996771711741323,nodes:null,decrease:5353505456466562,split:null,leaf:13,split:8,leaf:49131970109516887,estimators:199,change:246,presort:""auto"",state:3777,subsample:18196315236662652,tol:0006913831838994149,fraction:03537171228762581,verbose:0,start:false,jobs:null,remainder:""passthrough"",threshold:0.3,weights:null,memory:null,threshold:0.0,memory:null"
"570532","weka.AttributeSelectedClassifier_Logistic(1)","0.4728","R:1.0E-8,M:-1,E:CfsSubsetEval -P 1 -E 1,S:BestFirst -D 1 -N 5,W:Logistic"
"9894889","sklearn.pipeline.Pipeline(columntransformer=sklearn.compose._column_transformer.ColumnTransformer(numeric=sklearn.pipeline.Pipeline(imputer=sklearn.preprocessing.imputation.Imputer,standardscaler=sklearn.preprocessing.data.StandardScaler),nominal=sklearn.pipeline.Pipeline(simpleimputer=sklearn.impute.SimpleImputer,onehotencoder=sklearn.preprocessing._encoders.OneHotEncoder)),variancethreshold=sklearn.feature_selection.variance_threshold.VarianceThreshold,gradientboostingclassifier=sklearn.ensemble.gradient_boosting.GradientBoostingClassifier)(2)","0.4727","axis:0,copy:true,values:""NaN"",strategy:""mean"",verbose:0,copy:true,mean:true,std:true,memory:null,copy:true,value:-1,values:NaN,strategy:""constant"",verbose:0,features:null,categories:null,dtype:float64""},unknown:""ignore"",values:null,sparse:true,criterion:""friedman_mse"",init:null,rate:020656616711687843,loss:""deviance"",depth:10,features:9250201719386807,nodes:null,decrease:8132573382678155,split:null,leaf:6,split:16,leaf:3444786161334482,estimators:97,change:974,presort:""auto"",state:56195,subsample:26238006156322435,tol:08500321011252854,fraction:2368317305544061,verbose:0,start:false,jobs:null,remainder:""passthrough"",threshold:0.3,weights:null,memory:null,threshold:0.0,memory:null"
"9867348","sklearn.pipeline.Pipeline(columntransformer=sklearn.compose._column_transformer.ColumnTransformer(numeric=sklearn.pipeline.Pipeline(imputer=sklearn.preprocessing.imputation.Imputer,standardscaler=sklearn.preprocessing.data.StandardScaler),nominal=sklearn.pipeline.Pipeline(simpleimputer=sklearn.impute.SimpleImputer,onehotencoder=sklearn.preprocessing._encoders.OneHotEncoder)),variancethreshold=sklearn.feature_selection.variance_threshold.VarianceThreshold,gradientboostingclassifier=sklearn.ensemble.gradient_boosting.GradientBoostingClassifier)(1)","0.4725","memory:null,jobs:null,remainder:""passthrough"",threshold:0.3,weights:null,memory:null,axis:0,copy:true,values:""NaN"",strategy:""mean"",verbose:0,copy:true,mean:true,std:true,memory:null,copy:true,value:-1,values:NaN,strategy:""constant"",verbose:0,features:null,categories:null,dtype:float64""},unknown:""ignore"",values:null,sparse:true,threshold:0.0,criterion:""friedman_mse"",init:null,rate:7652248454869625,loss:""deviance"",depth:5,features:5476708629313413,nodes:null,decrease:3113550855512951,split:null,leaf:14,split:9,leaf:322284433706479,estimators:240,change:39,presort:""auto"",state:17640,subsample:22985480840221362,tol:0012488803157969547,fraction:5335983011641827,verbose:0,start:false"
"9905627","sklearn.pipeline.Pipeline(columntransformer=sklearn.compose._column_transformer.ColumnTransformer(numeric=sklearn.pipeline.Pipeline(imputer=sklearn.preprocessing.imputation.Imputer,standardscaler=sklearn.preprocessing.data.StandardScaler),nominal=sklearn.pipeline.Pipeline(simpleimputer=sklearn.impute.SimpleImputer,onehotencoder=sklearn.preprocessing._encoders.OneHotEncoder)),variancethreshold=sklearn.feature_selection.variance_threshold.VarianceThreshold,gradientboostingclassifier=sklearn.ensemble.gradient_boosting.GradientBoostingClassifier)(1)","0.4725","memory:null,jobs:null,remainder:""passthrough"",threshold:0.3,weights:null,memory:null,axis:0,copy:true,values:""NaN"",strategy:""mean"",verbose:0,copy:true,mean:true,std:true,memory:null,copy:true,value:-1,values:NaN,strategy:""constant"",verbose:0,features:null,categories:null,dtype:float64""},unknown:""ignore"",values:null,sparse:true,threshold:0.0,criterion:""friedman_mse"",init:null,rate:011374845079659732,loss:""deviance"",depth:10,features:17937964371570592,nodes:null,decrease:04407749536950556,split:null,leaf:2,split:6,leaf:37451020145490876,estimators:354,change:532,presort:""auto"",state:13812,subsample:742933302181741,tol:8797678814695053e-05,fraction:047883278369854954,verbose:0,start:false"
"9878204","sklearn.pipeline.Pipeline(columntransformer=sklearn.compose._column_transformer.ColumnTransformer(numeric=sklearn.pipeline.Pipeline(imputer=sklearn.preprocessing.imputation.Imputer,standardscaler=sklearn.preprocessing.data.StandardScaler),nominal=sklearn.pipeline.Pipeline(simpleimputer=sklearn.impute.SimpleImputer,onehotencoder=sklearn.preprocessing._encoders.OneHotEncoder)),variancethreshold=sklearn.feature_selection.variance_threshold.VarianceThreshold,gradientboostingclassifier=sklearn.ensemble.gradient_boosting.GradientBoostingClassifier)(2)","0.4724","axis:0,copy:true,values:""NaN"",strategy:""most_frequent"",verbose:0,copy:true,mean:true,std:true,memory:null,copy:true,value:-1,values:NaN,strategy:""constant"",verbose:0,features:null,categories:null,dtype:float64""},unknown:""ignore"",values:null,sparse:true,criterion:""friedman_mse"",init:null,rate:12227510966136709,loss:""deviance"",depth:3,features:8063116420819519,nodes:null,decrease:030026195027353708,split:null,leaf:15,split:7,leaf:4884136649000657,estimators:439,change:1002,presort:""auto"",state:14120,subsample:1987389994230575,tol:0018071517302695867,fraction:6952034206546934,verbose:0,start:false,jobs:null,remainder:""passthrough"",threshold:0.3,weights:null,memory:null,threshold:0.0,memory:null"
"8963661","sklearn.pipeline.Pipeline(imputation=openmlstudy14.preprocessing.ConditionalImputer,hotencoding=sklearn.preprocessing.data.OneHotEncoder,scaling=sklearn.preprocessing.data.StandardScaler,variencethreshold=sklearn.feature_selection.variance_threshold.VarianceThreshold,classifier=sklearn.svm.classes.SVC)(2)","0.4724","axis:0,features:[],copy:true,empty:0,values:""NaN"",strategy:""median"",nominal:""most_frequent"",verbose:0,features:[],dtype:float64""},unknown:""ignore"",values:""auto"",sparse:true,threshold:0.0,C:91155353511523,size:200,weight:null,coef0:8455562211163059,shape:null,degree:3,gamma:83405552540719e-05,kernel:""sigmoid"",iter:-1,probability:true,state:23176,shrinking:true,tol:0016905230202680067,verbose:false,copy:true,mean:false,std:true"
"9886076","sklearn.pipeline.Pipeline(columntransformer=sklearn.compose._column_transformer.ColumnTransformer(numeric=sklearn.pipeline.Pipeline(imputer=sklearn.preprocessing.imputation.Imputer,standardscaler=sklearn.preprocessing.data.StandardScaler),nominal=sklearn.pipeline.Pipeline(simpleimputer=sklearn.impute.SimpleImputer,onehotencoder=sklearn.preprocessing._encoders.OneHotEncoder)),variancethreshold=sklearn.feature_selection.variance_threshold.VarianceThreshold,gradientboostingclassifier=sklearn.ensemble.gradient_boosting.GradientBoostingClassifier)(2)","0.4723","axis:0,copy:true,values:""NaN"",strategy:""mean"",verbose:0,copy:true,mean:true,std:true,memory:null,copy:true,value:-1,values:NaN,strategy:""constant"",verbose:0,features:null,categories:null,dtype:float64""},unknown:""ignore"",values:null,sparse:true,criterion:""friedman_mse"",init:null,rate:019085835126164102,loss:""deviance"",depth:10,features:04629056909970608,nodes:null,decrease:2885041285519674,split:null,leaf:18,split:6,leaf:19687911539775715,estimators:192,change:994,presort:""auto"",state:47620,subsample:8449040401330651,tol:9320438656424698e-05,fraction:4224048110024048,verbose:0,start:false,jobs:null,remainder:""passthrough"",threshold:0.3,weights:null,memory:null,threshold:0.0,memory:null"
"9902206","sklearn.pipeline.Pipeline(columntransformer=sklearn.compose._column_transformer.ColumnTransformer(numeric=sklearn.pipeline.Pipeline(imputer=sklearn.preprocessing.imputation.Imputer,standardscaler=sklearn.preprocessing.data.StandardScaler),nominal=sklearn.pipeline.Pipeline(simpleimputer=sklearn.impute.SimpleImputer,onehotencoder=sklearn.preprocessing._encoders.OneHotEncoder)),variancethreshold=sklearn.feature_selection.variance_threshold.VarianceThreshold,gradientboostingclassifier=sklearn.ensemble.gradient_boosting.GradientBoostingClassifier)(2)","0.4716","axis:0,copy:true,values:""NaN"",strategy:""median"",verbose:0,copy:true,mean:true,std:true,memory:null,copy:true,value:-1,values:NaN,strategy:""constant"",verbose:0,features:null,categories:null,dtype:float64""},unknown:""ignore"",values:null,sparse:true,criterion:""friedman_mse"",init:null,rate:59806088027928,loss:""deviance"",depth:2,features:5720324571497599,nodes:null,decrease:15388656097680065,split:null,leaf:8,split:16,leaf:17097554807563942,estimators:125,change:513,presort:""auto"",state:8387,subsample:28607788431383463,tol:0003526965506191228,fraction:7181653942072261,verbose:0,start:false,jobs:null,remainder:""passthrough"",threshold:0.3,weights:null,memory:null,threshold:0.0,memory:null"
"9202201","sklearn.pipeline.Pipeline(imputation=openmlstudy14.preprocessing.ConditionalImputer,hotencoding=sklearn.preprocessing.data.OneHotEncoder,scaling=sklearn.preprocessing.data.StandardScaler,variencethreshold=sklearn.feature_selection.variance_threshold.VarianceThreshold,classifier=sklearn.svm.classes.SVC)(2)","0.4715","axis:0,features:[],copy:true,empty:0,values:""NaN"",strategy:""mean"",nominal:""most_frequent"",verbose:0,features:[],dtype:float64""},unknown:""ignore"",values:""auto"",sparse:true,threshold:0.0,C:718007158173803,size:200,weight:null,coef0:1937708479423823,shape:null,degree:4,gamma:797018160236382e-05,kernel:""rbf"",iter:-1,probability:true,state:59245,shrinking:true,tol:8888333188633072e-05,verbose:false,copy:true,mean:false,std:true"
"1666119","weka.NBTree(6)","0.4715",""
"9895973","sklearn.pipeline.Pipeline(columntransformer=sklearn.compose._column_transformer.ColumnTransformer(numeric=sklearn.pipeline.Pipeline(imputer=sklearn.preprocessing.imputation.Imputer,standardscaler=sklearn.preprocessing.data.StandardScaler),nominal=sklearn.pipeline.Pipeline(simpleimputer=sklearn.impute.SimpleImputer,onehotencoder=sklearn.preprocessing._encoders.OneHotEncoder)),variancethreshold=sklearn.feature_selection.variance_threshold.VarianceThreshold,gradientboostingclassifier=sklearn.ensemble.gradient_boosting.GradientBoostingClassifier)(2)","0.4713","axis:0,copy:true,values:""NaN"",strategy:""most_frequent"",verbose:0,copy:true,mean:true,std:true,memory:null,copy:true,value:-1,values:NaN,strategy:""constant"",verbose:0,features:null,categories:null,dtype:float64""},unknown:""ignore"",values:null,sparse:true,criterion:""friedman_mse"",init:null,rate:010941525851161638,loss:""deviance"",depth:2,features:45189787120879665,nodes:null,decrease:5037838185007916,split:null,leaf:9,split:11,leaf:23014911263052495,estimators:491,change:766,presort:""auto"",state:30944,subsample:11280121775136709,tol:612819827576255e-05,fraction:9660355303192169,verbose:0,start:false,jobs:null,remainder:""passthrough"",threshold:0.3,weights:null,memory:null,threshold:0.0,memory:null"
"8989669","sklearn.pipeline.Pipeline(imputation=openmlstudy14.preprocessing.ConditionalImputer,hotencoding=sklearn.preprocessing.data.OneHotEncoder,scaling=sklearn.preprocessing.data.StandardScaler,variencethreshold=sklearn.feature_selection.variance_threshold.VarianceThreshold,classifier=sklearn.svm.classes.SVC)(2)","0.4713","axis:0,features:[],copy:true,empty:0,values:""NaN"",strategy:""most_frequent"",nominal:""most_frequent"",verbose:0,features:[],dtype:float64""},unknown:""ignore"",values:""auto"",sparse:true,threshold:0.0,C:290691720931815,size:200,weight:null,coef0:7994697708162288,shape:null,degree:4,gamma:7796796300530523e-05,kernel:""poly"",iter:-1,probability:true,state:10042,shrinking:false,tol:009830224335957e-05,verbose:false,copy:true,mean:false,std:true"
"9878546","sklearn.pipeline.Pipeline(columntransformer=sklearn.compose._column_transformer.ColumnTransformer(numeric=sklearn.pipeline.Pipeline(imputer=sklearn.preprocessing.imputation.Imputer,standardscaler=sklearn.preprocessing.data.StandardScaler),nominal=sklearn.pipeline.Pipeline(simpleimputer=sklearn.impute.SimpleImputer,onehotencoder=sklearn.preprocessing._encoders.OneHotEncoder)),variancethreshold=sklearn.feature_selection.variance_threshold.VarianceThreshold,gradientboostingclassifier=sklearn.ensemble.gradient_boosting.GradientBoostingClassifier)(2)","0.4709","axis:0,copy:true,values:""NaN"",strategy:""mean"",verbose:0,copy:true,mean:true,std:true,memory:null,copy:true,value:-1,values:NaN,strategy:""constant"",verbose:0,features:null,categories:null,dtype:float64""},unknown:""ignore"",values:null,sparse:true,criterion:""friedman_mse"",init:null,rate:013794566086965629,loss:""deviance"",depth:2,features:7717036264074665,nodes:null,decrease:2727262265634842,split:null,leaf:6,split:11,leaf:49076396586436555,estimators:363,change:80,presort:""auto"",state:54509,subsample:25816045300521473,tol:004386048292433193,fraction:7316174375119529,verbose:0,start:false,jobs:null,remainder:""passthrough"",threshold:0.3,weights:null,memory:null,threshold:0.0,memory:null"
"9892885","sklearn.pipeline.Pipeline(columntransformer=sklearn.compose._column_transformer.ColumnTransformer(numeric=sklearn.pipeline.Pipeline(imputer=sklearn.preprocessing.imputation.Imputer,standardscaler=sklearn.preprocessing.data.StandardScaler),nominal=sklearn.pipeline.Pipeline(simpleimputer=sklearn.impute.SimpleImputer,onehotencoder=sklearn.preprocessing._encoders.OneHotEncoder)),variancethreshold=sklearn.feature_selection.variance_threshold.VarianceThreshold,gradientboostingclassifier=sklearn.ensemble.gradient_boosting.GradientBoostingClassifier)(2)","0.47","axis:0,copy:true,values:""NaN"",strategy:""median"",verbose:0,copy:true,mean:true,std:true,memory:null,copy:true,value:-1,values:NaN,strategy:""constant"",verbose:0,features:null,categories:null,dtype:float64""},unknown:""ignore"",values:null,sparse:true,criterion:""friedman_mse"",init:null,rate:02566837881688496,loss:""deviance"",depth:6,features:5025596064611889,nodes:null,decrease:7737293900546369,split:null,leaf:20,split:9,leaf:4911561929214694,estimators:300,change:145,presort:""auto"",state:50829,subsample:20860062879467578,tol:0021715488565365077,fraction:37640663843082,verbose:0,start:false,jobs:null,remainder:""passthrough"",threshold:0.3,weights:null,memory:null,threshold:0.0,memory:null"
"9890828","sklearn.pipeline.Pipeline(columntransformer=sklearn.compose._column_transformer.ColumnTransformer(numeric=sklearn.pipeline.Pipeline(imputer=sklearn.preprocessing.imputation.Imputer,standardscaler=sklearn.preprocessing.data.StandardScaler),nominal=sklearn.pipeline.Pipeline(simpleimputer=sklearn.impute.SimpleImputer,onehotencoder=sklearn.preprocessing._encoders.OneHotEncoder)),variancethreshold=sklearn.feature_selection.variance_threshold.VarianceThreshold,gradientboostingclassifier=sklearn.ensemble.gradient_boosting.GradientBoostingClassifier)(2)","0.4696","axis:0,copy:true,values:""NaN"",strategy:""mean"",verbose:0,copy:true,mean:true,std:true,memory:null,copy:true,value:-1,values:NaN,strategy:""constant"",verbose:0,features:null,categories:null,dtype:float64""},unknown:""ignore"",values:null,sparse:true,criterion:""friedman_mse"",init:null,rate:634937568712867,loss:""deviance"",depth:5,features:08540743518605576,nodes:null,decrease:14528603982795218,split:null,leaf:10,split:4,leaf:27150943356734347,estimators:443,change:138,presort:""auto"",state:44739,subsample:8833199135633791,tol:02690817640368831,fraction:8995449137096146,verbose:0,start:false,jobs:null,remainder:""passthrough"",threshold:0.3,weights:null,memory:null,threshold:0.0,memory:null"
"9869508","sklearn.pipeline.Pipeline(columntransformer=sklearn.compose._column_transformer.ColumnTransformer(numeric=sklearn.pipeline.Pipeline(imputer=sklearn.preprocessing.imputation.Imputer,standardscaler=sklearn.preprocessing.data.StandardScaler),nominal=sklearn.pipeline.Pipeline(simpleimputer=sklearn.impute.SimpleImputer,onehotencoder=sklearn.preprocessing._encoders.OneHotEncoder)),variancethreshold=sklearn.feature_selection.variance_threshold.VarianceThreshold,gradientboostingclassifier=sklearn.ensemble.gradient_boosting.GradientBoostingClassifier)(2)","0.4695","axis:0,copy:true,values:""NaN"",strategy:""mean"",verbose:0,copy:true,mean:true,std:true,memory:null,copy:true,value:-1,values:NaN,strategy:""constant"",verbose:0,features:null,categories:null,dtype:float64""},unknown:""ignore"",values:null,sparse:true,criterion:""friedman_mse"",init:null,rate:013496811954134035,loss:""deviance"",depth:8,features:7432264273327853,nodes:null,decrease:5083340499783532,split:null,leaf:6,split:12,leaf:27732855435842885,estimators:74,change:570,presort:""auto"",state:9256,subsample:5284668483147791,tol:005894768060636437,fraction:5258938015657486,verbose:0,start:false,jobs:null,remainder:""passthrough"",threshold:0.3,weights:null,memory:null,threshold:0.0,memory:null"
"8980243","sklearn.pipeline.Pipeline(imputation=openmlstudy14.preprocessing.ConditionalImputer,hotencoding=sklearn.preprocessing.data.OneHotEncoder,scaling=sklearn.preprocessing.data.StandardScaler,variencethreshold=sklearn.feature_selection.variance_threshold.VarianceThreshold,classifier=sklearn.svm.classes.SVC)(2)","0.4692","axis:0,features:[],copy:true,empty:0,values:""NaN"",strategy:""most_frequent"",nominal:""most_frequent"",verbose:0,features:[],dtype:float64""},unknown:""ignore"",values:""auto"",sparse:true,threshold:0.0,C:1004473056555842,size:200,weight:null,coef0:3395938061976791,shape:null,degree:3,gamma:0006061530325147577,kernel:""rbf"",iter:-1,probability:true,state:29445,shrinking:false,tol:009254163365170253,verbose:false,copy:true,mean:false,std:true"
"9912902","sklearn.pipeline.Pipeline(columntransformer=sklearn.compose._column_transformer.ColumnTransformer(numeric=sklearn.pipeline.Pipeline(imputer=sklearn.preprocessing.imputation.Imputer,standardscaler=sklearn.preprocessing.data.StandardScaler),nominal=sklearn.pipeline.Pipeline(simpleimputer=sklearn.impute.SimpleImputer,onehotencoder=sklearn.preprocessing._encoders.OneHotEncoder)),variancethreshold=sklearn.feature_selection.variance_threshold.VarianceThreshold,gradientboostingclassifier=sklearn.ensemble.gradient_boosting.GradientBoostingClassifier)(1)","0.4689","memory:null,jobs:null,remainder:""passthrough"",threshold:0.3,weights:null,memory:null,axis:0,copy:true,values:""NaN"",strategy:""mean"",verbose:0,copy:true,mean:true,std:true,memory:null,copy:true,value:-1,values:NaN,strategy:""constant"",verbose:0,features:null,categories:null,dtype:float64""},unknown:""ignore"",values:null,sparse:true,threshold:0.0,criterion:""friedman_mse"",init:null,rate:020342157236885913,loss:""deviance"",depth:3,features:7755505724594087,nodes:null,decrease:46474915335433364,split:null,leaf:1,split:12,leaf:4845274930589863,estimators:231,change:166,presort:""auto"",state:30815,subsample:30556584756537475,tol:007615203850491081,fraction:16294655039148787,verbose:0,start:false"
"9901960","sklearn.pipeline.Pipeline(columntransformer=sklearn.compose._column_transformer.ColumnTransformer(numeric=sklearn.pipeline.Pipeline(imputer=sklearn.preprocessing.imputation.Imputer,standardscaler=sklearn.preprocessing.data.StandardScaler),nominal=sklearn.pipeline.Pipeline(simpleimputer=sklearn.impute.SimpleImputer,onehotencoder=sklearn.preprocessing._encoders.OneHotEncoder)),variancethreshold=sklearn.feature_selection.variance_threshold.VarianceThreshold,gradientboostingclassifier=sklearn.ensemble.gradient_boosting.GradientBoostingClassifier)(2)","0.4666","axis:0,copy:true,values:""NaN"",strategy:""mean"",verbose:0,copy:true,mean:true,std:true,memory:null,copy:true,value:-1,values:NaN,strategy:""constant"",verbose:0,features:null,categories:null,dtype:float64""},unknown:""ignore"",values:null,sparse:true,criterion:""friedman_mse"",init:null,rate:65650403176412,loss:""deviance"",depth:3,features:5761629477050503,nodes:null,decrease:6487937827691047,split:null,leaf:18,split:7,leaf:4676576505167413,estimators:92,change:142,presort:""auto"",state:64712,subsample:45947592757768485,tol:00039777456696787693,fraction:04497578405685254,verbose:0,start:false,jobs:null,remainder:""passthrough"",threshold:0.3,weights:null,memory:null,threshold:0.0,memory:null"
"9868529","sklearn.pipeline.Pipeline(columntransformer=sklearn.compose._column_transformer.ColumnTransformer(numeric=sklearn.pipeline.Pipeline(imputer=sklearn.preprocessing.imputation.Imputer,standardscaler=sklearn.preprocessing.data.StandardScaler),nominal=sklearn.pipeline.Pipeline(simpleimputer=sklearn.impute.SimpleImputer,onehotencoder=sklearn.preprocessing._encoders.OneHotEncoder)),variancethreshold=sklearn.feature_selection.variance_threshold.VarianceThreshold,gradientboostingclassifier=sklearn.ensemble.gradient_boosting.GradientBoostingClassifier)(2)","0.4665","axis:0,copy:true,values:""NaN"",strategy:""mean"",verbose:0,copy:true,mean:true,std:true,memory:null,copy:true,value:-1,values:NaN,strategy:""constant"",verbose:0,features:null,categories:null,dtype:float64""},unknown:""ignore"",values:null,sparse:true,criterion:""friedman_mse"",init:null,rate:08318023819723157,loss:""deviance"",depth:6,features:07019690776925702,nodes:null,decrease:843334039605088,split:null,leaf:12,split:10,leaf:4371686915587312,estimators:95,change:621,presort:""auto"",state:760,subsample:8216860247401119,tol:0001781276128279158,fraction:6623590445402757,verbose:0,start:false,jobs:null,remainder:""passthrough"",threshold:0.3,weights:null,memory:null,threshold:0.0,memory:null"
"8962754","sklearn.pipeline.Pipeline(imputation=openmlstudy14.preprocessing.ConditionalImputer,hotencoding=sklearn.preprocessing.data.OneHotEncoder,scaling=sklearn.preprocessing.data.StandardScaler,variencethreshold=sklearn.feature_selection.variance_threshold.VarianceThreshold,classifier=sklearn.svm.classes.SVC)(2)","0.466","axis:0,features:[],copy:true,empty:0,values:""NaN"",strategy:""most_frequent"",nominal:""most_frequent"",verbose:0,features:[],dtype:float64""},unknown:""ignore"",values:""auto"",sparse:true,threshold:0.0,C:16817482096241493,size:200,weight:null,coef0:2530053239918897,shape:null,degree:3,gamma:729946732243947e-05,kernel:""rbf"",iter:-1,probability:true,state:48547,shrinking:false,tol:0014816856228599476,verbose:false,copy:true,mean:false,std:true"
"9914848","sklearn.pipeline.Pipeline(columntransformer=sklearn.compose._column_transformer.ColumnTransformer(numeric=sklearn.pipeline.Pipeline(imputer=sklearn.preprocessing.imputation.Imputer,standardscaler=sklearn.preprocessing.data.StandardScaler),nominal=sklearn.pipeline.Pipeline(simpleimputer=sklearn.impute.SimpleImputer,onehotencoder=sklearn.preprocessing._encoders.OneHotEncoder)),variancethreshold=sklearn.feature_selection.variance_threshold.VarianceThreshold,gradientboostingclassifier=sklearn.ensemble.gradient_boosting.GradientBoostingClassifier)(1)","0.4657","memory:null,jobs:null,remainder:""passthrough"",threshold:0.3,weights:null,memory:null,axis:0,copy:true,values:""NaN"",strategy:""most_frequent"",verbose:0,copy:true,mean:true,std:true,memory:null,copy:true,value:-1,values:NaN,strategy:""constant"",verbose:0,features:null,categories:null,dtype:float64""},unknown:""ignore"",values:null,sparse:true,threshold:0.0,criterion:""friedman_mse"",init:null,rate:46167917346678833,loss:""deviance"",depth:3,features:17859424871087393,nodes:null,decrease:6538903072418709,split:null,leaf:4,split:15,leaf:486744534999299,estimators:165,change:313,presort:""auto"",state:61949,subsample:5209745881256448,tol:0012422200334868466,fraction:7400806560989827,verbose:0,start:false"
"8962742","sklearn.pipeline.Pipeline(imputation=openmlstudy14.preprocessing.ConditionalImputer,hotencoding=sklearn.preprocessing.data.OneHotEncoder,scaling=sklearn.preprocessing.data.StandardScaler,variencethreshold=sklearn.feature_selection.variance_threshold.VarianceThreshold,classifier=sklearn.svm.classes.SVC)(2)","0.4652","axis:0,features:[],copy:true,empty:0,values:""NaN"",strategy:""median"",nominal:""most_frequent"",verbose:0,features:[],dtype:float64""},unknown:""ignore"",values:""auto"",sparse:true,threshold:0.0,C:11303916197070353,size:200,weight:null,coef0:4224062178919179,shape:null,degree:4,gamma:099424233991896e-05,kernel:""sigmoid"",iter:-1,probability:true,state:1539,shrinking:true,tol:00015291812256557343,verbose:false,copy:true,mean:false,std:true"
"9904293","sklearn.pipeline.Pipeline(columntransformer=sklearn.compose._column_transformer.ColumnTransformer(numeric=sklearn.pipeline.Pipeline(imputer=sklearn.preprocessing.imputation.Imputer,standardscaler=sklearn.preprocessing.data.StandardScaler),nominal=sklearn.pipeline.Pipeline(simpleimputer=sklearn.impute.SimpleImputer,onehotencoder=sklearn.preprocessing._encoders.OneHotEncoder)),variancethreshold=sklearn.feature_selection.variance_threshold.VarianceThreshold,gradientboostingclassifier=sklearn.ensemble.gradient_boosting.GradientBoostingClassifier)(2)","0.4643","axis:0,copy:true,values:""NaN"",strategy:""mean"",verbose:0,copy:true,mean:true,std:true,memory:null,copy:true,value:-1,values:NaN,strategy:""constant"",verbose:0,features:null,categories:null,dtype:float64""},unknown:""ignore"",values:null,sparse:true,criterion:""friedman_mse"",init:null,rate:033083883114659096,loss:""deviance"",depth:5,features:033839995762748765,nodes:null,decrease:35974269876472054,split:null,leaf:1,split:6,leaf:2480819351212799,estimators:98,change:273,presort:""auto"",state:4394,subsample:5141032154537464,tol:00869177696763766,fraction:4716646134661202,verbose:0,start:false,jobs:null,remainder:""passthrough"",threshold:0.3,weights:null,memory:null,threshold:0.0,memory:null"
"9876720","sklearn.pipeline.Pipeline(columntransformer=sklearn.compose._column_transformer.ColumnTransformer(numeric=sklearn.pipeline.Pipeline(imputer=sklearn.preprocessing.imputation.Imputer,standardscaler=sklearn.preprocessing.data.StandardScaler),nominal=sklearn.pipeline.Pipeline(simpleimputer=sklearn.impute.SimpleImputer,onehotencoder=sklearn.preprocessing._encoders.OneHotEncoder)),variancethreshold=sklearn.feature_selection.variance_threshold.VarianceThreshold,gradientboostingclassifier=sklearn.ensemble.gradient_boosting.GradientBoostingClassifier)(2)","0.4643","axis:0,copy:true,values:""NaN"",strategy:""median"",verbose:0,copy:true,mean:true,std:true,memory:null,copy:true,value:-1,values:NaN,strategy:""constant"",verbose:0,features:null,categories:null,dtype:float64""},unknown:""ignore"",values:null,sparse:true,criterion:""friedman_mse"",init:null,rate:8186184150433262,loss:""deviance"",depth:7,features:2614114171917822,nodes:null,decrease:3390531636479157,split:null,leaf:18,split:14,leaf:40532102008995224,estimators:96,change:93,presort:""auto"",state:59592,subsample:263429217901027,tol:009966721889089607,fraction:5986009705496992,verbose:0,start:false,jobs:null,remainder:""passthrough"",threshold:0.3,weights:null,memory:null,threshold:0.0,memory:null"
"9871398","sklearn.pipeline.Pipeline(columntransformer=sklearn.compose._column_transformer.ColumnTransformer(numeric=sklearn.pipeline.Pipeline(imputer=sklearn.preprocessing.imputation.Imputer,standardscaler=sklearn.preprocessing.data.StandardScaler),nominal=sklearn.pipeline.Pipeline(simpleimputer=sklearn.impute.SimpleImputer,onehotencoder=sklearn.preprocessing._encoders.OneHotEncoder)),variancethreshold=sklearn.feature_selection.variance_threshold.VarianceThreshold,gradientboostingclassifier=sklearn.ensemble.gradient_boosting.GradientBoostingClassifier)(2)","0.4643","axis:0,copy:true,values:""NaN"",strategy:""mean"",verbose:0,copy:true,mean:true,std:true,memory:null,copy:true,value:-1,values:NaN,strategy:""constant"",verbose:0,features:null,categories:null,dtype:float64""},unknown:""ignore"",values:null,sparse:true,criterion:""friedman_mse"",init:null,rate:7786525853999721,loss:""deviance"",depth:5,features:4366534113197763,nodes:null,decrease:3209529763068537,split:null,leaf:14,split:8,leaf:12917974868586263,estimators:255,change:1000,presort:""auto"",state:52329,subsample:9115882648307226,tol:0029839392435893996,fraction:9289625662788087,verbose:0,start:false,jobs:null,remainder:""passthrough"",threshold:0.3,weights:null,memory:null,threshold:0.0,memory:null"
"9908348","sklearn.pipeline.Pipeline(columntransformer=sklearn.compose._column_transformer.ColumnTransformer(numeric=sklearn.pipeline.Pipeline(imputer=sklearn.preprocessing.imputation.Imputer,standardscaler=sklearn.preprocessing.data.StandardScaler),nominal=sklearn.pipeline.Pipeline(simpleimputer=sklearn.impute.SimpleImputer,onehotencoder=sklearn.preprocessing._encoders.OneHotEncoder)),variancethreshold=sklearn.feature_selection.variance_threshold.VarianceThreshold,gradientboostingclassifier=sklearn.ensemble.gradient_boosting.GradientBoostingClassifier)(1)","0.464","memory:null,jobs:null,remainder:""passthrough"",threshold:0.3,weights:null,memory:null,axis:0,copy:true,values:""NaN"",strategy:""most_frequent"",verbose:0,copy:true,mean:true,std:true,memory:null,copy:true,value:-1,values:NaN,strategy:""constant"",verbose:0,features:null,categories:null,dtype:float64""},unknown:""ignore"",values:null,sparse:true,threshold:0.0,criterion:""friedman_mse"",init:null,rate:07162156811781097,loss:""deviance"",depth:10,features:043932506193482435,nodes:null,decrease:2343530152367359,split:null,leaf:20,split:8,leaf:4877606448059174,estimators:243,change:857,presort:""auto"",state:42373,subsample:8242391006210087,tol:00043965822725457236,fraction:439604802336672,verbose:0,start:false"
"8992780","sklearn.pipeline.Pipeline(imputation=openmlstudy14.preprocessing.ConditionalImputer,hotencoding=sklearn.preprocessing.data.OneHotEncoder,scaling=sklearn.preprocessing.data.StandardScaler,variencethreshold=sklearn.feature_selection.variance_threshold.VarianceThreshold,classifier=sklearn.svm.classes.SVC)(2)","0.464","axis:0,features:[],copy:true,empty:0,values:""NaN"",strategy:""most_frequent"",nominal:""most_frequent"",verbose:0,features:[],dtype:float64""},unknown:""ignore"",values:""auto"",sparse:true,threshold:0.0,C:416554403059834,size:200,weight:null,coef0:6392192447382539,shape:null,degree:3,gamma:05902347476919872,kernel:""poly"",iter:-1,probability:true,state:7440,shrinking:true,tol:034176528683853055,verbose:false,copy:true,mean:false,std:true"
"8988014","sklearn.pipeline.Pipeline(imputation=openmlstudy14.preprocessing.ConditionalImputer,hotencoding=sklearn.preprocessing.data.OneHotEncoder,scaling=sklearn.preprocessing.data.StandardScaler,variencethreshold=sklearn.feature_selection.variance_threshold.VarianceThreshold,classifier=sklearn.svm.classes.SVC)(2)","0.4636","axis:0,features:[],copy:true,empty:0,values:""NaN"",strategy:""mean"",nominal:""most_frequent"",verbose:0,features:[],dtype:float64""},unknown:""ignore"",values:""auto"",sparse:true,threshold:0.0,C:3530645331377418,size:200,weight:null,coef0:8347390359535345,shape:null,degree:5,gamma:7263247638845106e-05,kernel:""poly"",iter:-1,probability:true,state:47736,shrinking:true,tol:000448284194107821,verbose:false,copy:true,mean:false,std:true"
"9866491","sklearn.pipeline.Pipeline(columntransformer=sklearn.compose._column_transformer.ColumnTransformer(numeric=sklearn.pipeline.Pipeline(imputer=sklearn.preprocessing.imputation.Imputer,standardscaler=sklearn.preprocessing.data.StandardScaler),nominal=sklearn.pipeline.Pipeline(simpleimputer=sklearn.impute.SimpleImputer,onehotencoder=sklearn.preprocessing._encoders.OneHotEncoder)),variancethreshold=sklearn.feature_selection.variance_threshold.VarianceThreshold,gradientboostingclassifier=sklearn.ensemble.gradient_boosting.GradientBoostingClassifier)(1)","0.4635","memory:null,jobs:null,remainder:""passthrough"",threshold:0.3,weights:null,memory:null,axis:0,copy:true,values:""NaN"",strategy:""most_frequent"",verbose:0,copy:true,mean:true,std:true,memory:null,copy:true,value:-1,values:NaN,strategy:""constant"",verbose:0,features:null,categories:null,dtype:float64""},unknown:""ignore"",values:null,sparse:true,threshold:0.0,criterion:""friedman_mse"",init:null,rate:02405800539220982,loss:""deviance"",depth:9,features:7802434035634778,nodes:null,decrease:8766094213704609,split:null,leaf:18,split:19,leaf:47388482789004516,estimators:96,change:998,presort:""auto"",state:47235,subsample:3002747781797771,tol:0007116667169724606,fraction:34795256233490257,verbose:0,start:false"
"9881036","sklearn.pipeline.Pipeline(columntransformer=sklearn.compose._column_transformer.ColumnTransformer(numeric=sklearn.pipeline.Pipeline(imputer=sklearn.preprocessing.imputation.Imputer,standardscaler=sklearn.preprocessing.data.StandardScaler),nominal=sklearn.pipeline.Pipeline(simpleimputer=sklearn.impute.SimpleImputer,onehotencoder=sklearn.preprocessing._encoders.OneHotEncoder)),variancethreshold=sklearn.feature_selection.variance_threshold.VarianceThreshold,gradientboostingclassifier=sklearn.ensemble.gradient_boosting.GradientBoostingClassifier)(2)","0.4629","axis:0,copy:true,values:""NaN"",strategy:""most_frequent"",verbose:0,copy:true,mean:true,std:true,memory:null,copy:true,value:-1,values:NaN,strategy:""constant"",verbose:0,features:null,categories:null,dtype:float64""},unknown:""ignore"",values:null,sparse:true,criterion:""friedman_mse"",init:null,rate:017408761987794452,loss:""deviance"",depth:2,features:2525724148387619,nodes:null,decrease:8633148525059232,split:null,leaf:15,split:20,leaf:4133089624377157,estimators:115,change:812,presort:""auto"",state:29870,subsample:26714588657506777,tol:02820196420672536,fraction:675655109548886,verbose:0,start:false,jobs:null,remainder:""passthrough"",threshold:0.3,weights:null,memory:null,threshold:0.0,memory:null"
"8977856","sklearn.pipeline.Pipeline(imputation=openmlstudy14.preprocessing.ConditionalImputer,hotencoding=sklearn.preprocessing.data.OneHotEncoder,scaling=sklearn.preprocessing.data.StandardScaler,variencethreshold=sklearn.feature_selection.variance_threshold.VarianceThreshold,classifier=sklearn.svm.classes.SVC)(2)","0.4627","axis:0,features:[],copy:true,empty:0,values:""NaN"",strategy:""mean"",nominal:""most_frequent"",verbose:0,features:[],dtype:float64""},unknown:""ignore"",values:""auto"",sparse:true,threshold:0.0,C:5018219455831023,size:200,weight:null,coef0:16872617615455043,shape:null,degree:3,gamma:3060168143252985e-05,kernel:""sigmoid"",iter:-1,probability:true,state:63455,shrinking:true,tol:0013742463704973192,verbose:false,copy:true,mean:false,std:true"
"8982414","sklearn.pipeline.Pipeline(imputation=openmlstudy14.preprocessing.ConditionalImputer,hotencoding=sklearn.preprocessing.data.OneHotEncoder,scaling=sklearn.preprocessing.data.StandardScaler,variencethreshold=sklearn.feature_selection.variance_threshold.VarianceThreshold,classifier=sklearn.svm.classes.SVC)(2)","0.4626","axis:0,features:[],copy:true,empty:0,values:""NaN"",strategy:""most_frequent"",nominal:""most_frequent"",verbose:0,features:[],dtype:float64""},unknown:""ignore"",values:""auto"",sparse:true,threshold:0.0,C:14363127868340633,size:200,weight:null,coef0:06716835279802336,shape:null,degree:3,gamma:638470639186525e-06,kernel:""sigmoid"",iter:-1,probability:true,state:39585,shrinking:false,tol:00036142310406225305,verbose:false,copy:true,mean:false,std:true"
"8989233","sklearn.pipeline.Pipeline(imputation=openmlstudy14.preprocessing.ConditionalImputer,hotencoding=sklearn.preprocessing.data.OneHotEncoder,scaling=sklearn.preprocessing.data.StandardScaler,variencethreshold=sklearn.feature_selection.variance_threshold.VarianceThreshold,classifier=sklearn.svm.classes.SVC)(2)","0.4625","axis:0,features:[],copy:true,empty:0,values:""NaN"",strategy:""mean"",nominal:""most_frequent"",verbose:0,features:[],dtype:float64""},unknown:""ignore"",values:""auto"",sparse:true,threshold:0.0,C:17876205282004004,size:200,weight:null,coef0:7761951056406551,shape:null,degree:4,gamma:4088482277835345e-05,kernel:""poly"",iter:-1,probability:true,state:28066,shrinking:false,tol:0006985469884311859,verbose:false,copy:true,mean:false,std:true"
"9888783","sklearn.pipeline.Pipeline(columntransformer=sklearn.compose._column_transformer.ColumnTransformer(numeric=sklearn.pipeline.Pipeline(imputer=sklearn.preprocessing.imputation.Imputer,standardscaler=sklearn.preprocessing.data.StandardScaler),nominal=sklearn.pipeline.Pipeline(simpleimputer=sklearn.impute.SimpleImputer,onehotencoder=sklearn.preprocessing._encoders.OneHotEncoder)),variancethreshold=sklearn.feature_selection.variance_threshold.VarianceThreshold,gradientboostingclassifier=sklearn.ensemble.gradient_boosting.GradientBoostingClassifier)(2)","0.4623","axis:0,copy:true,values:""NaN"",strategy:""mean"",verbose:0,copy:true,mean:true,std:true,memory:null,copy:true,value:-1,values:NaN,strategy:""constant"",verbose:0,features:null,categories:null,dtype:float64""},unknown:""ignore"",values:null,sparse:true,criterion:""friedman_mse"",init:null,rate:8726593738424995,loss:""deviance"",depth:6,features:816210939994348,nodes:null,decrease:030271560188511293,split:null,leaf:6,split:3,leaf:34778576265007854,estimators:336,change:600,presort:""auto"",state:300,subsample:9282922282386656,tol:187061395133373e-05,fraction:8461703406238796,verbose:0,start:false,jobs:null,remainder:""passthrough"",threshold:0.3,weights:null,memory:null,threshold:0.0,memory:null"
"9892936","sklearn.pipeline.Pipeline(columntransformer=sklearn.compose._column_transformer.ColumnTransformer(numeric=sklearn.pipeline.Pipeline(imputer=sklearn.preprocessing.imputation.Imputer,standardscaler=sklearn.preprocessing.data.StandardScaler),nominal=sklearn.pipeline.Pipeline(simpleimputer=sklearn.impute.SimpleImputer,onehotencoder=sklearn.preprocessing._encoders.OneHotEncoder)),variancethreshold=sklearn.feature_selection.variance_threshold.VarianceThreshold,gradientboostingclassifier=sklearn.ensemble.gradient_boosting.GradientBoostingClassifier)(2)","0.462","axis:0,copy:true,values:""NaN"",strategy:""most_frequent"",verbose:0,copy:true,mean:true,std:true,memory:null,copy:true,value:-1,values:NaN,strategy:""constant"",verbose:0,features:null,categories:null,dtype:float64""},unknown:""ignore"",values:null,sparse:true,criterion:""friedman_mse"",init:null,rate:6730848448195562,loss:""deviance"",depth:8,features:8234283184930168,nodes:null,decrease:7426066446935002,split:null,leaf:6,split:11,leaf:1437074753125137,estimators:111,change:609,presort:""auto"",state:64311,subsample:0986782693679662,tol:3045358295921821e-05,fraction:03145784489120884,verbose:0,start:false,jobs:null,remainder:""passthrough"",threshold:0.3,weights:null,memory:null,threshold:0.0,memory:null"
"8981493","sklearn.pipeline.Pipeline(imputation=openmlstudy14.preprocessing.ConditionalImputer,hotencoding=sklearn.preprocessing.data.OneHotEncoder,scaling=sklearn.preprocessing.data.StandardScaler,variencethreshold=sklearn.feature_selection.variance_threshold.VarianceThreshold,classifier=sklearn.svm.classes.SVC)(2)","0.4619","axis:0,features:[],copy:true,empty:0,values:""NaN"",strategy:""mean"",nominal:""most_frequent"",verbose:0,features:[],dtype:float64""},unknown:""ignore"",values:""auto"",sparse:true,threshold:0.0,C:1550967544665078,size:200,weight:null,coef0:287302847355033,shape:null,degree:3,gamma:0024869015956817562,kernel:""sigmoid"",iter:-1,probability:true,state:43560,shrinking:true,tol:7227153847376942e-05,verbose:false,copy:true,mean:false,std:true"
"8979294","sklearn.pipeline.Pipeline(imputation=openmlstudy14.preprocessing.ConditionalImputer,hotencoding=sklearn.preprocessing.data.OneHotEncoder,scaling=sklearn.preprocessing.data.StandardScaler,variencethreshold=sklearn.feature_selection.variance_threshold.VarianceThreshold,classifier=sklearn.svm.classes.SVC)(2)","0.4613","axis:0,features:[],copy:true,empty:0,values:""NaN"",strategy:""mean"",nominal:""most_frequent"",verbose:0,features:[],dtype:float64""},unknown:""ignore"",values:""auto"",sparse:true,threshold:0.0,C:13584856033675868,size:200,weight:null,coef0:29149121249094323,shape:null,degree:4,gamma:252127790953462e-05,kernel:""sigmoid"",iter:-1,probability:true,state:58249,shrinking:false,tol:5796489745963282e-05,verbose:false,copy:true,mean:false,std:true"
"9905734","sklearn.pipeline.Pipeline(columntransformer=sklearn.compose._column_transformer.ColumnTransformer(numeric=sklearn.pipeline.Pipeline(imputer=sklearn.preprocessing.imputation.Imputer,standardscaler=sklearn.preprocessing.data.StandardScaler),nominal=sklearn.pipeline.Pipeline(simpleimputer=sklearn.impute.SimpleImputer,onehotencoder=sklearn.preprocessing._encoders.OneHotEncoder)),variancethreshold=sklearn.feature_selection.variance_threshold.VarianceThreshold,gradientboostingclassifier=sklearn.ensemble.gradient_boosting.GradientBoostingClassifier)(1)","0.4605","memory:null,jobs:null,remainder:""passthrough"",threshold:0.3,weights:null,memory:null,axis:0,copy:true,values:""NaN"",strategy:""mean"",verbose:0,copy:true,mean:true,std:true,memory:null,copy:true,value:-1,values:NaN,strategy:""constant"",verbose:0,features:null,categories:null,dtype:float64""},unknown:""ignore"",values:null,sparse:true,threshold:0.0,criterion:""friedman_mse"",init:null,rate:01427922101338058,loss:""deviance"",depth:3,features:15303910740848403,nodes:null,decrease:589648690269722,split:null,leaf:2,split:4,leaf:3982596600343841,estimators:70,change:431,presort:""auto"",state:46034,subsample:9853053882641684,tol:09196578778695716,fraction:13231757224817586,verbose:0,start:false"
"9202872","sklearn.pipeline.Pipeline(imputation=openmlstudy14.preprocessing.ConditionalImputer,hotencoding=sklearn.preprocessing.data.OneHotEncoder,scaling=sklearn.preprocessing.data.StandardScaler,variencethreshold=sklearn.feature_selection.variance_threshold.VarianceThreshold,classifier=sklearn.svm.classes.SVC)(2)","0.4596","axis:0,features:[],copy:true,empty:0,values:""NaN"",strategy:""most_frequent"",nominal:""most_frequent"",verbose:0,features:[],dtype:float64""},unknown:""ignore"",values:""auto"",sparse:true,threshold:0.0,C:108975457379,size:200,weight:null,coef0:8823022492613344,shape:null,degree:3,gamma:007446087853726166,kernel:""poly"",iter:-1,probability:true,state:26063,shrinking:false,tol:00010551300391496874,verbose:false,copy:true,mean:false,std:true"
"8962775","sklearn.pipeline.Pipeline(imputation=openmlstudy14.preprocessing.ConditionalImputer,hotencoding=sklearn.preprocessing.data.OneHotEncoder,scaling=sklearn.preprocessing.data.StandardScaler,variencethreshold=sklearn.feature_selection.variance_threshold.VarianceThreshold,classifier=sklearn.svm.classes.SVC)(2)","0.4594","axis:0,features:[],copy:true,empty:0,values:""NaN"",strategy:""mean"",nominal:""most_frequent"",verbose:0,features:[],dtype:float64""},unknown:""ignore"",values:""auto"",sparse:true,threshold:0.0,C:28388281793646725,size:200,weight:null,coef0:8242421289630919,shape:null,degree:2,gamma:0014553939159644784,kernel:""sigmoid"",iter:-1,probability:true,state:34863,shrinking:false,tol:081055253284757e-05,verbose:false,copy:true,mean:false,std:true"
"8988546","sklearn.pipeline.Pipeline(imputation=openmlstudy14.preprocessing.ConditionalImputer,hotencoding=sklearn.preprocessing.data.OneHotEncoder,scaling=sklearn.preprocessing.data.StandardScaler,variencethreshold=sklearn.feature_selection.variance_threshold.VarianceThreshold,classifier=sklearn.svm.classes.SVC)(2)","0.4584","axis:0,features:[],copy:true,empty:0,values:""NaN"",strategy:""mean"",nominal:""most_frequent"",verbose:0,features:[],dtype:float64""},unknown:""ignore"",values:""auto"",sparse:true,threshold:0.0,C:13290162573018327,size:200,weight:null,coef0:3896929858915843,shape:null,degree:3,gamma:5564127952403005e-05,kernel:""poly"",iter:-1,probability:true,state:58540,shrinking:false,tol:0013931879308097734,verbose:false,copy:true,mean:false,std:true"
"1664889","weka.RBFNetwork(9)","0.4584","B:2,S:1,R:1.0E-8,M:-1,W:0.1"
"9865364","sklearn.pipeline.Pipeline(columntransformer=sklearn.compose._column_transformer.ColumnTransformer(numeric=sklearn.pipeline.Pipeline(imputer=sklearn.preprocessing.imputation.Imputer,standardscaler=sklearn.preprocessing.data.StandardScaler),nominal=sklearn.pipeline.Pipeline(simpleimputer=sklearn.impute.SimpleImputer,onehotencoder=sklearn.preprocessing._encoders.OneHotEncoder)),variancethreshold=sklearn.feature_selection.variance_threshold.VarianceThreshold,gradientboostingclassifier=sklearn.ensemble.gradient_boosting.GradientBoostingClassifier)(1)","0.4581","memory:null,jobs:null,remainder:""passthrough"",threshold:0.3,weights:null,memory:null,axis:0,copy:true,values:""NaN"",strategy:""most_frequent"",verbose:0,copy:true,mean:true,std:true,memory:null,copy:true,value:-1,values:NaN,strategy:""constant"",verbose:0,features:null,categories:null,dtype:float64""},unknown:""ignore"",values:null,sparse:true,threshold:0.0,criterion:""friedman_mse"",init:null,rate:5878348388982946,loss:""deviance"",depth:7,features:19465550846382262,nodes:null,decrease:5295300567155319,split:null,leaf:18,split:10,leaf:3074612620452587,estimators:456,change:122,presort:""auto"",state:13667,subsample:39028917391727236,tol:98414145604221e-05,fraction:3583435639106779,verbose:0,start:false"
"8981091","sklearn.pipeline.Pipeline(imputation=openmlstudy14.preprocessing.ConditionalImputer,hotencoding=sklearn.preprocessing.data.OneHotEncoder,scaling=sklearn.preprocessing.data.StandardScaler,variencethreshold=sklearn.feature_selection.variance_threshold.VarianceThreshold,classifier=sklearn.svm.classes.SVC)(2)","0.458","axis:0,features:[],copy:true,empty:0,values:""NaN"",strategy:""most_frequent"",nominal:""most_frequent"",verbose:0,features:[],dtype:float64""},unknown:""ignore"",values:""auto"",sparse:true,threshold:0.0,C:187918178921784,size:200,weight:null,coef0:474155292920599,shape:null,degree:3,gamma:0028081710736150424,kernel:""sigmoid"",iter:-1,probability:true,state:1035,shrinking:false,tol:114675405629292e-05,verbose:false,copy:true,mean:false,std:true"
"9865608","sklearn.pipeline.Pipeline(columntransformer=sklearn.compose._column_transformer.ColumnTransformer(numeric=sklearn.pipeline.Pipeline(imputer=sklearn.preprocessing.imputation.Imputer,standardscaler=sklearn.preprocessing.data.StandardScaler),nominal=sklearn.pipeline.Pipeline(simpleimputer=sklearn.impute.SimpleImputer,onehotencoder=sklearn.preprocessing._encoders.OneHotEncoder)),variancethreshold=sklearn.feature_selection.variance_threshold.VarianceThreshold,gradientboostingclassifier=sklearn.ensemble.gradient_boosting.GradientBoostingClassifier)(1)","0.4573","memory:null,jobs:null,remainder:""passthrough"",threshold:0.3,weights:null,memory:null,axis:0,copy:true,values:""NaN"",strategy:""mean"",verbose:0,copy:true,mean:true,std:true,memory:null,copy:true,value:-1,values:NaN,strategy:""constant"",verbose:0,features:null,categories:null,dtype:float64""},unknown:""ignore"",values:null,sparse:true,threshold:0.0,criterion:""mse"",init:null,rate:01004946075566079,loss:""deviance"",depth:10,features:5921940963183158,nodes:null,decrease:030355951035942796,split:null,leaf:11,split:18,leaf:16975825250292942,estimators:194,change:110,presort:""auto"",state:9968,subsample:3416673216192395,tol:00010785932595148841,fraction:9592899401965437,verbose:0,start:false"
"9881408","sklearn.pipeline.Pipeline(columntransformer=sklearn.compose._column_transformer.ColumnTransformer(numeric=sklearn.pipeline.Pipeline(imputer=sklearn.preprocessing.imputation.Imputer,standardscaler=sklearn.preprocessing.data.StandardScaler),nominal=sklearn.pipeline.Pipeline(simpleimputer=sklearn.impute.SimpleImputer,onehotencoder=sklearn.preprocessing._encoders.OneHotEncoder)),variancethreshold=sklearn.feature_selection.variance_threshold.VarianceThreshold,gradientboostingclassifier=sklearn.ensemble.gradient_boosting.GradientBoostingClassifier)(2)","0.4571","axis:0,copy:true,values:""NaN"",strategy:""most_frequent"",verbose:0,copy:true,mean:true,std:true,memory:null,copy:true,value:-1,values:NaN,strategy:""constant"",verbose:0,features:null,categories:null,dtype:float64""},unknown:""ignore"",values:null,sparse:true,criterion:""friedman_mse"",init:null,rate:10740421012340388,loss:""deviance"",depth:10,features:00354492687436192,nodes:null,decrease:49915902850396754,split:null,leaf:5,split:13,leaf:4975622773615363,estimators:86,change:619,presort:""auto"",state:32188,subsample:45182984494830913,tol:00792548566566651,fraction:948192962978567,verbose:0,start:false,jobs:null,remainder:""passthrough"",threshold:0.3,weights:null,memory:null,threshold:0.0,memory:null"
"9868537","sklearn.pipeline.Pipeline(columntransformer=sklearn.compose._column_transformer.ColumnTransformer(numeric=sklearn.pipeline.Pipeline(imputer=sklearn.preprocessing.imputation.Imputer,standardscaler=sklearn.preprocessing.data.StandardScaler),nominal=sklearn.pipeline.Pipeline(simpleimputer=sklearn.impute.SimpleImputer,onehotencoder=sklearn.preprocessing._encoders.OneHotEncoder)),variancethreshold=sklearn.feature_selection.variance_threshold.VarianceThreshold,gradientboostingclassifier=sklearn.ensemble.gradient_boosting.GradientBoostingClassifier)(1)","0.4564","memory:null,jobs:null,remainder:""passthrough"",threshold:0.3,weights:null,memory:null,axis:0,copy:true,values:""NaN"",strategy:""mean"",verbose:0,copy:true,mean:true,std:true,memory:null,copy:true,value:-1,values:NaN,strategy:""constant"",verbose:0,features:null,categories:null,dtype:float64""},unknown:""ignore"",values:null,sparse:true,threshold:0.0,criterion:""mse"",init:null,rate:18411909610186142,loss:""deviance"",depth:2,features:6061477871160509,nodes:null,decrease:01233867988700299,split:null,leaf:19,split:20,leaf:4826348184538232,estimators:287,change:640,presort:""auto"",state:2528,subsample:08791738235121982,tol:005200620332302123,fraction:39848474192033134,verbose:0,start:false"
"8967087","sklearn.pipeline.Pipeline(imputation=openmlstudy14.preprocessing.ConditionalImputer,hotencoding=sklearn.preprocessing.data.OneHotEncoder,scaling=sklearn.preprocessing.data.StandardScaler,variencethreshold=sklearn.feature_selection.variance_threshold.VarianceThreshold,classifier=sklearn.svm.classes.SVC)(2)","0.4544","axis:0,features:[],copy:true,empty:0,values:""NaN"",strategy:""mean"",nominal:""most_frequent"",verbose:0,features:[],dtype:float64""},unknown:""ignore"",values:""auto"",sparse:true,threshold:0.0,C:7197074085020958,size:200,weight:null,coef0:2931315055575423,shape:null,degree:3,gamma:1139431265750843e-05,kernel:""sigmoid"",iter:-1,probability:true,state:13724,shrinking:false,tol:02655644233071468,verbose:false,copy:true,mean:false,std:true"
"1665936","weka.ConjunctiveRule(4)","0.4544","N:3,M:2.0,P:-1,S:1"
"8962966","sklearn.pipeline.Pipeline(imputation=openmlstudy14.preprocessing.ConditionalImputer,hotencoding=sklearn.preprocessing.data.OneHotEncoder,scaling=sklearn.preprocessing.data.StandardScaler,variencethreshold=sklearn.feature_selection.variance_threshold.VarianceThreshold,classifier=sklearn.svm.classes.SVC)(2)","0.4541","axis:0,features:[],copy:true,empty:0,values:""NaN"",strategy:""median"",nominal:""most_frequent"",verbose:0,features:[],dtype:float64""},unknown:""ignore"",values:""auto"",sparse:true,threshold:0.0,C:327860729947474,size:200,weight:null,coef0:252146658906385,shape:null,degree:3,gamma:158066352709145e-05,kernel:""poly"",iter:-1,probability:true,state:24052,shrinking:true,tol:6845776536129924e-05,verbose:false,copy:true,mean:false,std:true"
"9897730","sklearn.pipeline.Pipeline(columntransformer=sklearn.compose._column_transformer.ColumnTransformer(numeric=sklearn.pipeline.Pipeline(imputer=sklearn.preprocessing.imputation.Imputer,standardscaler=sklearn.preprocessing.data.StandardScaler),nominal=sklearn.pipeline.Pipeline(simpleimputer=sklearn.impute.SimpleImputer,onehotencoder=sklearn.preprocessing._encoders.OneHotEncoder)),variancethreshold=sklearn.feature_selection.variance_threshold.VarianceThreshold,gradientboostingclassifier=sklearn.ensemble.gradient_boosting.GradientBoostingClassifier)(2)","0.4536","axis:0,copy:true,values:""NaN"",strategy:""most_frequent"",verbose:0,copy:true,mean:true,std:true,memory:null,copy:true,value:-1,values:NaN,strategy:""constant"",verbose:0,features:null,categories:null,dtype:float64""},unknown:""ignore"",values:null,sparse:true,criterion:""friedman_mse"",init:null,rate:010740400644344237,loss:""deviance"",depth:10,features:9544528636235443,nodes:null,decrease:17286949850209066,split:null,leaf:8,split:20,leaf:4910988722306432,estimators:107,change:342,presort:""auto"",state:44802,subsample:8718110158565473,tol:598257218315507e-05,fraction:9006209747968595,verbose:0,start:false,jobs:null,remainder:""passthrough"",threshold:0.3,weights:null,memory:null,threshold:0.0,memory:null"
"9874927","sklearn.pipeline.Pipeline(columntransformer=sklearn.compose._column_transformer.ColumnTransformer(numeric=sklearn.pipeline.Pipeline(imputer=sklearn.preprocessing.imputation.Imputer,standardscaler=sklearn.preprocessing.data.StandardScaler),nominal=sklearn.pipeline.Pipeline(simpleimputer=sklearn.impute.SimpleImputer,onehotencoder=sklearn.preprocessing._encoders.OneHotEncoder)),variancethreshold=sklearn.feature_selection.variance_threshold.VarianceThreshold,gradientboostingclassifier=sklearn.ensemble.gradient_boosting.GradientBoostingClassifier)(2)","0.453","axis:0,copy:true,values:""NaN"",strategy:""most_frequent"",verbose:0,copy:true,mean:true,std:true,memory:null,copy:true,value:-1,values:NaN,strategy:""constant"",verbose:0,features:null,categories:null,dtype:float64""},unknown:""ignore"",values:null,sparse:true,criterion:""friedman_mse"",init:null,rate:019706822441903034,loss:""deviance"",depth:6,features:13926471093901405,nodes:null,decrease:8992311061682772,split:null,leaf:11,split:4,leaf:48154720579871735,estimators:201,change:800,presort:""auto"",state:16361,subsample:6364949307816422,tol:004045628299924813,fraction:8753081646194654,verbose:0,start:false,jobs:null,remainder:""passthrough"",threshold:0.3,weights:null,memory:null,threshold:0.0,memory:null"
"8992679","sklearn.pipeline.Pipeline(imputation=openmlstudy14.preprocessing.ConditionalImputer,hotencoding=sklearn.preprocessing.data.OneHotEncoder,scaling=sklearn.preprocessing.data.StandardScaler,variencethreshold=sklearn.feature_selection.variance_threshold.VarianceThreshold,classifier=sklearn.svm.classes.SVC)(2)","0.453","axis:0,features:[],copy:true,empty:0,values:""NaN"",strategy:""most_frequent"",nominal:""most_frequent"",verbose:0,features:[],dtype:float64""},unknown:""ignore"",values:""auto"",sparse:true,threshold:0.0,C:17636823302368723,size:200,weight:null,coef0:23976162598053752,shape:null,degree:4,gamma:012625441112272899,kernel:""sigmoid"",iter:-1,probability:true,state:18890,shrinking:false,tol:002406994700293977,verbose:false,copy:true,mean:false,std:true"
"8982959","sklearn.pipeline.Pipeline(imputation=openmlstudy14.preprocessing.ConditionalImputer,hotencoding=sklearn.preprocessing.data.OneHotEncoder,scaling=sklearn.preprocessing.data.StandardScaler,variencethreshold=sklearn.feature_selection.variance_threshold.VarianceThreshold,classifier=sklearn.svm.classes.SVC)(2)","0.4529","axis:0,features:[],copy:true,empty:0,values:""NaN"",strategy:""median"",nominal:""most_frequent"",verbose:0,features:[],dtype:float64""},unknown:""ignore"",values:""auto"",sparse:true,threshold:0.0,C:5033983995204,size:200,weight:null,coef0:882340768690997,shape:null,degree:4,gamma:004752580459231183,kernel:""poly"",iter:-1,probability:true,state:42651,shrinking:true,tol:8071237792793454e-05,verbose:false,copy:true,mean:false,std:true"
"9870702","sklearn.pipeline.Pipeline(columntransformer=sklearn.compose._column_transformer.ColumnTransformer(numeric=sklearn.pipeline.Pipeline(imputer=sklearn.preprocessing.imputation.Imputer,standardscaler=sklearn.preprocessing.data.StandardScaler),nominal=sklearn.pipeline.Pipeline(simpleimputer=sklearn.impute.SimpleImputer,onehotencoder=sklearn.preprocessing._encoders.OneHotEncoder)),variancethreshold=sklearn.feature_selection.variance_threshold.VarianceThreshold,gradientboostingclassifier=sklearn.ensemble.gradient_boosting.GradientBoostingClassifier)(1)","0.4516","memory:null,jobs:null,remainder:""passthrough"",threshold:0.3,weights:null,memory:null,axis:0,copy:true,values:""NaN"",strategy:""most_frequent"",verbose:0,copy:true,mean:true,std:true,memory:null,copy:true,value:-1,values:NaN,strategy:""constant"",verbose:0,features:null,categories:null,dtype:float64""},unknown:""ignore"",values:null,sparse:true,threshold:0.0,criterion:""friedman_mse"",init:null,rate:7710621364591196,loss:""deviance"",depth:8,features:28642377249209516,nodes:null,decrease:2607373422699235,split:null,leaf:16,split:10,leaf:03649481725243575,estimators:394,change:607,presort:""auto"",state:23671,subsample:7280422326533188,tol:0029943056794793817,fraction:9206126752401387,verbose:0,start:false"
"570369","weka.MultilayerPerceptron(4)","0.4515","L:0.3,M:0.2,N:500,V:0,S:0,E:20,H:1"
"9865629","sklearn.pipeline.Pipeline(columntransformer=sklearn.compose._column_transformer.ColumnTransformer(numeric=sklearn.pipeline.Pipeline(imputer=sklearn.preprocessing.imputation.Imputer,standardscaler=sklearn.preprocessing.data.StandardScaler),nominal=sklearn.pipeline.Pipeline(simpleimputer=sklearn.impute.SimpleImputer,onehotencoder=sklearn.preprocessing._encoders.OneHotEncoder)),variancethreshold=sklearn.feature_selection.variance_threshold.VarianceThreshold,gradientboostingclassifier=sklearn.ensemble.gradient_boosting.GradientBoostingClassifier)(1)","0.4511","memory:null,jobs:null,remainder:""passthrough"",threshold:0.3,weights:null,memory:null,axis:0,copy:true,values:""NaN"",strategy:""mean"",verbose:0,copy:true,mean:true,std:true,memory:null,copy:true,value:-1,values:NaN,strategy:""constant"",verbose:0,features:null,categories:null,dtype:float64""},unknown:""ignore"",values:null,sparse:true,threshold:0.0,criterion:""mae"",init:null,rate:010004118477671263,loss:""deviance"",depth:7,features:32010587807997715,nodes:null,decrease:018095149229996665,split:null,leaf:6,split:7,leaf:3035263235246588,estimators:418,change:248,presort:""auto"",state:37055,subsample:07493037726661078,tol:00010482456537923973,fraction:22985681711742834,verbose:0,start:false"
"569279","weka.SMO_PolyKernel(11)","0.451","E:1.0,C:250007,C:1.0,N:0,L:0.001,P:1.0E-12,V:-1,W:1,K:PolyKernel"
"9869157","sklearn.pipeline.Pipeline(columntransformer=sklearn.compose._column_transformer.ColumnTransformer(numeric=sklearn.pipeline.Pipeline(imputer=sklearn.preprocessing.imputation.Imputer,standardscaler=sklearn.preprocessing.data.StandardScaler),nominal=sklearn.pipeline.Pipeline(simpleimputer=sklearn.impute.SimpleImputer,onehotencoder=sklearn.preprocessing._encoders.OneHotEncoder)),variancethreshold=sklearn.feature_selection.variance_threshold.VarianceThreshold,gradientboostingclassifier=sklearn.ensemble.gradient_boosting.GradientBoostingClassifier)(1)","0.4507","memory:null,jobs:null,remainder:""passthrough"",threshold:0.3,weights:null,memory:null,axis:0,copy:true,values:""NaN"",strategy:""most_frequent"",verbose:0,copy:true,mean:true,std:true,memory:null,copy:true,value:-1,values:NaN,strategy:""constant"",verbose:0,features:null,categories:null,dtype:float64""},unknown:""ignore"",values:null,sparse:true,threshold:0.0,criterion:""mae"",init:null,rate:012349165949775334,loss:""deviance"",depth:8,features:4930689901562896,nodes:null,decrease:07989699588920585,split:null,leaf:12,split:12,leaf:2404059422286165,estimators:346,change:519,presort:""auto"",state:32963,subsample:047194858242683435,tol:00014470142217518184,fraction:7233525825106455,verbose:0,start:false"
"570934","weka.AttributeSelectedClassifier_MultilayerPerceptron(1)","0.4504","L:0.3,M:0.2,N:500,V:0,S:0,E:20,H:1,E:CfsSubsetEval -P 1 -E 1,S:BestFirst -D 1 -N 5,W:MultilayerPerceptron"
"1687509","weka.AttributeSelectedClassifier_SMO_PolyKernel(1)","0.4499","E:1.0,C:250007,E:CfsSubsetEval -P 1 -E 1,S:BestFirst -D 1 -N 5,W:SMO,C:1.0,N:0,L:0.001,P:1.0E-12,V:-1,W:1,K:PolyKernel"
"8976997","sklearn.pipeline.Pipeline(imputation=openmlstudy14.preprocessing.ConditionalImputer,hotencoding=sklearn.preprocessing.data.OneHotEncoder,scaling=sklearn.preprocessing.data.StandardScaler,variencethreshold=sklearn.feature_selection.variance_threshold.VarianceThreshold,classifier=sklearn.svm.classes.SVC)(2)","0.4497","axis:0,features:[],copy:true,empty:0,values:""NaN"",strategy:""most_frequent"",nominal:""most_frequent"",verbose:0,features:[],dtype:float64""},unknown:""ignore"",values:""auto"",sparse:true,threshold:0.0,C:5131693783159418,size:200,weight:null,coef0:9051557953976932,shape:null,degree:2,gamma:857576948110352e-06,kernel:""poly"",iter:-1,probability:true,state:33840,shrinking:true,tol:0022490765958312147,verbose:false,copy:true,mean:false,std:true"
"8988358","sklearn.pipeline.Pipeline(imputation=openmlstudy14.preprocessing.ConditionalImputer,hotencoding=sklearn.preprocessing.data.OneHotEncoder,scaling=sklearn.preprocessing.data.StandardScaler,variencethreshold=sklearn.feature_selection.variance_threshold.VarianceThreshold,classifier=sklearn.svm.classes.SVC)(2)","0.4493","axis:0,features:[],copy:true,empty:0,values:""NaN"",strategy:""most_frequent"",nominal:""most_frequent"",verbose:0,features:[],dtype:float64""},unknown:""ignore"",values:""auto"",sparse:true,threshold:0.0,C:0551768580144029,size:200,weight:null,coef0:9228432243383067,shape:null,degree:2,gamma:00574362235476681,kernel:""poly"",iter:-1,probability:true,state:43725,shrinking:true,tol:002547978343789356,verbose:false,copy:true,mean:false,std:true"
"8979203","sklearn.pipeline.Pipeline(imputation=openmlstudy14.preprocessing.ConditionalImputer,hotencoding=sklearn.preprocessing.data.OneHotEncoder,scaling=sklearn.preprocessing.data.StandardScaler,variencethreshold=sklearn.feature_selection.variance_threshold.VarianceThreshold,classifier=sklearn.svm.classes.SVC)(2)","0.4492","axis:0,features:[],copy:true,empty:0,values:""NaN"",strategy:""most_frequent"",nominal:""most_frequent"",verbose:0,features:[],dtype:float64""},unknown:""ignore"",values:""auto"",sparse:true,threshold:0.0,C:738276835980935,size:200,weight:null,coef0:3249790724986379,shape:null,degree:5,gamma:006940630700678348,kernel:""poly"",iter:-1,probability:true,state:47785,shrinking:true,tol:0001529375810079171,verbose:false,copy:true,mean:false,std:true"
"8979884","sklearn.pipeline.Pipeline(imputation=openmlstudy14.preprocessing.ConditionalImputer,hotencoding=sklearn.preprocessing.data.OneHotEncoder,scaling=sklearn.preprocessing.data.StandardScaler,variencethreshold=sklearn.feature_selection.variance_threshold.VarianceThreshold,classifier=sklearn.svm.classes.SVC)(2)","0.449","axis:0,features:[],copy:true,empty:0,values:""NaN"",strategy:""median"",nominal:""most_frequent"",verbose:0,features:[],dtype:float64""},unknown:""ignore"",values:""auto"",sparse:true,threshold:0.0,C:512277369628,size:200,weight:null,coef0:5672675113106418,shape:null,degree:2,gamma:00041677239616134,kernel:""poly"",iter:-1,probability:true,state:38053,shrinking:false,tol:1505704206276464e-05,verbose:false,copy:true,mean:false,std:true"
"8979076","sklearn.pipeline.Pipeline(imputation=openmlstudy14.preprocessing.ConditionalImputer,hotencoding=sklearn.preprocessing.data.OneHotEncoder,scaling=sklearn.preprocessing.data.StandardScaler,variencethreshold=sklearn.feature_selection.variance_threshold.VarianceThreshold,classifier=sklearn.svm.classes.SVC)(2)","0.449","axis:0,features:[],copy:true,empty:0,values:""NaN"",strategy:""most_frequent"",nominal:""most_frequent"",verbose:0,features:[],dtype:float64""},unknown:""ignore"",values:""auto"",sparse:true,threshold:0.0,C:746223487623,size:200,weight:null,coef0:15736325906751558,shape:null,degree:2,gamma:0001721165986960676,kernel:""poly"",iter:-1,probability:true,state:42257,shrinking:true,tol:00018349777190912619,verbose:false,copy:true,mean:false,std:true"
"9201566","sklearn.model_selection._search.RandomizedSearchCV(estimator=sklearn.pipeline.Pipeline(imputation=mylib.preprocessing_openml14.ConditionalImputer,one-hot-encoder=sklearn.preprocessing.data.OneHotEncoder,variance-thresholding=sklearn.feature_selection.variance_threshold.VarianceThreshold,feature-scaling=sklearn.preprocessing.data.StandardScaler,classifier=sklearn.tree.tree.DecisionTreeClassifier))(1)","0.4489","axis:0,features:[],copy:true,empty:0,values:""NaN"",strategy:""median"",nominal:""most_frequent"",verbose:0,features:[],dtype:float64""},unknown:""ignore"",values:""auto"",sparse:true,threshold:0.0,copy:true,mean:false,std:true,weight:null,criterion:""gini"",depth:1,features:null,nodes:null,decrease:0.0,split:null,leaf:1,split:2,leaf:0.0,presort:false,state:8617,splitter:""best"",cv:3,score:""raise"",params:null,iid:true,iter:60,jobs:-1,distributions:0], ""imputation__strategy"": [""mean"", ""median"", ""most_frequent""]},dispatch:""2*n_jobs"",state:1,refit:true,score:""warn"",scoring:null,verbose:0,memory:null"
"3877366","sklearn.pipeline.Pipeline(imputation=sklearn.preprocessing.imputation.Imputer,classifier=sklearn.tree.tree.DecisionTreeClassifier)(1)","0.4489","axis:0,copy:true,values:""NaN"",strategy:""median"",verbose:0,weight:null,criterion:""entropy"",depth:3623123221851376,features:1.0,nodes:null,split:1e-07,leaf:9,split:16,leaf:0.0,presort:false,state:111,splitter:""best"""
"3830890","sklearn.pipeline.Pipeline(imputation=sklearn.preprocessing.imputation.Imputer,classifier=sklearn.tree.tree.DecisionTreeClassifier)(1)","0.4489","axis:0,copy:true,values:""NaN"",strategy:""mean"",verbose:0,weight:null,criterion:""entropy"",depth:1827875962101724,features:1.0,nodes:null,split:1e-07,leaf:5,split:14,leaf:0.0,presort:false,state:14299,splitter:""best"""
"3832425","sklearn.pipeline.Pipeline(imputation=sklearn.preprocessing.imputation.Imputer,classifier=sklearn.tree.tree.DecisionTreeClassifier)(1)","0.4489","axis:0,copy:true,values:""NaN"",strategy:""median"",verbose:0,weight:null,criterion:""entropy"",depth:6273077316810227,features:1.0,nodes:null,split:1e-07,leaf:10,split:16,leaf:0.0,presort:false,state:60775,splitter:""best"""
"3852936","sklearn.pipeline.Pipeline(imputation=sklearn.preprocessing.imputation.Imputer,classifier=sklearn.tree.tree.DecisionTreeClassifier)(1)","0.4489","axis:0,copy:true,values:""NaN"",strategy:""most_frequent"",verbose:0,weight:null,criterion:""entropy"",depth:6318517010659466,features:1.0,nodes:null,split:1e-07,leaf:9,split:9,leaf:0.0,presort:false,state:37632,splitter:""best"""
"3853410","sklearn.pipeline.Pipeline(imputation=sklearn.preprocessing.imputation.Imputer,classifier=sklearn.tree.tree.DecisionTreeClassifier)(1)","0.4489","axis:0,copy:true,values:""NaN"",strategy:""most_frequent"",verbose:0,weight:null,criterion:""entropy"",depth:7484597360946215,features:1.0,nodes:null,split:1e-07,leaf:17,split:12,leaf:0.0,presort:false,state:27371,splitter:""best"""
"3847683","sklearn.pipeline.Pipeline(imputation=sklearn.preprocessing.imputation.Imputer,classifier=sklearn.tree.tree.DecisionTreeClassifier)(1)","0.4489","axis:0,copy:true,values:""NaN"",strategy:""median"",verbose:0,weight:null,criterion:""entropy"",depth:1872955426876315,features:1.0,nodes:null,split:1e-07,leaf:13,split:16,leaf:0.0,presort:false,state:36593,splitter:""best"""
"3846644","sklearn.pipeline.Pipeline(imputation=sklearn.preprocessing.imputation.Imputer,classifier=sklearn.tree.tree.DecisionTreeClassifier)(1)","0.4489","axis:0,copy:true,values:""NaN"",strategy:""mean"",verbose:0,weight:null,criterion:""entropy"",depth:487265747547441,features:1.0,nodes:null,split:1e-07,leaf:2,split:2,leaf:0.0,presort:false,state:8345,splitter:""best"""
"3847709","sklearn.pipeline.Pipeline(imputation=sklearn.preprocessing.imputation.Imputer,classifier=sklearn.tree.tree.DecisionTreeClassifier)(1)","0.4489","axis:0,copy:true,values:""NaN"",strategy:""mean"",verbose:0,weight:null,criterion:""entropy"",depth:6898201440182403,features:1.0,nodes:null,split:1e-07,leaf:14,split:16,leaf:0.0,presort:false,state:20783,splitter:""best"""
"3811279","sklearn.pipeline.Pipeline(imputation=sklearn.preprocessing.imputation.Imputer,classifier=sklearn.tree.tree.DecisionTreeClassifier)(1)","0.4489","axis:0,copy:true,values:""NaN"",strategy:""mean"",verbose:0,weight:null,criterion:""entropy"",depth:9574497211363064,features:1.0,nodes:null,split:1e-07,leaf:17,split:20,leaf:0.0,presort:false,state:52541,splitter:""best"""
"4064928","sklearn.pipeline.Pipeline(imputation=sklearn.preprocessing.imputation.Imputer,classifier=sklearn.tree.tree.DecisionTreeClassifier)(1)","0.4489","axis:0,copy:true,values:""NaN"",strategy:""most_frequent"",verbose:0,weight:null,criterion:""entropy"",depth:5532107361031455,features:1.0,nodes:null,split:1e-07,leaf:19,split:16,leaf:0.0,presort:false,state:16404,splitter:""best"""
"4026290","sklearn.pipeline.Pipeline(imputation=sklearn.preprocessing.imputation.Imputer,classifier=sklearn.tree.tree.DecisionTreeClassifier)(1)","0.4489","axis:0,copy:true,values:""NaN"",strategy:""most_frequent"",verbose:0,weight:null,criterion:""entropy"",depth:6349866425876922,features:1.0,nodes:null,split:1e-07,leaf:18,split:20,leaf:0.0,presort:false,state:55848,splitter:""best"""
"4049049","sklearn.pipeline.Pipeline(imputation=sklearn.preprocessing.imputation.Imputer,classifier=sklearn.tree.tree.DecisionTreeClassifier)(1)","0.4489","axis:0,copy:true,values:""NaN"",strategy:""median"",verbose:0,weight:null,criterion:""entropy"",depth:7554315000405867,features:1.0,nodes:null,split:1e-07,leaf:1,split:3,leaf:0.0,presort:false,state:8878,splitter:""best"""
"4078865","sklearn.pipeline.Pipeline(imputation=sklearn.preprocessing.imputation.Imputer,classifier=sklearn.tree.tree.DecisionTreeClassifier)(1)","0.4489","axis:0,copy:true,values:""NaN"",strategy:""median"",verbose:0,weight:null,criterion:""entropy"",depth:3874291012482032,features:1.0,nodes:null,split:1e-07,leaf:17,split:12,leaf:0.0,presort:false,state:22779,splitter:""best"""
"4033208","sklearn.pipeline.Pipeline(imputation=sklearn.preprocessing.imputation.Imputer,classifier=sklearn.tree.tree.DecisionTreeClassifier)(1)","0.4489","axis:0,copy:true,values:""NaN"",strategy:""mean"",verbose:0,weight:null,criterion:""entropy"",depth:8081750999268447,features:1.0,nodes:null,split:1e-07,leaf:8,split:14,leaf:0.0,presort:false,state:19396,splitter:""best"""
"4053505","sklearn.pipeline.Pipeline(imputation=sklearn.preprocessing.imputation.Imputer,classifier=sklearn.tree.tree.DecisionTreeClassifier)(1)","0.4489","axis:0,copy:true,values:""NaN"",strategy:""most_frequent"",verbose:0,weight:null,criterion:""entropy"",depth:4573342924253176,features:1.0,nodes:null,split:1e-07,leaf:9,split:7,leaf:0.0,presort:false,state:4049,splitter:""best"""
"4069994","sklearn.pipeline.Pipeline(imputation=sklearn.preprocessing.imputation.Imputer,classifier=sklearn.tree.tree.DecisionTreeClassifier)(1)","0.4489","axis:0,copy:true,values:""NaN"",strategy:""mean"",verbose:0,weight:null,criterion:""entropy"",depth:8795864026445677,features:1.0,nodes:null,split:1e-07,leaf:16,split:20,leaf:0.0,presort:false,state:54058,splitter:""best"""
"4067803","sklearn.pipeline.Pipeline(imputation=sklearn.preprocessing.imputation.Imputer,classifier=sklearn.tree.tree.DecisionTreeClassifier)(1)","0.4489","axis:0,copy:true,values:""NaN"",strategy:""mean"",verbose:0,weight:null,criterion:""entropy"",depth:173316554952457,features:1.0,nodes:null,split:1e-07,leaf:10,split:3,leaf:0.0,presort:false,state:30277,splitter:""best"""
"4119480","sklearn.pipeline.Pipeline(imputation=sklearn.preprocessing.imputation.Imputer,classifier=sklearn.tree.tree.DecisionTreeClassifier)(1)","0.4489","axis:0,copy:true,values:""NaN"",strategy:""most_frequent"",verbose:0,weight:null,criterion:""entropy"",depth:1737577778331165,features:1.0,nodes:null,split:1e-07,leaf:17,split:15,leaf:0.0,presort:false,state:8648,splitter:""best"""
"4124403","sklearn.pipeline.Pipeline(imputation=sklearn.preprocessing.imputation.Imputer,classifier=sklearn.tree.tree.DecisionTreeClassifier)(1)","0.4489","axis:0,copy:true,values:""NaN"",strategy:""most_frequent"",verbose:0,weight:null,criterion:""entropy"",depth:2191919242840294,features:1.0,nodes:null,split:1e-07,leaf:11,split:3,leaf:0.0,presort:false,state:43585,splitter:""best"""
"4037063","sklearn.pipeline.Pipeline(imputation=sklearn.preprocessing.imputation.Imputer,classifier=sklearn.tree.tree.DecisionTreeClassifier)(1)","0.4489","axis:0,copy:true,values:""NaN"",strategy:""median"",verbose:0,weight:null,criterion:""entropy"",depth:8063632349466443,features:1.0,nodes:null,split:1e-07,leaf:20,split:8,leaf:0.0,presort:false,state:30527,splitter:""best"""
"4027239","sklearn.pipeline.Pipeline(imputation=sklearn.preprocessing.imputation.Imputer,classifier=sklearn.tree.tree.DecisionTreeClassifier)(1)","0.4489","axis:0,copy:true,values:""NaN"",strategy:""median"",verbose:0,weight:null,criterion:""entropy"",depth:8965571373302528,features:1.0,nodes:null,split:1e-07,leaf:20,split:7,leaf:0.0,presort:false,state:46465,splitter:""best"""
"4027844","sklearn.pipeline.Pipeline(imputation=sklearn.preprocessing.imputation.Imputer,classifier=sklearn.tree.tree.DecisionTreeClassifier)(1)","0.4489","axis:0,copy:true,values:""NaN"",strategy:""median"",verbose:0,weight:null,criterion:""entropy"",depth:3296110626920112,features:1.0,nodes:null,split:1e-07,leaf:10,split:19,leaf:0.0,presort:false,state:53982,splitter:""best"""
"4113172","sklearn.pipeline.Pipeline(imputation=sklearn.preprocessing.imputation.Imputer,classifier=sklearn.tree.tree.DecisionTreeClassifier)(1)","0.4489","axis:0,copy:true,values:""NaN"",strategy:""mean"",verbose:0,weight:null,criterion:""entropy"",depth:375639386846551,features:1.0,nodes:null,split:1e-07,leaf:5,split:20,leaf:0.0,presort:false,state:64413,splitter:""best"""
"4038236","sklearn.pipeline.Pipeline(imputation=sklearn.preprocessing.imputation.Imputer,classifier=sklearn.tree.tree.DecisionTreeClassifier)(1)","0.4489","axis:0,copy:true,values:""NaN"",strategy:""mean"",verbose:0,weight:null,criterion:""entropy"",depth:9180667777173142,features:1.0,nodes:null,split:1e-07,leaf:3,split:8,leaf:0.0,presort:false,state:11900,splitter:""best"""
"4036321","sklearn.pipeline.Pipeline(imputation=sklearn.preprocessing.imputation.Imputer,classifier=sklearn.tree.tree.DecisionTreeClassifier)(1)","0.4489","axis:0,copy:true,values:""NaN"",strategy:""mean"",verbose:0,weight:null,criterion:""entropy"",depth:0633720650148824,features:1.0,nodes:null,split:1e-07,leaf:7,split:9,leaf:0.0,presort:false,state:13536,splitter:""best"""
"4040927","sklearn.pipeline.Pipeline(imputation=sklearn.preprocessing.imputation.Imputer,classifier=sklearn.tree.tree.DecisionTreeClassifier)(1)","0.4489","axis:0,copy:true,values:""NaN"",strategy:""most_frequent"",verbose:0,weight:null,criterion:""entropy"",depth:0973912060403386,features:1.0,nodes:null,split:1e-07,leaf:9,split:18,leaf:0.0,presort:false,state:39473,splitter:""best"""
"4089224","sklearn.pipeline.Pipeline(imputation=sklearn.preprocessing.imputation.Imputer,classifier=sklearn.tree.tree.DecisionTreeClassifier)(1)","0.4489","axis:0,copy:true,values:""NaN"",strategy:""median"",verbose:0,weight:null,criterion:""entropy"",depth:4455567914585283,features:1.0,nodes:null,split:1e-07,leaf:1,split:13,leaf:0.0,presort:false,state:19519,splitter:""best"""
"4089980","sklearn.pipeline.Pipeline(imputation=sklearn.preprocessing.imputation.Imputer,classifier=sklearn.tree.tree.DecisionTreeClassifier)(1)","0.4489","axis:0,copy:true,values:""NaN"",strategy:""median"",verbose:0,weight:null,criterion:""entropy"",depth:5277719191147898,features:1.0,nodes:null,split:1e-07,leaf:20,split:17,leaf:0.0,presort:false,state:37149,splitter:""best"""
"4111166","sklearn.pipeline.Pipeline(imputation=sklearn.preprocessing.imputation.Imputer,classifier=sklearn.tree.tree.DecisionTreeClassifier)(1)","0.4489","axis:0,copy:true,values:""NaN"",strategy:""mean"",verbose:0,weight:null,criterion:""entropy"",depth:197847392430182,features:1.0,nodes:null,split:1e-07,leaf:2,split:8,leaf:0.0,presort:false,state:3458,splitter:""best"""
"4104834","sklearn.pipeline.Pipeline(imputation=sklearn.preprocessing.imputation.Imputer,classifier=sklearn.tree.tree.DecisionTreeClassifier)(1)","0.4489","axis:0,copy:true,values:""NaN"",strategy:""mean"",verbose:0,weight:null,criterion:""entropy"",depth:8159370518236995,features:1.0,nodes:null,split:1e-07,leaf:17,split:15,leaf:0.0,presort:false,state:47693,splitter:""best"""
"4088809","sklearn.pipeline.Pipeline(imputation=sklearn.preprocessing.imputation.Imputer,classifier=sklearn.tree.tree.DecisionTreeClassifier)(1)","0.4489","axis:0,copy:true,values:""NaN"",strategy:""mean"",verbose:0,weight:null,criterion:""entropy"",depth:6170314873888236,features:1.0,nodes:null,split:1e-07,leaf:7,split:19,leaf:0.0,presort:false,state:46284,splitter:""best"""
"4075908","sklearn.pipeline.Pipeline(imputation=sklearn.preprocessing.imputation.Imputer,classifier=sklearn.tree.tree.DecisionTreeClassifier)(1)","0.4489","axis:0,copy:true,values:""NaN"",strategy:""mean"",verbose:0,weight:null,criterion:""entropy"",depth:2925758221931176,features:1.0,nodes:null,split:1e-07,leaf:16,split:13,leaf:0.0,presort:false,state:34800,splitter:""best"""
"4076015","sklearn.pipeline.Pipeline(imputation=sklearn.preprocessing.imputation.Imputer,classifier=sklearn.tree.tree.DecisionTreeClassifier)(1)","0.4489","axis:0,copy:true,values:""NaN"",strategy:""most_frequent"",verbose:0,weight:null,criterion:""entropy"",depth:2166602426626387,features:1.0,nodes:null,split:1e-07,leaf:4,split:10,leaf:0.0,presort:false,state:14626,splitter:""best"""
"3985666","sklearn.pipeline.Pipeline(imputation=sklearn.preprocessing.imputation.Imputer,classifier=sklearn.tree.tree.DecisionTreeClassifier)(1)","0.4489","axis:0,copy:true,values:""NaN"",strategy:""mean"",verbose:0,weight:null,criterion:""entropy"",depth:6713791294526061,features:1.0,nodes:null,split:1e-07,leaf:4,split:15,leaf:0.0,presort:false,state:63458,splitter:""best"""
"3980676","sklearn.pipeline.Pipeline(imputation=sklearn.preprocessing.imputation.Imputer,classifier=sklearn.tree.tree.DecisionTreeClassifier)(1)","0.4489","axis:0,copy:true,values:""NaN"",strategy:""mean"",verbose:0,weight:null,criterion:""entropy"",depth:093071277163224,features:1.0,nodes:null,split:1e-07,leaf:5,split:12,leaf:0.0,presort:false,state:28229,splitter:""best"""
"4132512","sklearn.pipeline.Pipeline(imputation=sklearn.preprocessing.imputation.Imputer,classifier=sklearn.tree.tree.DecisionTreeClassifier)(1)","0.4489","axis:0,copy:true,values:""NaN"",strategy:""median"",verbose:0,weight:null,criterion:""entropy"",depth:6920714417326714,features:1.0,nodes:null,split:1e-07,leaf:12,split:4,leaf:0.0,presort:false,state:38098,splitter:""best"""
"4144001","sklearn.pipeline.Pipeline(imputation=sklearn.preprocessing.imputation.Imputer,classifier=sklearn.tree.tree.DecisionTreeClassifier)(1)","0.4489","axis:0,copy:true,values:""NaN"",strategy:""mean"",verbose:0,weight:null,criterion:""entropy"",depth:6884395958698286,features:1.0,nodes:null,split:1e-07,leaf:3,split:2,leaf:0.0,presort:false,state:28275,splitter:""best"""
"4149785","sklearn.pipeline.Pipeline(imputation=sklearn.preprocessing.imputation.Imputer,classifier=sklearn.tree.tree.DecisionTreeClassifier)(1)","0.4489","axis:0,copy:true,values:""NaN"",strategy:""mean"",verbose:0,weight:null,criterion:""entropy"",depth:5660104445781606,features:1.0,nodes:null,split:1e-07,leaf:20,split:12,leaf:0.0,presort:false,state:16188,splitter:""best"""
"4141618","sklearn.pipeline.Pipeline(imputation=sklearn.preprocessing.imputation.Imputer,classifier=sklearn.tree.tree.DecisionTreeClassifier)(1)","0.4489","axis:0,copy:true,values:""NaN"",strategy:""mean"",verbose:0,weight:null,criterion:""entropy"",depth:91380380404132,features:1.0,nodes:null,split:1e-07,leaf:1,split:10,leaf:0.0,presort:false,state:51191,splitter:""best"""
"4194783","sklearn.pipeline.Pipeline(imputation=sklearn.preprocessing.imputation.Imputer,classifier=sklearn.tree.tree.DecisionTreeClassifier)(1)","0.4489","axis:0,copy:true,values:""NaN"",strategy:""mean"",verbose:0,weight:null,criterion:""entropy"",depth:3620720967616649,features:1.0,nodes:null,split:1e-07,leaf:1,split:14,leaf:0.0,presort:false,state:6484,splitter:""best"""
"4196255","sklearn.pipeline.Pipeline(imputation=sklearn.preprocessing.imputation.Imputer,classifier=sklearn.tree.tree.DecisionTreeClassifier)(1)","0.4489","axis:0,copy:true,values:""NaN"",strategy:""median"",verbose:0,weight:null,criterion:""entropy"",depth:0653882673447492,features:1.0,nodes:null,split:1e-07,leaf:15,split:2,leaf:0.0,presort:false,state:23656,splitter:""best"""
"4187731","sklearn.pipeline.Pipeline(imputation=sklearn.preprocessing.imputation.Imputer,classifier=sklearn.tree.tree.DecisionTreeClassifier)(1)","0.4489","axis:0,copy:true,values:""NaN"",strategy:""median"",verbose:0,weight:null,criterion:""entropy"",depth:0809147007454238,features:1.0,nodes:null,split:1e-07,leaf:8,split:3,leaf:0.0,presort:false,state:10949,splitter:""best"""
"4192217","sklearn.pipeline.Pipeline(imputation=sklearn.preprocessing.imputation.Imputer,classifier=sklearn.tree.tree.DecisionTreeClassifier)(1)","0.4489","axis:0,copy:true,values:""NaN"",strategy:""mean"",verbose:0,weight:null,criterion:""entropy"",depth:2526888361481212,features:1.0,nodes:null,split:1e-07,leaf:3,split:20,leaf:0.0,presort:false,state:54029,splitter:""best"""
"4192480","sklearn.pipeline.Pipeline(imputation=sklearn.preprocessing.imputation.Imputer,classifier=sklearn.tree.tree.DecisionTreeClassifier)(1)","0.4489","axis:0,copy:true,values:""NaN"",strategy:""median"",verbose:0,weight:null,criterion:""entropy"",depth:5449475935460337,features:1.0,nodes:null,split:1e-07,leaf:16,split:2,leaf:0.0,presort:false,state:58782,splitter:""best"""
"4174318","sklearn.pipeline.Pipeline(imputation=sklearn.preprocessing.imputation.Imputer,classifier=sklearn.tree.tree.DecisionTreeClassifier)(1)","0.4489","axis:0,copy:true,values:""NaN"",strategy:""mean"",verbose:0,weight:null,criterion:""entropy"",depth:9458340675137302,features:1.0,nodes:null,split:1e-07,leaf:5,split:12,leaf:0.0,presort:false,state:55103,splitter:""best"""
"4184314","sklearn.pipeline.Pipeline(imputation=sklearn.preprocessing.imputation.Imputer,classifier=sklearn.tree.tree.DecisionTreeClassifier)(1)","0.4489","axis:0,copy:true,values:""NaN"",strategy:""median"",verbose:0,weight:null,criterion:""entropy"",depth:4047363853911812,features:1.0,nodes:null,split:1e-07,leaf:20,split:20,leaf:0.0,presort:false,state:54432,splitter:""best"""
"4176631","sklearn.pipeline.Pipeline(imputation=sklearn.preprocessing.imputation.Imputer,classifier=sklearn.tree.tree.DecisionTreeClassifier)(1)","0.4489","axis:0,copy:true,values:""NaN"",strategy:""median"",verbose:0,weight:null,criterion:""entropy"",depth:987083639807522,features:1.0,nodes:null,split:1e-07,leaf:15,split:13,leaf:0.0,presort:false,state:40269,splitter:""best"""
"4171558","sklearn.pipeline.Pipeline(imputation=sklearn.preprocessing.imputation.Imputer,classifier=sklearn.tree.tree.DecisionTreeClassifier)(1)","0.4489","axis:0,copy:true,values:""NaN"",strategy:""median"",verbose:0,weight:null,criterion:""entropy"",depth:0019822113060386,features:1.0,nodes:null,split:1e-07,leaf:10,split:19,leaf:0.0,presort:false,state:45614,splitter:""best"""
"4172694","sklearn.pipeline.Pipeline(imputation=sklearn.preprocessing.imputation.Imputer,classifier=sklearn.tree.tree.DecisionTreeClassifier)(1)","0.4489","axis:0,copy:true,values:""NaN"",strategy:""most_frequent"",verbose:0,weight:null,criterion:""entropy"",depth:392923583459659,features:1.0,nodes:null,split:1e-07,leaf:6,split:5,leaf:0.0,presort:false,state:56846,splitter:""best"""
"4173060","sklearn.pipeline.Pipeline(imputation=sklearn.preprocessing.imputation.Imputer,classifier=sklearn.tree.tree.DecisionTreeClassifier)(1)","0.4489","axis:0,copy:true,values:""NaN"",strategy:""mean"",verbose:0,weight:null,criterion:""entropy"",depth:0678351345769552,features:1.0,nodes:null,split:1e-07,leaf:1,split:18,leaf:0.0,presort:false,state:60549,splitter:""best"""
"4171606","sklearn.pipeline.Pipeline(imputation=sklearn.preprocessing.imputation.Imputer,classifier=sklearn.tree.tree.DecisionTreeClassifier)(1)","0.4489","axis:0,copy:true,values:""NaN"",strategy:""median"",verbose:0,weight:null,criterion:""entropy"",depth:8154733333704,features:1.0,nodes:null,split:1e-07,leaf:8,split:3,leaf:0.0,presort:false,state:39762,splitter:""best"""
"4137406","sklearn.pipeline.Pipeline(imputation=sklearn.preprocessing.imputation.Imputer,classifier=sklearn.tree.tree.DecisionTreeClassifier)(1)","0.4489","axis:0,copy:true,values:""NaN"",strategy:""most_frequent"",verbose:0,weight:null,criterion:""entropy"",depth:153451025852218,features:1.0,nodes:null,split:1e-07,leaf:8,split:11,leaf:0.0,presort:false,state:27302,splitter:""best"""
"4130200","sklearn.pipeline.Pipeline(imputation=sklearn.preprocessing.imputation.Imputer,classifier=sklearn.tree.tree.DecisionTreeClassifier)(1)","0.4489","axis:0,copy:true,values:""NaN"",strategy:""median"",verbose:0,weight:null,criterion:""entropy"",depth:9072878503949204,features:1.0,nodes:null,split:1e-07,leaf:1,split:16,leaf:0.0,presort:false,state:56612,splitter:""best"""
"4160312","sklearn.pipeline.Pipeline(imputation=sklearn.preprocessing.imputation.Imputer,classifier=sklearn.tree.tree.DecisionTreeClassifier)(1)","0.4489","axis:0,copy:true,values:""NaN"",strategy:""most_frequent"",verbose:0,weight:null,criterion:""entropy"",depth:2981398632736205,features:1.0,nodes:null,split:1e-07,leaf:2,split:20,leaf:0.0,presort:false,state:36810,splitter:""best"""
"4163273","sklearn.pipeline.Pipeline(imputation=sklearn.preprocessing.imputation.Imputer,classifier=sklearn.tree.tree.DecisionTreeClassifier)(1)","0.4489","axis:0,copy:true,values:""NaN"",strategy:""median"",verbose:0,weight:null,criterion:""entropy"",depth:1017047275305827,features:1.0,nodes:null,split:1e-07,leaf:13,split:20,leaf:0.0,presort:false,state:11068,splitter:""best"""
"3966362","sklearn.pipeline.Pipeline(imputation=sklearn.preprocessing.imputation.Imputer,classifier=sklearn.tree.tree.DecisionTreeClassifier)(1)","0.4489","axis:0,copy:true,values:""NaN"",strategy:""mean"",verbose:0,weight:null,criterion:""entropy"",depth:1849177582990666,features:1.0,nodes:null,split:1e-07,leaf:10,split:18,leaf:0.0,presort:false,state:40317,splitter:""best"""
"4144597","sklearn.pipeline.Pipeline(imputation=sklearn.preprocessing.imputation.Imputer,classifier=sklearn.tree.tree.DecisionTreeClassifier)(1)","0.4489","axis:0,copy:true,values:""NaN"",strategy:""most_frequent"",verbose:0,weight:null,criterion:""entropy"",depth:7731147673842156,features:1.0,nodes:null,split:1e-07,leaf:12,split:20,leaf:0.0,presort:false,state:33269,splitter:""best"""
"4103857","sklearn.pipeline.Pipeline(imputation=sklearn.preprocessing.imputation.Imputer,classifier=sklearn.tree.tree.DecisionTreeClassifier)(1)","0.4489","axis:0,copy:true,values:""NaN"",strategy:""most_frequent"",verbose:0,weight:null,criterion:""entropy"",depth:3219255357191024,features:1.0,nodes:null,split:1e-07,leaf:20,split:15,leaf:0.0,presort:false,state:23078,splitter:""best"""
"4098978","sklearn.pipeline.Pipeline(imputation=sklearn.preprocessing.imputation.Imputer,classifier=sklearn.tree.tree.DecisionTreeClassifier)(1)","0.4489","axis:0,copy:true,values:""NaN"",strategy:""median"",verbose:0,weight:null,criterion:""entropy"",depth:1265722193324765,features:1.0,nodes:null,split:1e-07,leaf:3,split:10,leaf:0.0,presort:false,state:46176,splitter:""best"""
"4099554","sklearn.pipeline.Pipeline(imputation=sklearn.preprocessing.imputation.Imputer,classifier=sklearn.tree.tree.DecisionTreeClassifier)(1)","0.4489","axis:0,copy:true,values:""NaN"",strategy:""most_frequent"",verbose:0,weight:null,criterion:""entropy"",depth:6687529995274155,features:1.0,nodes:null,split:1e-07,leaf:14,split:18,leaf:0.0,presort:false,state:10929,splitter:""best"""
"4099574","sklearn.pipeline.Pipeline(imputation=sklearn.preprocessing.imputation.Imputer,classifier=sklearn.tree.tree.DecisionTreeClassifier)(1)","0.4489","axis:0,copy:true,values:""NaN"",strategy:""most_frequent"",verbose:0,weight:null,criterion:""entropy"",depth:9672987266762618,features:1.0,nodes:null,split:1e-07,leaf:12,split:4,leaf:0.0,presort:false,state:45467,splitter:""best"""
"4024242","sklearn.pipeline.Pipeline(imputation=sklearn.preprocessing.imputation.Imputer,classifier=sklearn.tree.tree.DecisionTreeClassifier)(1)","0.4489","axis:0,copy:true,values:""NaN"",strategy:""median"",verbose:0,weight:null,criterion:""entropy"",depth:9289546719727757,features:1.0,nodes:null,split:1e-07,leaf:17,split:9,leaf:0.0,presort:false,state:8551,splitter:""best"""
"4017956","sklearn.pipeline.Pipeline(imputation=sklearn.preprocessing.imputation.Imputer,classifier=sklearn.tree.tree.DecisionTreeClassifier)(1)","0.4489","axis:0,copy:true,values:""NaN"",strategy:""most_frequent"",verbose:0,weight:null,criterion:""entropy"",depth:5301525590408995,features:1.0,nodes:null,split:1e-07,leaf:5,split:16,leaf:0.0,presort:false,state:52303,splitter:""best"""
"3976322","sklearn.pipeline.Pipeline(imputation=sklearn.preprocessing.imputation.Imputer,classifier=sklearn.tree.tree.DecisionTreeClassifier)(1)","0.4489","axis:0,copy:true,values:""NaN"",strategy:""median"",verbose:0,weight:null,criterion:""entropy"",depth:8616986599807526,features:1.0,nodes:null,split:1e-07,leaf:15,split:5,leaf:0.0,presort:false,state:16694,splitter:""best"""
"4004497","sklearn.pipeline.Pipeline(imputation=sklearn.preprocessing.imputation.Imputer,classifier=sklearn.tree.tree.DecisionTreeClassifier)(1)","0.4489","axis:0,copy:true,values:""NaN"",strategy:""mean"",verbose:0,weight:null,criterion:""entropy"",depth:0592363087180292,features:1.0,nodes:null,split:1e-07,leaf:9,split:3,leaf:0.0,presort:false,state:47322,splitter:""best"""
"4005376","sklearn.pipeline.Pipeline(imputation=sklearn.preprocessing.imputation.Imputer,classifier=sklearn.tree.tree.DecisionTreeClassifier)(1)","0.4489","axis:0,copy:true,values:""NaN"",strategy:""mean"",verbose:0,weight:null,criterion:""entropy"",depth:8281311513229461,features:1.0,nodes:null,split:1e-07,leaf:14,split:16,leaf:0.0,presort:false,state:36562,splitter:""best"""
"4006416","sklearn.pipeline.Pipeline(imputation=sklearn.preprocessing.imputation.Imputer,classifier=sklearn.tree.tree.DecisionTreeClassifier)(1)","0.4489","axis:0,copy:true,values:""NaN"",strategy:""mean"",verbose:0,weight:null,criterion:""entropy"",depth:5890619160711124,features:1.0,nodes:null,split:1e-07,leaf:18,split:9,leaf:0.0,presort:false,state:32314,splitter:""best"""
"4005005","sklearn.pipeline.Pipeline(imputation=sklearn.preprocessing.imputation.Imputer,classifier=sklearn.tree.tree.DecisionTreeClassifier)(1)","0.4489","axis:0,copy:true,values:""NaN"",strategy:""most_frequent"",verbose:0,weight:null,criterion:""entropy"",depth:3848307505414437,features:1.0,nodes:null,split:1e-07,leaf:6,split:11,leaf:0.0,presort:false,state:27969,splitter:""best"""
"3969006","sklearn.pipeline.Pipeline(imputation=sklearn.preprocessing.imputation.Imputer,classifier=sklearn.tree.tree.DecisionTreeClassifier)(1)","0.4489","axis:0,copy:true,values:""NaN"",strategy:""most_frequent"",verbose:0,weight:null,criterion:""entropy"",depth:9160800440177266,features:1.0,nodes:null,split:1e-07,leaf:14,split:6,leaf:0.0,presort:false,state:34489,splitter:""best"""
"3996302","sklearn.pipeline.Pipeline(imputation=sklearn.preprocessing.imputation.Imputer,classifier=sklearn.tree.tree.DecisionTreeClassifier)(1)","0.4489","axis:0,copy:true,values:""NaN"",strategy:""most_frequent"",verbose:0,weight:null,criterion:""entropy"",depth:4183901840210775,features:1.0,nodes:null,split:1e-07,leaf:10,split:19,leaf:0.0,presort:false,state:8101,splitter:""best"""
"4000112","sklearn.pipeline.Pipeline(imputation=sklearn.preprocessing.imputation.Imputer,classifier=sklearn.tree.tree.DecisionTreeClassifier)(1)","0.4489","axis:0,copy:true,values:""NaN"",strategy:""median"",verbose:0,weight:null,criterion:""entropy"",depth:5131134902827117,features:1.0,nodes:null,split:1e-07,leaf:7,split:19,leaf:0.0,presort:false,state:514,splitter:""best"""
"3997076","sklearn.pipeline.Pipeline(imputation=sklearn.preprocessing.imputation.Imputer,classifier=sklearn.tree.tree.DecisionTreeClassifier)(1)","0.4489","axis:0,copy:true,values:""NaN"",strategy:""mean"",verbose:0,weight:null,criterion:""entropy"",depth:530583985405456,features:1.0,nodes:null,split:1e-07,leaf:19,split:5,leaf:0.0,presort:false,state:59239,splitter:""best"""
"3989130","sklearn.pipeline.Pipeline(imputation=sklearn.preprocessing.imputation.Imputer,classifier=sklearn.tree.tree.DecisionTreeClassifier)(1)","0.4489","axis:0,copy:true,values:""NaN"",strategy:""median"",verbose:0,weight:null,criterion:""entropy"",depth:3788589090485053,features:1.0,nodes:null,split:1e-07,leaf:13,split:17,leaf:0.0,presort:false,state:53547,splitter:""best"""
"4498777","sklearn.pipeline.Pipeline(imputation=sklearn.preprocessing.imputation.Imputer,classifier=sklearn.tree.tree.DecisionTreeClassifier)(1)","0.4489","axis:0,copy:true,values:""NaN"",strategy:""median"",verbose:0,weight:null,criterion:""entropy"",depth:1743866302399937,features:1.0,nodes:null,split:1e-07,leaf:6,split:4,leaf:0.0,presort:false,state:53464,splitter:""best"""
"4494189","sklearn.pipeline.Pipeline(imputation=sklearn.preprocessing.imputation.Imputer,classifier=sklearn.tree.tree.DecisionTreeClassifier)(1)","0.4489","axis:0,copy:true,values:""NaN"",strategy:""mean"",verbose:0,weight:null,criterion:""entropy"",depth:1199945431053162,features:1.0,nodes:null,split:1e-07,leaf:10,split:18,leaf:0.0,presort:false,state:56691,splitter:""best"""
"4497225","sklearn.pipeline.Pipeline(imputation=sklearn.preprocessing.imputation.Imputer,classifier=sklearn.tree.tree.DecisionTreeClassifier)(1)","0.4489","axis:0,copy:true,values:""NaN"",strategy:""mean"",verbose:0,weight:null,criterion:""entropy"",depth:6181184889659679,features:1.0,nodes:null,split:1e-07,leaf:3,split:9,leaf:0.0,presort:false,state:29231,splitter:""best"""
"4508252","sklearn.pipeline.Pipeline(imputation=sklearn.preprocessing.imputation.Imputer,classifier=sklearn.tree.tree.DecisionTreeClassifier)(1)","0.4489","axis:0,copy:true,values:""NaN"",strategy:""mean"",verbose:0,weight:null,criterion:""entropy"",depth:8709178885293591,features:1.0,nodes:null,split:1e-07,leaf:5,split:10,leaf:0.0,presort:false,state:60292,splitter:""best"""
"4508257","sklearn.pipeline.Pipeline(imputation=sklearn.preprocessing.imputation.Imputer,classifier=sklearn.tree.tree.DecisionTreeClassifier)(1)","0.4489","axis:0,copy:true,values:""NaN"",strategy:""median"",verbose:0,weight:null,criterion:""entropy"",depth:0499758075681282,features:1.0,nodes:null,split:1e-07,leaf:17,split:8,leaf:0.0,presort:false,state:27379,splitter:""best"""
"4506159","sklearn.pipeline.Pipeline(imputation=sklearn.preprocessing.imputation.Imputer,classifier=sklearn.tree.tree.DecisionTreeClassifier)(1)","0.4489","axis:0,copy:true,values:""NaN"",strategy:""mean"",verbose:0,weight:null,criterion:""entropy"",depth:1534412860992442,features:1.0,nodes:null,split:1e-07,leaf:5,split:12,leaf:0.0,presort:false,state:35710,splitter:""best"""
"4512062","sklearn.pipeline.Pipeline(imputation=sklearn.preprocessing.imputation.Imputer,classifier=sklearn.tree.tree.DecisionTreeClassifier)(1)","0.4489","axis:0,copy:true,values:""NaN"",strategy:""mean"",verbose:0,weight:null,criterion:""entropy"",depth:5472989888901378,features:1.0,nodes:null,split:1e-07,leaf:7,split:12,leaf:0.0,presort:false,state:14242,splitter:""best"""
"4502305","sklearn.pipeline.Pipeline(imputation=sklearn.preprocessing.imputation.Imputer,classifier=sklearn.tree.tree.DecisionTreeClassifier)(1)","0.4489","axis:0,copy:true,values:""NaN"",strategy:""most_frequent"",verbose:0,weight:null,criterion:""entropy"",depth:212182516189799,features:1.0,nodes:null,split:1e-07,leaf:1,split:12,leaf:0.0,presort:false,state:16534,splitter:""best"""
"4511153","sklearn.pipeline.Pipeline(imputation=sklearn.preprocessing.imputation.Imputer,classifier=sklearn.tree.tree.DecisionTreeClassifier)(1)","0.4489","axis:0,copy:true,values:""NaN"",strategy:""mean"",verbose:0,weight:null,criterion:""entropy"",depth:2327009338302977,features:1.0,nodes:null,split:1e-07,leaf:7,split:6,leaf:0.0,presort:false,state:10463,splitter:""best"""
"4491345","sklearn.pipeline.Pipeline(imputation=sklearn.preprocessing.imputation.Imputer,classifier=sklearn.tree.tree.DecisionTreeClassifier)(1)","0.4489","axis:0,copy:true,values:""NaN"",strategy:""median"",verbose:0,weight:null,criterion:""entropy"",depth:2491379822524362,features:1.0,nodes:null,split:1e-07,leaf:11,split:10,leaf:0.0,presort:false,state:24826,splitter:""best"""
"570451","weka.AdaBoostM1_DecisionStump(14)","0.4489","P:100,S:1,I:100,W:DecisionStump"
"1642698","weka.AdaBoostM1_DecisionStump(14)","0.4489","P:100,S:1,I:10,W:DecisionStump"
"1608050","weka.AdaBoostM1_DecisionStump(14)","0.4489","P:100,S:1,I:10,W:DecisionStump"
"1663843","weka.DecisionStump(5)","0.4489",""
"8982750","sklearn.pipeline.Pipeline(imputation=openmlstudy14.preprocessing.ConditionalImputer,hotencoding=sklearn.preprocessing.data.OneHotEncoder,scaling=sklearn.preprocessing.data.StandardScaler,variencethreshold=sklearn.feature_selection.variance_threshold.VarianceThreshold,classifier=sklearn.svm.classes.SVC)(2)","0.4487","axis:0,features:[],copy:true,empty:0,values:""NaN"",strategy:""mean"",nominal:""most_frequent"",verbose:0,features:[],dtype:float64""},unknown:""ignore"",values:""auto"",sparse:true,threshold:0.0,C:264105628239,size:200,weight:null,coef0:9054334849458272,shape:null,degree:4,gamma:44932573080121e-05,kernel:""poly"",iter:-1,probability:true,state:46136,shrinking:true,tol:1324132742997248e-05,verbose:false,copy:true,mean:false,std:true"
"8977809","sklearn.pipeline.Pipeline(imputation=openmlstudy14.preprocessing.ConditionalImputer,hotencoding=sklearn.preprocessing.data.OneHotEncoder,scaling=sklearn.preprocessing.data.StandardScaler,variencethreshold=sklearn.feature_selection.variance_threshold.VarianceThreshold,classifier=sklearn.svm.classes.SVC)(2)","0.4487","axis:0,features:[],copy:true,empty:0,values:""NaN"",strategy:""mean"",nominal:""most_frequent"",verbose:0,features:[],dtype:float64""},unknown:""ignore"",values:""auto"",sparse:true,threshold:0.0,C:9581590033072,size:200,weight:null,coef0:5457065488056254,shape:null,degree:2,gamma:6371168828477667e-05,kernel:""poly"",iter:-1,probability:true,state:24751,shrinking:false,tol:0013111237565509028,verbose:false,copy:true,mean:false,std:true"
"1669485","weka.Bagging_DecisionStump(3)","0.4487","P:100,S:1,num-slots:1,I:10,W:DecisionStump"
"8979528","sklearn.pipeline.Pipeline(imputation=openmlstudy14.preprocessing.ConditionalImputer,hotencoding=sklearn.preprocessing.data.OneHotEncoder,scaling=sklearn.preprocessing.data.StandardScaler,variencethreshold=sklearn.feature_selection.variance_threshold.VarianceThreshold,classifier=sklearn.svm.classes.SVC)(2)","0.4481","axis:0,features:[],copy:true,empty:0,values:""NaN"",strategy:""median"",nominal:""most_frequent"",verbose:0,features:[],dtype:float64""},unknown:""ignore"",values:""auto"",sparse:true,threshold:0.0,C:0833923004479694,size:200,weight:null,coef0:4361513893055051,shape:null,degree:3,gamma:00557327773021048,kernel:""poly"",iter:-1,probability:true,state:15117,shrinking:false,tol:000119200651171456,verbose:false,copy:true,mean:false,std:true"
"8978747","sklearn.pipeline.Pipeline(imputation=openmlstudy14.preprocessing.ConditionalImputer,hotencoding=sklearn.preprocessing.data.OneHotEncoder,scaling=sklearn.preprocessing.data.StandardScaler,variencethreshold=sklearn.feature_selection.variance_threshold.VarianceThreshold,classifier=sklearn.svm.classes.SVC)(2)","0.4471","axis:0,features:[],copy:true,empty:0,values:""NaN"",strategy:""median"",nominal:""most_frequent"",verbose:0,features:[],dtype:float64""},unknown:""ignore"",values:""auto"",sparse:true,threshold:0.0,C:48789702347,size:200,weight:null,coef0:658387669493373,shape:null,degree:2,gamma:011386261395439398,kernel:""poly"",iter:-1,probability:true,state:21005,shrinking:true,tol:131034004977707e-05,verbose:false,copy:true,mean:false,std:true"
"1672615","weka.SMO_NormalizedPolyKernel(1)","0.4469","C:1.0,N:0,L:0.001,P:1.0E-12,V:-1,W:1,K:NormalizedPolyKernel,E:2.0,C:250007"
"9914168","sklearn.pipeline.Pipeline(columntransformer=sklearn.compose._column_transformer.ColumnTransformer(numeric=sklearn.pipeline.Pipeline(imputer=sklearn.preprocessing.imputation.Imputer,standardscaler=sklearn.preprocessing.data.StandardScaler),nominal=sklearn.pipeline.Pipeline(simpleimputer=sklearn.impute.SimpleImputer,onehotencoder=sklearn.preprocessing._encoders.OneHotEncoder)),variancethreshold=sklearn.feature_selection.variance_threshold.VarianceThreshold,gradientboostingclassifier=sklearn.ensemble.gradient_boosting.GradientBoostingClassifier)(1)","0.4466","memory:null,jobs:null,remainder:""passthrough"",threshold:0.3,weights:null,memory:null,axis:0,copy:true,values:""NaN"",strategy:""most_frequent"",verbose:0,copy:true,mean:true,std:true,memory:null,copy:true,value:-1,values:NaN,strategy:""constant"",verbose:0,features:null,categories:null,dtype:float64""},unknown:""ignore"",values:null,sparse:true,threshold:0.0,criterion:""mae"",init:null,rate:20104688252881514,loss:""deviance"",depth:8,features:865286783754633,nodes:null,decrease:03911058739688822,split:null,leaf:2,split:4,leaf:3426479024571272,estimators:179,change:292,presort:""auto"",state:22040,subsample:43821934155789666,tol:005776045913698036,fraction:4108432029652688,verbose:0,start:false"
"9902248","sklearn.pipeline.Pipeline(columntransformer=sklearn.compose._column_transformer.ColumnTransformer(numeric=sklearn.pipeline.Pipeline(imputer=sklearn.preprocessing.imputation.Imputer,standardscaler=sklearn.preprocessing.data.StandardScaler),nominal=sklearn.pipeline.Pipeline(simpleimputer=sklearn.impute.SimpleImputer,onehotencoder=sklearn.preprocessing._encoders.OneHotEncoder)),variancethreshold=sklearn.feature_selection.variance_threshold.VarianceThreshold,gradientboostingclassifier=sklearn.ensemble.gradient_boosting.GradientBoostingClassifier)(1)","0.4444","memory:null,jobs:null,remainder:""passthrough"",threshold:0.3,weights:null,memory:null,axis:0,copy:true,values:""NaN"",strategy:""most_frequent"",verbose:0,copy:true,mean:true,std:true,memory:null,copy:true,value:-1,values:NaN,strategy:""constant"",verbose:0,features:null,categories:null,dtype:float64""},unknown:""ignore"",values:null,sparse:true,threshold:0.0,criterion:""friedman_mse"",init:null,rate:6724130557789814,loss:""deviance"",depth:3,features:25524398801951453,nodes:null,decrease:3000498219069653,split:null,leaf:12,split:16,leaf:4660172762477232,estimators:273,change:94,presort:""auto"",state:45774,subsample:7821672801851943,tol:0005341480554900696,fraction:43853244577737505,verbose:0,start:false"
"3877402","sklearn.pipeline.Pipeline(imputation=sklearn.preprocessing.imputation.Imputer,classifier=sklearn.tree.tree.DecisionTreeClassifier)(1)","0.4438","axis:0,copy:true,values:""NaN"",strategy:""median"",verbose:0,weight:null,criterion:""gini"",depth:5555340170787217,features:1.0,nodes:null,split:1e-07,leaf:3,split:4,leaf:0.0,presort:false,state:62738,splitter:""best"""
"3874305","sklearn.pipeline.Pipeline(imputation=sklearn.preprocessing.imputation.Imputer,classifier=sklearn.tree.tree.DecisionTreeClassifier)(1)","0.4438","axis:0,copy:true,values:""NaN"",strategy:""median"",verbose:0,weight:null,criterion:""gini"",depth:8407100160198486,features:1.0,nodes:null,split:1e-07,leaf:17,split:7,leaf:0.0,presort:false,state:20480,splitter:""best"""
"3866318","sklearn.pipeline.Pipeline(imputation=sklearn.preprocessing.imputation.Imputer,classifier=sklearn.tree.tree.DecisionTreeClassifier)(1)","0.4438","axis:0,copy:true,values:""NaN"",strategy:""median"",verbose:0,weight:null,criterion:""gini"",depth:9417067728817041,features:1.0,nodes:null,split:1e-07,leaf:4,split:9,leaf:0.0,presort:false,state:40060,splitter:""best"""
"3861574","sklearn.pipeline.Pipeline(imputation=sklearn.preprocessing.imputation.Imputer,classifier=sklearn.tree.tree.DecisionTreeClassifier)(1)","0.4438","axis:0,copy:true,values:""NaN"",strategy:""most_frequent"",verbose:0,weight:null,criterion:""gini"",depth:65731292764288,features:1.0,nodes:null,split:1e-07,leaf:18,split:4,leaf:0.0,presort:false,state:11029,splitter:""best"""
"3851643","sklearn.pipeline.Pipeline(imputation=sklearn.preprocessing.imputation.Imputer,classifier=sklearn.tree.tree.DecisionTreeClassifier)(1)","0.4438","axis:0,copy:true,values:""NaN"",strategy:""mean"",verbose:0,weight:null,criterion:""gini"",depth:5908225867407546,features:1.0,nodes:null,split:1e-07,leaf:19,split:17,leaf:0.0,presort:false,state:16087,splitter:""best"""
"3853940","sklearn.pipeline.Pipeline(imputation=sklearn.preprocessing.imputation.Imputer,classifier=sklearn.tree.tree.DecisionTreeClassifier)(1)","0.4438","axis:0,copy:true,values:""NaN"",strategy:""most_frequent"",verbose:0,weight:null,criterion:""gini"",depth:6368927339983825,features:1.0,nodes:null,split:1e-07,leaf:12,split:3,leaf:0.0,presort:false,state:21119,splitter:""best"""
"3852974","sklearn.pipeline.Pipeline(imputation=sklearn.preprocessing.imputation.Imputer,classifier=sklearn.tree.tree.DecisionTreeClassifier)(1)","0.4438","axis:0,copy:true,values:""NaN"",strategy:""most_frequent"",verbose:0,weight:null,criterion:""gini"",depth:0590366292289055,features:1.0,nodes:null,split:1e-07,leaf:15,split:8,leaf:0.0,presort:false,state:14954,splitter:""best"""
"3850559","sklearn.pipeline.Pipeline(imputation=sklearn.preprocessing.imputation.Imputer,classifier=sklearn.tree.tree.DecisionTreeClassifier)(1)","0.4438","axis:0,copy:true,values:""NaN"",strategy:""mean"",verbose:0,weight:null,criterion:""gini"",depth:10112729371069,features:1.0,nodes:null,split:1e-07,leaf:15,split:7,leaf:0.0,presort:false,state:31661,splitter:""best"""
"3813619","sklearn.pipeline.Pipeline(imputation=sklearn.preprocessing.imputation.Imputer,classifier=sklearn.tree.tree.DecisionTreeClassifier)(1)","0.4438","axis:0,copy:true,values:""NaN"",strategy:""most_frequent"",verbose:0,weight:null,criterion:""gini"",depth:2509882137576034,features:1.0,nodes:null,split:1e-07,leaf:11,split:8,leaf:0.0,presort:false,state:6419,splitter:""best"""
"3809737","sklearn.pipeline.Pipeline(imputation=sklearn.preprocessing.imputation.Imputer,classifier=sklearn.tree.tree.DecisionTreeClassifier)(1)","0.4438","axis:0,copy:true,values:""NaN"",strategy:""median"",verbose:0,weight:null,criterion:""gini"",depth:2292748803686917,features:1.0,nodes:null,split:1e-07,leaf:9,split:13,leaf:0.0,presort:false,state:20582,splitter:""best"""
"4025219","sklearn.pipeline.Pipeline(imputation=sklearn.preprocessing.imputation.Imputer,classifier=sklearn.tree.tree.DecisionTreeClassifier)(1)","0.4438","axis:0,copy:true,values:""NaN"",strategy:""most_frequent"",verbose:0,weight:null,criterion:""gini"",depth:2714132400670577,features:1.0,nodes:null,split:1e-07,leaf:14,split:14,leaf:0.0,presort:false,state:4158,splitter:""best"""
"4063414","sklearn.pipeline.Pipeline(imputation=sklearn.preprocessing.imputation.Imputer,classifier=sklearn.tree.tree.DecisionTreeClassifier)(1)","0.4438","axis:0,copy:true,values:""NaN"",strategy:""most_frequent"",verbose:0,weight:null,criterion:""gini"",depth:2800756691691901,features:1.0,nodes:null,split:1e-07,leaf:5,split:19,leaf:0.0,presort:false,state:16028,splitter:""best"""
"4051591","sklearn.pipeline.Pipeline(imputation=sklearn.preprocessing.imputation.Imputer,classifier=sklearn.tree.tree.DecisionTreeClassifier)(1)","0.4438","axis:0,copy:true,values:""NaN"",strategy:""most_frequent"",verbose:0,weight:null,criterion:""gini"",depth:463362057025337,features:1.0,nodes:null,split:1e-07,leaf:19,split:3,leaf:0.0,presort:false,state:9546,splitter:""best"""
"4058203","sklearn.pipeline.Pipeline(imputation=sklearn.preprocessing.imputation.Imputer,classifier=sklearn.tree.tree.DecisionTreeClassifier)(1)","0.4438","axis:0,copy:true,values:""NaN"",strategy:""median"",verbose:0,weight:null,criterion:""gini"",depth:489456010605358,features:1.0,nodes:null,split:1e-07,leaf:13,split:20,leaf:0.0,presort:false,state:43555,splitter:""best"""
"4054728","sklearn.pipeline.Pipeline(imputation=sklearn.preprocessing.imputation.Imputer,classifier=sklearn.tree.tree.DecisionTreeClassifier)(1)","0.4438","axis:0,copy:true,values:""NaN"",strategy:""most_frequent"",verbose:0,weight:null,criterion:""gini"",depth:8333874037283882,features:1.0,nodes:null,split:1e-07,leaf:17,split:8,leaf:0.0,presort:false,state:55794,splitter:""best"""
"4054743","sklearn.pipeline.Pipeline(imputation=sklearn.preprocessing.imputation.Imputer,classifier=sklearn.tree.tree.DecisionTreeClassifier)(1)","0.4438","axis:0,copy:true,values:""NaN"",strategy:""most_frequent"",verbose:0,weight:null,criterion:""gini"",depth:0595789791651908,features:1.0,nodes:null,split:1e-07,leaf:2,split:3,leaf:0.0,presort:false,state:46381,splitter:""best"""
"4070867","sklearn.pipeline.Pipeline(imputation=sklearn.preprocessing.imputation.Imputer,classifier=sklearn.tree.tree.DecisionTreeClassifier)(1)","0.4438","axis:0,copy:true,values:""NaN"",strategy:""most_frequent"",verbose:0,weight:null,criterion:""gini"",depth:0942380158166365,features:1.0,nodes:null,split:1e-07,leaf:14,split:9,leaf:0.0,presort:false,state:5327,splitter:""best"""
"9916921","sklearn.pipeline.Pipeline(columntransformer=sklearn.compose._column_transformer.ColumnTransformer(numeric=sklearn.pipeline.Pipeline(imputer=sklearn.preprocessing.imputation.Imputer,standardscaler=sklearn.preprocessing.data.StandardScaler),nominal=sklearn.pipeline.Pipeline(simpleimputer=sklearn.impute.SimpleImputer,onehotencoder=sklearn.preprocessing._encoders.OneHotEncoder)),variancethreshold=sklearn.feature_selection.variance_threshold.VarianceThreshold,gradientboostingclassifier=sklearn.ensemble.gradient_boosting.GradientBoostingClassifier)(1)","0.4414","memory:null,jobs:null,remainder:""passthrough"",threshold:0.3,weights:null,memory:null,axis:0,copy:true,values:""NaN"",strategy:""mean"",verbose:0,copy:true,mean:true,std:true,memory:null,copy:true,value:-1,values:NaN,strategy:""constant"",verbose:0,features:null,categories:null,dtype:float64""},unknown:""ignore"",values:null,sparse:true,threshold:0.0,criterion:""friedman_mse"",init:null,rate:9887475456769425,loss:""deviance"",depth:9,features:37708535767914264,nodes:null,decrease:0011569531779785924,split:null,leaf:17,split:11,leaf:11516744207789953,estimators:72,change:606,presort:""auto"",state:30523,subsample:3518415581784121,tol:0375662288794406,fraction:6143850015973298,verbose:0,start:false"
"1672178","weka.MultiClassClassifierUpdateable_SGD(3)","0.4404","F:0,L:0.01,R:1.0E-4,E:500,C:0.001,S:1,M:0,R:2.0,S:1,W:SGD"
"9865645","sklearn.pipeline.Pipeline(columntransformer=sklearn.compose._column_transformer.ColumnTransformer(numeric=sklearn.pipeline.Pipeline(imputer=sklearn.preprocessing.imputation.Imputer,standardscaler=sklearn.preprocessing.data.StandardScaler),nominal=sklearn.pipeline.Pipeline(simpleimputer=sklearn.impute.SimpleImputer,onehotencoder=sklearn.preprocessing._encoders.OneHotEncoder)),variancethreshold=sklearn.feature_selection.variance_threshold.VarianceThreshold,gradientboostingclassifier=sklearn.ensemble.gradient_boosting.GradientBoostingClassifier)(1)","0.4403","memory:null,jobs:null,remainder:""passthrough"",threshold:0.3,weights:null,memory:null,axis:0,copy:true,values:""NaN"",strategy:""most_frequent"",verbose:0,copy:true,mean:true,std:true,memory:null,copy:true,value:-1,values:NaN,strategy:""constant"",verbose:0,features:null,categories:null,dtype:float64""},unknown:""ignore"",values:null,sparse:true,threshold:0.0,criterion:""friedman_mse"",init:null,rate:3172348688508233,loss:""deviance"",depth:8,features:9079193346628358,nodes:null,decrease:7736493102283304,split:null,leaf:4,split:14,leaf:32844342677639843,estimators:187,change:789,presort:""auto"",state:20219,subsample:3990607576319718,tol:0005141358885067894,fraction:6386767448964745,verbose:0,start:false"
"9911950","sklearn.pipeline.Pipeline(columntransformer=sklearn.compose._column_transformer.ColumnTransformer(numeric=sklearn.pipeline.Pipeline(imputer=sklearn.preprocessing.imputation.Imputer,standardscaler=sklearn.preprocessing.data.StandardScaler),nominal=sklearn.pipeline.Pipeline(simpleimputer=sklearn.impute.SimpleImputer,onehotencoder=sklearn.preprocessing._encoders.OneHotEncoder)),variancethreshold=sklearn.feature_selection.variance_threshold.VarianceThreshold,gradientboostingclassifier=sklearn.ensemble.gradient_boosting.GradientBoostingClassifier)(1)","0.4376","memory:null,jobs:null,remainder:""passthrough"",threshold:0.3,weights:null,memory:null,axis:0,copy:true,values:""NaN"",strategy:""mean"",verbose:0,copy:true,mean:true,std:true,memory:null,copy:true,value:-1,values:NaN,strategy:""constant"",verbose:0,features:null,categories:null,dtype:float64""},unknown:""ignore"",values:null,sparse:true,threshold:0.0,criterion:""friedman_mse"",init:null,rate:8445741172307666,loss:""deviance"",depth:1,features:924428761743572,nodes:null,decrease:5557503841550314,split:null,leaf:20,split:14,leaf:34241181178582,estimators:468,change:187,presort:""auto"",state:9050,subsample:3393322708569416,tol:06699852641230876,fraction:8490821968190835,verbose:0,start:false"
"9870294","sklearn.pipeline.Pipeline(columntransformer=sklearn.compose._column_transformer.ColumnTransformer(numeric=sklearn.pipeline.Pipeline(imputer=sklearn.preprocessing.imputation.Imputer,standardscaler=sklearn.preprocessing.data.StandardScaler),nominal=sklearn.pipeline.Pipeline(simpleimputer=sklearn.impute.SimpleImputer,onehotencoder=sklearn.preprocessing._encoders.OneHotEncoder)),variancethreshold=sklearn.feature_selection.variance_threshold.VarianceThreshold,gradientboostingclassifier=sklearn.ensemble.gradient_boosting.GradientBoostingClassifier)(1)","0.4372","memory:null,jobs:null,remainder:""passthrough"",threshold:0.3,weights:null,memory:null,axis:0,copy:true,values:""NaN"",strategy:""median"",verbose:0,copy:true,mean:true,std:true,memory:null,copy:true,value:-1,values:NaN,strategy:""constant"",verbose:0,features:null,categories:null,dtype:float64""},unknown:""ignore"",values:null,sparse:true,threshold:0.0,criterion:""mse"",init:null,rate:0832546927000644,loss:""deviance"",depth:1,features:29355296401822895,nodes:null,decrease:04279036485177656,split:null,leaf:7,split:20,leaf:09324906708688402,estimators:112,change:311,presort:""auto"",state:39289,subsample:13092265550763327,tol:9146409018341685e-05,fraction:2832317765028398,verbose:0,start:false"
"569608","weka.AttributeSelectedClassifier_NaiveBayes(1)","0.4341","E:CfsSubsetEval -P 1 -E 1,S:BestFirst -D 1 -N 5,W:NaiveBayes"
"9882066","sklearn.pipeline.Pipeline(columntransformer=sklearn.compose._column_transformer.ColumnTransformer(numeric=sklearn.pipeline.Pipeline(imputer=sklearn.preprocessing.imputation.Imputer,standardscaler=sklearn.preprocessing.data.StandardScaler),nominal=sklearn.pipeline.Pipeline(simpleimputer=sklearn.impute.SimpleImputer,onehotencoder=sklearn.preprocessing._encoders.OneHotEncoder)),variancethreshold=sklearn.feature_selection.variance_threshold.VarianceThreshold,gradientboostingclassifier=sklearn.ensemble.gradient_boosting.GradientBoostingClassifier)(1)","0.4333","memory:null,jobs:null,remainder:""passthrough"",threshold:0.3,weights:null,memory:null,axis:0,copy:true,values:""NaN"",strategy:""mean"",verbose:0,copy:true,mean:true,std:true,memory:null,copy:true,value:-1,values:NaN,strategy:""constant"",verbose:0,features:null,categories:null,dtype:float64""},unknown:""ignore"",values:null,sparse:true,threshold:0.0,criterion:""friedman_mse"",init:null,rate:2560491767214474,loss:""deviance"",depth:2,features:3213820506115962,nodes:null,decrease:9172228583929692,split:null,leaf:6,split:17,leaf:027130119861447644,estimators:174,change:52,presort:""auto"",state:42603,subsample:9417252519365923,tol:050497243274434334,fraction:9878205191059658,verbose:0,start:false"
"9909830","sklearn.pipeline.Pipeline(columntransformer=sklearn.compose._column_transformer.ColumnTransformer(numeric=sklearn.pipeline.Pipeline(imputer=sklearn.preprocessing.imputation.Imputer,standardscaler=sklearn.preprocessing.data.StandardScaler),nominal=sklearn.pipeline.Pipeline(simpleimputer=sklearn.impute.SimpleImputer,onehotencoder=sklearn.preprocessing._encoders.OneHotEncoder)),variancethreshold=sklearn.feature_selection.variance_threshold.VarianceThreshold,gradientboostingclassifier=sklearn.ensemble.gradient_boosting.GradientBoostingClassifier)(1)","0.4261","memory:null,jobs:null,remainder:""passthrough"",threshold:0.3,weights:null,memory:null,axis:0,copy:true,values:""NaN"",strategy:""median"",verbose:0,copy:true,mean:true,std:true,memory:null,copy:true,value:-1,values:NaN,strategy:""constant"",verbose:0,features:null,categories:null,dtype:float64""},unknown:""ignore"",values:null,sparse:true,threshold:0.0,criterion:""mae"",init:null,rate:022300066002842428,loss:""deviance"",depth:1,features:22684456099013095,nodes:null,decrease:05050244450996555,split:null,leaf:15,split:9,leaf:05554509767713006,estimators:278,change:835,presort:""auto"",state:26883,subsample:8616364407345856,tol:03389751449661867,fraction:014706592502894966,verbose:0,start:false"
"9873264","sklearn.pipeline.Pipeline(columntransformer=sklearn.compose._column_transformer.ColumnTransformer(numeric=sklearn.pipeline.Pipeline(imputer=sklearn.preprocessing.imputation.Imputer,standardscaler=sklearn.preprocessing.data.StandardScaler),nominal=sklearn.pipeline.Pipeline(simpleimputer=sklearn.impute.SimpleImputer,onehotencoder=sklearn.preprocessing._encoders.OneHotEncoder)),variancethreshold=sklearn.feature_selection.variance_threshold.VarianceThreshold,gradientboostingclassifier=sklearn.ensemble.gradient_boosting.GradientBoostingClassifier)(1)","0.4258","memory:null,jobs:null,remainder:""passthrough"",threshold:0.3,weights:null,memory:null,axis:0,copy:true,values:""NaN"",strategy:""median"",verbose:0,copy:true,mean:true,std:true,memory:null,copy:true,value:-1,values:NaN,strategy:""constant"",verbose:0,features:null,categories:null,dtype:float64""},unknown:""ignore"",values:null,sparse:true,threshold:0.0,criterion:""mae"",init:null,rate:011557494983480954,loss:""deviance"",depth:7,features:8423823856866416,nodes:null,decrease:059028874024451006,split:null,leaf:13,split:3,leaf:08773620168499169,estimators:474,change:190,presort:""auto"",state:53225,subsample:6430276369418538,tol:450120022275451e-05,fraction:6610119594383562,verbose:0,start:false"
"1672055","weka.Bagging_HoeffdingTree(3)","0.425","L:2,S:1,E:1.0E-7,H:0.05,M:0.01,G:200.0,N:0.0,P:100,S:1,num-slots:1,I:10,W:HoeffdingTree"
"568865","weka.HoeffdingTree(4)","0.4237","L:2,S:1,E:1.0E-7,H:0.05,M:0.01,G:200.0,N:0.0"
"1647776","weka.HoeffdingTree(4)","0.4237","L:2,S:1,E:1.0E-7,H:0.05,M:0.01,G:200.0,N:0.0"
"1619555","weka.HoeffdingTree(4)","0.4237","L:2,S:1,E:1.0E-7,H:0.05,M:0.01,G:200.0,N:0.0"
"9880124","sklearn.pipeline.Pipeline(columntransformer=sklearn.compose._column_transformer.ColumnTransformer(numeric=sklearn.pipeline.Pipeline(imputer=sklearn.preprocessing.imputation.Imputer,standardscaler=sklearn.preprocessing.data.StandardScaler),nominal=sklearn.pipeline.Pipeline(simpleimputer=sklearn.impute.SimpleImputer,onehotencoder=sklearn.preprocessing._encoders.OneHotEncoder)),variancethreshold=sklearn.feature_selection.variance_threshold.VarianceThreshold,gradientboostingclassifier=sklearn.ensemble.gradient_boosting.GradientBoostingClassifier)(1)","0.4193","memory:null,jobs:null,remainder:""passthrough"",threshold:0.3,weights:null,memory:null,axis:0,copy:true,values:""NaN"",strategy:""median"",verbose:0,copy:true,mean:true,std:true,memory:null,copy:true,value:-1,values:NaN,strategy:""constant"",verbose:0,features:null,categories:null,dtype:float64""},unknown:""ignore"",values:null,sparse:true,threshold:0.0,criterion:""friedman_mse"",init:null,rate:539212691208995,loss:""deviance"",depth:6,features:8098121773308804,nodes:null,decrease:31177304612248735,split:null,leaf:5,split:6,leaf:04838431806924315,estimators:431,change:57,presort:""auto"",state:6251,subsample:8497691268653847,tol:007504833931584539,fraction:2377690086580999,verbose:0,start:false"
"1672493","weka.Bagging_NaiveBayes(9)","0.4179","P:100,S:1,num-slots:1,I:10,W:NaiveBayes"
"569070","weka.NaiveBayes(13)","0.4174",""
"1639960","weka.NaiveBayes(13)","0.4174",""
"1574061","weka.NaiveBayes(13)","0.4174",""
"1663972","weka.NaiveBayesUpdateable(10)","0.4174",""
"573135","classif.naiveBayes(9)","0.4172","openml.seed:1,openml.kind:Mersenne-Twister,openml.normal.kind:Inversion"
"571988","classif.naiveBayes(9)","0.4172","openml.seed:1,openml.kind:Mersenne-Twister,openml.normal.kind:Inversion"
"9905585","sklearn.pipeline.Pipeline(columntransformer=sklearn.compose._column_transformer.ColumnTransformer(numeric=sklearn.pipeline.Pipeline(imputer=sklearn.preprocessing.imputation.Imputer,standardscaler=sklearn.preprocessing.data.StandardScaler),nominal=sklearn.pipeline.Pipeline(simpleimputer=sklearn.impute.SimpleImputer,onehotencoder=sklearn.preprocessing._encoders.OneHotEncoder)),variancethreshold=sklearn.feature_selection.variance_threshold.VarianceThreshold,gradientboostingclassifier=sklearn.ensemble.gradient_boosting.GradientBoostingClassifier)(1)","0.4162","memory:null,jobs:null,remainder:""passthrough"",threshold:0.3,weights:null,memory:null,axis:0,copy:true,values:""NaN"",strategy:""median"",verbose:0,copy:true,mean:true,std:true,memory:null,copy:true,value:-1,values:NaN,strategy:""constant"",verbose:0,features:null,categories:null,dtype:float64""},unknown:""ignore"",values:null,sparse:true,threshold:0.0,criterion:""mae"",init:null,rate:2955234713100637,loss:""deviance"",depth:1,features:14282222694956204,nodes:null,decrease:06431419979805464,split:null,leaf:2,split:8,leaf:2217457871236368,estimators:70,change:325,presort:""auto"",state:20545,subsample:6896769056462452,tol:06786979067078341,fraction:8386607838581465,verbose:0,start:false"
"1643639","weka.OneR(18)","0.4142","B:6"
"1609086","weka.OneR(18)","0.4142","B:6"
"1665285","weka.SMO_RBFKernel(4)","0.4035","C:1.0,N:0,L:0.001,P:1.0E-12,V:-1,W:1,K:RBFKernel,G:0.01,C:250007"
"1669326","weka.Bagging_HyperPipes(1)","0.3629","P:100,S:1,num-slots:1,I:10,W:HyperPipes"
"1665401","weka.HyperPipes(2)","0.3106",""
"9413765","sklearn.pipeline.Pipeline(columntransformer=sklearn.compose._column_transformer.ColumnTransformer(numeric=sklearn.pipeline.Pipeline(missingindicator=sklearn.impute.MissingIndicator,imputer=sklearn.preprocessing.imputation.Imputer,standardscaler=sklearn.preprocessing.data.StandardScaler),nominal=sklearn.pipeline.Pipeline(simpleimputer=sklearn.impute.SimpleImputer,onehotencoder=sklearn.preprocessing._encoders.OneHotEncoder)),decisiontreeclassifier=sklearn.tree.tree.DecisionTreeClassifier)(1)","0.2988","memory:null,jobs:null,remainder:""passthrough"",threshold:0.3,weights:null,memory:null,new:false,features:""missing-only"",values:NaN,sparse:""auto"",axis:0,copy:true,values:""NaN"",strategy:""mean"",verbose:0,copy:true,mean:true,std:true,memory:null,copy:true,value:-1,values:NaN,strategy:""constant"",verbose:0,features:null,categories:null,dtype:float64""},unknown:""ignore"",values:null,sparse:true,weight:null,criterion:""entropy"",depth:9281400179663057,features:1.0,nodes:null,decrease:0.0,split:null,leaf:13,split:10,leaf:0.0,presort:false,state:39715,splitter:""best"""
"9367901","sklearn.pipeline.Pipeline(columntransformer=sklearn.compose._column_transformer.ColumnTransformer(numeric=sklearn.pipeline.Pipeline(missingindicator=sklearn.impute.MissingIndicator,imputer=sklearn.preprocessing.imputation.Imputer,standardscaler=sklearn.preprocessing.data.StandardScaler),nominal=sklearn.pipeline.Pipeline(simpleimputer=sklearn.impute.SimpleImputer,onehotencoder=sklearn.preprocessing._encoders.OneHotEncoder)),decisiontreeclassifier=sklearn.tree.tree.DecisionTreeClassifier)(1)","0.2988","memory:null,jobs:null,remainder:""passthrough"",threshold:0.3,weights:null,memory:null,new:false,features:""missing-only"",values:NaN,sparse:""auto"",axis:0,copy:true,values:""NaN"",strategy:""median"",verbose:0,copy:true,mean:true,std:true,memory:null,copy:true,value:-1,values:NaN,strategy:""constant"",verbose:0,features:null,categories:null,dtype:float64""},unknown:""ignore"",values:null,sparse:true,weight:null,criterion:""entropy"",depth:7865148254815386,features:1.0,nodes:null,decrease:0.0,split:null,leaf:17,split:19,leaf:0.0,presort:false,state:18194,splitter:""best"""
"9376577","sklearn.pipeline.Pipeline(columntransformer=sklearn.compose._column_transformer.ColumnTransformer(numeric=sklearn.pipeline.Pipeline(missingindicator=sklearn.impute.MissingIndicator,imputer=sklearn.preprocessing.imputation.Imputer,standardscaler=sklearn.preprocessing.data.StandardScaler),nominal=sklearn.pipeline.Pipeline(simpleimputer=sklearn.impute.SimpleImputer,onehotencoder=sklearn.preprocessing._encoders.OneHotEncoder)),decisiontreeclassifier=sklearn.tree.tree.DecisionTreeClassifier)(1)","0.2988","memory:null,jobs:null,remainder:""passthrough"",threshold:0.3,weights:null,memory:null,new:false,features:""missing-only"",values:NaN,sparse:""auto"",axis:0,copy:true,values:""NaN"",strategy:""mean"",verbose:0,copy:true,mean:true,std:true,memory:null,copy:true,value:-1,values:NaN,strategy:""constant"",verbose:0,features:null,categories:null,dtype:float64""},unknown:""ignore"",values:null,sparse:true,weight:null,criterion:""gini"",depth:6598937306452055,features:1.0,nodes:null,decrease:0.0,split:null,leaf:18,split:7,leaf:0.0,presort:false,state:47495,splitter:""best"""
"9509920","sklearn.pipeline.Pipeline(columntransformer=sklearn.compose._column_transformer.ColumnTransformer(numeric=sklearn.pipeline.Pipeline(missingindicator=sklearn.impute.MissingIndicator,imputer=sklearn.preprocessing.imputation.Imputer,standardscaler=sklearn.preprocessing.data.StandardScaler),nominal=sklearn.pipeline.Pipeline(simpleimputer=sklearn.impute.SimpleImputer,onehotencoder=sklearn.preprocessing._encoders.OneHotEncoder)),decisiontreeclassifier=sklearn.tree.tree.DecisionTreeClassifier)(1)","0.2988","memory:null,jobs:null,remainder:""passthrough"",threshold:0.3,weights:null,memory:null,new:false,features:""missing-only"",values:NaN,sparse:""auto"",axis:0,copy:true,values:""NaN"",strategy:""most_frequent"",verbose:0,copy:true,mean:true,std:true,memory:null,copy:true,value:-1,values:NaN,strategy:""constant"",verbose:0,features:null,categories:null,dtype:float64""},unknown:""ignore"",values:null,sparse:true,weight:null,criterion:""entropy"",depth:33841454923229697,features:1.0,nodes:null,decrease:0.0,split:null,leaf:19,split:16,leaf:0.0,presort:false,state:13817,splitter:""best"""
"9349568","sklearn.pipeline.Pipeline(columntransformer=sklearn.compose._column_transformer.ColumnTransformer(numeric=sklearn.pipeline.Pipeline(missingindicator=sklearn.impute.MissingIndicator,imputer=sklearn.preprocessing.imputation.Imputer,standardscaler=sklearn.preprocessing.data.StandardScaler),nominal=sklearn.pipeline.Pipeline(simpleimputer=sklearn.impute.SimpleImputer,onehotencoder=sklearn.preprocessing._encoders.OneHotEncoder)),decisiontreeclassifier=sklearn.tree.tree.DecisionTreeClassifier)(1)","0.2988","memory:null,jobs:null,remainder:""passthrough"",threshold:0.3,weights:null,memory:null,new:false,features:""missing-only"",values:NaN,sparse:""auto"",axis:0,copy:true,values:""NaN"",strategy:""mean"",verbose:0,copy:true,mean:true,std:true,memory:null,copy:true,value:-1,values:NaN,strategy:""constant"",verbose:0,features:null,categories:null,dtype:float64""},unknown:""ignore"",values:null,sparse:true,weight:null,criterion:""entropy"",depth:3565677759639396,features:1.0,nodes:null,decrease:0.0,split:null,leaf:7,split:5,leaf:0.0,presort:false,state:3469,splitter:""best"""
"9343660","sklearn.pipeline.Pipeline(columntransformer=sklearn.compose._column_transformer.ColumnTransformer(numeric=sklearn.pipeline.Pipeline(missingindicator=sklearn.impute.MissingIndicator,imputer=sklearn.preprocessing.imputation.Imputer,standardscaler=sklearn.preprocessing.data.StandardScaler),nominal=sklearn.pipeline.Pipeline(simpleimputer=sklearn.impute.SimpleImputer,onehotencoder=sklearn.preprocessing._encoders.OneHotEncoder)),decisiontreeclassifier=sklearn.tree.tree.DecisionTreeClassifier)(1)","0.2988","memory:null,jobs:null,remainder:""passthrough"",threshold:0.3,weights:null,memory:null,new:false,features:""missing-only"",values:NaN,sparse:""auto"",axis:0,copy:true,values:""NaN"",strategy:""most_frequent"",verbose:0,copy:true,mean:true,std:true,memory:null,copy:true,value:-1,values:NaN,strategy:""constant"",verbose:0,features:null,categories:null,dtype:float64""},unknown:""ignore"",values:null,sparse:true,weight:null,criterion:""entropy"",depth:6228248845666202,features:1.0,nodes:null,decrease:0.0,split:null,leaf:20,split:12,leaf:0.0,presort:false,state:64710,splitter:""best"""
"9517768","sklearn.pipeline.Pipeline(columntransformer=sklearn.compose._column_transformer.ColumnTransformer(numeric=sklearn.pipeline.Pipeline(missingindicator=sklearn.impute.MissingIndicator,imputer=sklearn.preprocessing.imputation.Imputer,standardscaler=sklearn.preprocessing.data.StandardScaler),nominal=sklearn.pipeline.Pipeline(simpleimputer=sklearn.impute.SimpleImputer,onehotencoder=sklearn.preprocessing._encoders.OneHotEncoder)),decisiontreeclassifier=sklearn.tree.tree.DecisionTreeClassifier)(1)","0.2988","memory:null,jobs:null,remainder:""passthrough"",threshold:0.3,weights:null,memory:null,new:false,features:""missing-only"",values:NaN,sparse:""auto"",axis:0,copy:true,values:""NaN"",strategy:""mean"",verbose:0,copy:true,mean:true,std:true,memory:null,copy:true,value:-1,values:NaN,strategy:""constant"",verbose:0,features:null,categories:null,dtype:float64""},unknown:""ignore"",values:null,sparse:true,weight:null,criterion:""gini"",depth:4572200504331212,features:1.0,nodes:null,decrease:0.0,split:null,leaf:12,split:3,leaf:0.0,presort:false,state:30439,splitter:""best"""
"9359692","sklearn.pipeline.Pipeline(columntransformer=sklearn.compose._column_transformer.ColumnTransformer(numeric=sklearn.pipeline.Pipeline(missingindicator=sklearn.impute.MissingIndicator,imputer=sklearn.preprocessing.imputation.Imputer,standardscaler=sklearn.preprocessing.data.StandardScaler),nominal=sklearn.pipeline.Pipeline(simpleimputer=sklearn.impute.SimpleImputer,onehotencoder=sklearn.preprocessing._encoders.OneHotEncoder)),decisiontreeclassifier=sklearn.tree.tree.DecisionTreeClassifier)(1)","0.2988","memory:null,jobs:null,remainder:""passthrough"",threshold:0.3,weights:null,memory:null,new:false,features:""missing-only"",values:NaN,sparse:""auto"",axis:0,copy:true,values:""NaN"",strategy:""median"",verbose:0,copy:true,mean:true,std:true,memory:null,copy:true,value:-1,values:NaN,strategy:""constant"",verbose:0,features:null,categories:null,dtype:float64""},unknown:""ignore"",values:null,sparse:true,weight:null,criterion:""entropy"",depth:27482500195380277,features:1.0,nodes:null,decrease:0.0,split:null,leaf:13,split:4,leaf:0.0,presort:false,state:63420,splitter:""best"""
"9309159","sklearn.pipeline.Pipeline(columntransformer=sklearn.compose._column_transformer.ColumnTransformer(numeric=sklearn.pipeline.Pipeline(missingindicator=sklearn.impute.MissingIndicator,imputer=sklearn.preprocessing.imputation.Imputer,standardscaler=sklearn.preprocessing.data.StandardScaler),nominal=sklearn.pipeline.Pipeline(simpleimputer=sklearn.impute.SimpleImputer,onehotencoder=sklearn.preprocessing._encoders.OneHotEncoder)),decisiontreeclassifier=sklearn.tree.tree.DecisionTreeClassifier)(1)","0.2988","memory:null,jobs:null,remainder:""passthrough"",threshold:0.3,weights:null,memory:null,new:false,features:""missing-only"",values:NaN,sparse:""auto"",axis:0,copy:true,values:""NaN"",strategy:""median"",verbose:0,copy:true,mean:true,std:true,memory:null,copy:true,value:-1,values:NaN,strategy:""constant"",verbose:0,features:null,categories:null,dtype:float64""},unknown:""ignore"",values:null,sparse:true,weight:null,criterion:""entropy"",depth:0425019812657303,features:1.0,nodes:null,decrease:0.0,split:null,leaf:4,split:3,leaf:0.0,presort:false,state:46176,splitter:""best"""
"9429679","sklearn.pipeline.Pipeline(columntransformer=sklearn.compose._column_transformer.ColumnTransformer(numeric=sklearn.pipeline.Pipeline(missingindicator=sklearn.impute.MissingIndicator,imputer=sklearn.preprocessing.imputation.Imputer,standardscaler=sklearn.preprocessing.data.StandardScaler),nominal=sklearn.pipeline.Pipeline(simpleimputer=sklearn.impute.SimpleImputer,onehotencoder=sklearn.preprocessing._encoders.OneHotEncoder)),decisiontreeclassifier=sklearn.tree.tree.DecisionTreeClassifier)(1)","0.2988","memory:null,jobs:null,remainder:""passthrough"",threshold:0.3,weights:null,memory:null,new:false,features:""missing-only"",values:NaN,sparse:""auto"",axis:0,copy:true,values:""NaN"",strategy:""most_frequent"",verbose:0,copy:true,mean:true,std:true,memory:null,copy:true,value:-1,values:NaN,strategy:""constant"",verbose:0,features:null,categories:null,dtype:float64""},unknown:""ignore"",values:null,sparse:true,weight:null,criterion:""entropy"",depth:9875019631569701,features:1.0,nodes:null,decrease:0.0,split:null,leaf:8,split:13,leaf:0.0,presort:false,state:24763,splitter:""best"""
"9274545","sklearn.pipeline.Pipeline(columntransformer=sklearn.compose._column_transformer.ColumnTransformer(numeric=sklearn.pipeline.Pipeline(missingindicator=sklearn.impute.MissingIndicator,imputer=sklearn.preprocessing.imputation.Imputer,standardscaler=sklearn.preprocessing.data.StandardScaler),nominal=sklearn.pipeline.Pipeline(simpleimputer=sklearn.impute.SimpleImputer,onehotencoder=sklearn.preprocessing._encoders.OneHotEncoder)),decisiontreeclassifier=sklearn.tree.tree.DecisionTreeClassifier)(1)","0.2988","memory:null,jobs:null,remainder:""passthrough"",threshold:0.3,weights:null,memory:null,new:false,features:""missing-only"",values:NaN,sparse:""auto"",axis:0,copy:true,values:""NaN"",strategy:""most_frequent"",verbose:0,copy:true,mean:true,std:true,memory:null,copy:true,value:-1,values:NaN,strategy:""constant"",verbose:0,features:null,categories:null,dtype:float64""},unknown:""ignore"",values:null,sparse:true,weight:null,criterion:""gini"",depth:538507524715963,features:1.0,nodes:null,decrease:0.0,split:null,leaf:2,split:19,leaf:0.0,presort:false,state:34976,splitter:""best"""
"9287212","sklearn.pipeline.Pipeline(columntransformer=sklearn.compose._column_transformer.ColumnTransformer(numeric=sklearn.pipeline.Pipeline(missingindicator=sklearn.impute.MissingIndicator,imputer=sklearn.preprocessing.imputation.Imputer,standardscaler=sklearn.preprocessing.data.StandardScaler),nominal=sklearn.pipeline.Pipeline(simpleimputer=sklearn.impute.SimpleImputer,onehotencoder=sklearn.preprocessing._encoders.OneHotEncoder)),decisiontreeclassifier=sklearn.tree.tree.DecisionTreeClassifier)(1)","0.2988","memory:null,jobs:null,remainder:""passthrough"",threshold:0.3,weights:null,memory:null,new:false,features:""missing-only"",values:NaN,sparse:""auto"",axis:0,copy:true,values:""NaN"",strategy:""mean"",verbose:0,copy:true,mean:true,std:true,memory:null,copy:true,value:-1,values:NaN,strategy:""constant"",verbose:0,features:null,categories:null,dtype:float64""},unknown:""ignore"",values:null,sparse:true,weight:null,criterion:""entropy"",depth:3286055366634879,features:1.0,nodes:null,decrease:0.0,split:null,leaf:2,split:8,leaf:0.0,presort:false,state:61116,splitter:""best"""
"9542668","sklearn.pipeline.Pipeline(columntransformer=sklearn.compose._column_transformer.ColumnTransformer(numeric=sklearn.pipeline.Pipeline(missingindicator=sklearn.impute.MissingIndicator,imputer=sklearn.preprocessing.imputation.Imputer,standardscaler=sklearn.preprocessing.data.StandardScaler),nominal=sklearn.pipeline.Pipeline(simpleimputer=sklearn.impute.SimpleImputer,onehotencoder=sklearn.preprocessing._encoders.OneHotEncoder)),decisiontreeclassifier=sklearn.tree.tree.DecisionTreeClassifier)(1)","0.2988","memory:null,jobs:null,remainder:""passthrough"",threshold:0.3,weights:null,memory:null,new:false,features:""missing-only"",values:NaN,sparse:""auto"",axis:0,copy:true,values:""NaN"",strategy:""median"",verbose:0,copy:true,mean:true,std:true,memory:null,copy:true,value:-1,values:NaN,strategy:""constant"",verbose:0,features:null,categories:null,dtype:float64""},unknown:""ignore"",values:null,sparse:true,weight:null,criterion:""gini"",depth:7087458888711529,features:1.0,nodes:null,decrease:0.0,split:null,leaf:18,split:8,leaf:0.0,presort:false,state:9235,splitter:""best"""
"9394600","sklearn.pipeline.Pipeline(columntransformer=sklearn.compose._column_transformer.ColumnTransformer(numeric=sklearn.pipeline.Pipeline(missingindicator=sklearn.impute.MissingIndicator,imputer=sklearn.preprocessing.imputation.Imputer,standardscaler=sklearn.preprocessing.data.StandardScaler),nominal=sklearn.pipeline.Pipeline(simpleimputer=sklearn.impute.SimpleImputer,onehotencoder=sklearn.preprocessing._encoders.OneHotEncoder)),decisiontreeclassifier=sklearn.tree.tree.DecisionTreeClassifier)(1)","0.2988","memory:null,jobs:null,remainder:""passthrough"",threshold:0.3,weights:null,memory:null,new:false,features:""missing-only"",values:NaN,sparse:""auto"",axis:0,copy:true,values:""NaN"",strategy:""median"",verbose:0,copy:true,mean:true,std:true,memory:null,copy:true,value:-1,values:NaN,strategy:""constant"",verbose:0,features:null,categories:null,dtype:float64""},unknown:""ignore"",values:null,sparse:true,weight:null,criterion:""entropy"",depth:2455642012336905,features:1.0,nodes:null,decrease:0.0,split:null,leaf:10,split:6,leaf:0.0,presort:false,state:15833,splitter:""best"""
"9540231","sklearn.pipeline.Pipeline(columntransformer=sklearn.compose._column_transformer.ColumnTransformer(numeric=sklearn.pipeline.Pipeline(missingindicator=sklearn.impute.MissingIndicator,imputer=sklearn.preprocessing.imputation.Imputer,standardscaler=sklearn.preprocessing.data.StandardScaler),nominal=sklearn.pipeline.Pipeline(simpleimputer=sklearn.impute.SimpleImputer,onehotencoder=sklearn.preprocessing._encoders.OneHotEncoder)),decisiontreeclassifier=sklearn.tree.tree.DecisionTreeClassifier)(1)","0.2988","memory:null,jobs:null,remainder:""passthrough"",threshold:0.3,weights:null,memory:null,new:false,features:""missing-only"",values:NaN,sparse:""auto"",axis:0,copy:true,values:""NaN"",strategy:""most_frequent"",verbose:0,copy:true,mean:true,std:true,memory:null,copy:true,value:-1,values:NaN,strategy:""constant"",verbose:0,features:null,categories:null,dtype:float64""},unknown:""ignore"",values:null,sparse:true,weight:null,criterion:""gini"",depth:2122783048992605,features:1.0,nodes:null,decrease:0.0,split:null,leaf:13,split:2,leaf:0.0,presort:false,state:6473,splitter:""best"""
"9368514","sklearn.pipeline.Pipeline(columntransformer=sklearn.compose._column_transformer.ColumnTransformer(numeric=sklearn.pipeline.Pipeline(missingindicator=sklearn.impute.MissingIndicator,imputer=sklearn.preprocessing.imputation.Imputer,standardscaler=sklearn.preprocessing.data.StandardScaler),nominal=sklearn.pipeline.Pipeline(simpleimputer=sklearn.impute.SimpleImputer,onehotencoder=sklearn.preprocessing._encoders.OneHotEncoder)),decisiontreeclassifier=sklearn.tree.tree.DecisionTreeClassifier)(1)","0.2988","memory:null,jobs:null,remainder:""passthrough"",threshold:0.3,weights:null,memory:null,new:false,features:""missing-only"",values:NaN,sparse:""auto"",axis:0,copy:true,values:""NaN"",strategy:""most_frequent"",verbose:0,copy:true,mean:true,std:true,memory:null,copy:true,value:-1,values:NaN,strategy:""constant"",verbose:0,features:null,categories:null,dtype:float64""},unknown:""ignore"",values:null,sparse:true,weight:null,criterion:""entropy"",depth:620695581600127,features:1.0,nodes:null,decrease:0.0,split:null,leaf:13,split:15,leaf:0.0,presort:false,state:23225,splitter:""best"""
"9360790","sklearn.pipeline.Pipeline(columntransformer=sklearn.compose._column_transformer.ColumnTransformer(numeric=sklearn.pipeline.Pipeline(missingindicator=sklearn.impute.MissingIndicator,imputer=sklearn.preprocessing.imputation.Imputer,standardscaler=sklearn.preprocessing.data.StandardScaler),nominal=sklearn.pipeline.Pipeline(simpleimputer=sklearn.impute.SimpleImputer,onehotencoder=sklearn.preprocessing._encoders.OneHotEncoder)),decisiontreeclassifier=sklearn.tree.tree.DecisionTreeClassifier)(1)","0.2988","memory:null,jobs:null,remainder:""passthrough"",threshold:0.3,weights:null,memory:null,new:false,features:""missing-only"",values:NaN,sparse:""auto"",axis:0,copy:true,values:""NaN"",strategy:""median"",verbose:0,copy:true,mean:true,std:true,memory:null,copy:true,value:-1,values:NaN,strategy:""constant"",verbose:0,features:null,categories:null,dtype:float64""},unknown:""ignore"",values:null,sparse:true,weight:null,criterion:""gini"",depth:0417270026268306,features:1.0,nodes:null,decrease:0.0,split:null,leaf:17,split:9,leaf:0.0,presort:false,state:2588,splitter:""best"""
"9377391","sklearn.pipeline.Pipeline(columntransformer=sklearn.compose._column_transformer.ColumnTransformer(numeric=sklearn.pipeline.Pipeline(missingindicator=sklearn.impute.MissingIndicator,imputer=sklearn.preprocessing.imputation.Imputer,standardscaler=sklearn.preprocessing.data.StandardScaler),nominal=sklearn.pipeline.Pipeline(simpleimputer=sklearn.impute.SimpleImputer,onehotencoder=sklearn.preprocessing._encoders.OneHotEncoder)),decisiontreeclassifier=sklearn.tree.tree.DecisionTreeClassifier)(1)","0.2988","memory:null,jobs:null,remainder:""passthrough"",threshold:0.3,weights:null,memory:null,new:false,features:""missing-only"",values:NaN,sparse:""auto"",axis:0,copy:true,values:""NaN"",strategy:""most_frequent"",verbose:0,copy:true,mean:true,std:true,memory:null,copy:true,value:-1,values:NaN,strategy:""constant"",verbose:0,features:null,categories:null,dtype:float64""},unknown:""ignore"",values:null,sparse:true,weight:null,criterion:""gini"",depth:18351060127985397,features:1.0,nodes:null,decrease:0.0,split:null,leaf:12,split:19,leaf:0.0,presort:false,state:52410,splitter:""best"""
"9515735","sklearn.pipeline.Pipeline(columntransformer=sklearn.compose._column_transformer.ColumnTransformer(numeric=sklearn.pipeline.Pipeline(missingindicator=sklearn.impute.MissingIndicator,imputer=sklearn.preprocessing.imputation.Imputer,standardscaler=sklearn.preprocessing.data.StandardScaler),nominal=sklearn.pipeline.Pipeline(simpleimputer=sklearn.impute.SimpleImputer,onehotencoder=sklearn.preprocessing._encoders.OneHotEncoder)),decisiontreeclassifier=sklearn.tree.tree.DecisionTreeClassifier)(1)","0.2988","memory:null,jobs:null,remainder:""passthrough"",threshold:0.3,weights:null,memory:null,new:false,features:""missing-only"",values:NaN,sparse:""auto"",axis:0,copy:true,values:""NaN"",strategy:""most_frequent"",verbose:0,copy:true,mean:true,std:true,memory:null,copy:true,value:-1,values:NaN,strategy:""constant"",verbose:0,features:null,categories:null,dtype:float64""},unknown:""ignore"",values:null,sparse:true,weight:null,criterion:""gini"",depth:850144607141219,features:1.0,nodes:null,decrease:0.0,split:null,leaf:11,split:5,leaf:0.0,presort:false,state:58674,splitter:""best"""
"9515419","sklearn.pipeline.Pipeline(columntransformer=sklearn.compose._column_transformer.ColumnTransformer(numeric=sklearn.pipeline.Pipeline(missingindicator=sklearn.impute.MissingIndicator,imputer=sklearn.preprocessing.imputation.Imputer,standardscaler=sklearn.preprocessing.data.StandardScaler),nominal=sklearn.pipeline.Pipeline(simpleimputer=sklearn.impute.SimpleImputer,onehotencoder=sklearn.preprocessing._encoders.OneHotEncoder)),decisiontreeclassifier=sklearn.tree.tree.DecisionTreeClassifier)(1)","0.2988","memory:null,jobs:null,remainder:""passthrough"",threshold:0.3,weights:null,memory:null,new:false,features:""missing-only"",values:NaN,sparse:""auto"",axis:0,copy:true,values:""NaN"",strategy:""most_frequent"",verbose:0,copy:true,mean:true,std:true,memory:null,copy:true,value:-1,values:NaN,strategy:""constant"",verbose:0,features:null,categories:null,dtype:float64""},unknown:""ignore"",values:null,sparse:true,weight:null,criterion:""entropy"",depth:7273218244339745,features:1.0,nodes:null,decrease:0.0,split:null,leaf:10,split:7,leaf:0.0,presort:false,state:36142,splitter:""best"""
"9456307","sklearn.pipeline.Pipeline(columntransformer=sklearn.compose._column_transformer.ColumnTransformer(numeric=sklearn.pipeline.Pipeline(missingindicator=sklearn.impute.MissingIndicator,imputer=sklearn.preprocessing.imputation.Imputer,standardscaler=sklearn.preprocessing.data.StandardScaler),nominal=sklearn.pipeline.Pipeline(simpleimputer=sklearn.impute.SimpleImputer,onehotencoder=sklearn.preprocessing._encoders.OneHotEncoder)),decisiontreeclassifier=sklearn.tree.tree.DecisionTreeClassifier)(1)","0.2988","memory:null,jobs:null,remainder:""passthrough"",threshold:0.3,weights:null,memory:null,new:false,features:""missing-only"",values:NaN,sparse:""auto"",axis:0,copy:true,values:""NaN"",strategy:""median"",verbose:0,copy:true,mean:true,std:true,memory:null,copy:true,value:-1,values:NaN,strategy:""constant"",verbose:0,features:null,categories:null,dtype:float64""},unknown:""ignore"",values:null,sparse:true,weight:null,criterion:""gini"",depth:772696182735809,features:1.0,nodes:null,decrease:0.0,split:null,leaf:18,split:2,leaf:0.0,presort:false,state:46837,splitter:""best"""
"9432490","sklearn.pipeline.Pipeline(columntransformer=sklearn.compose._column_transformer.ColumnTransformer(numeric=sklearn.pipeline.Pipeline(missingindicator=sklearn.impute.MissingIndicator,imputer=sklearn.preprocessing.imputation.Imputer,standardscaler=sklearn.preprocessing.data.StandardScaler),nominal=sklearn.pipeline.Pipeline(simpleimputer=sklearn.impute.SimpleImputer,onehotencoder=sklearn.preprocessing._encoders.OneHotEncoder)),decisiontreeclassifier=sklearn.tree.tree.DecisionTreeClassifier)(1)","0.2988","memory:null,jobs:null,remainder:""passthrough"",threshold:0.3,weights:null,memory:null,new:false,features:""missing-only"",values:NaN,sparse:""auto"",axis:0,copy:true,values:""NaN"",strategy:""most_frequent"",verbose:0,copy:true,mean:true,std:true,memory:null,copy:true,value:-1,values:NaN,strategy:""constant"",verbose:0,features:null,categories:null,dtype:float64""},unknown:""ignore"",values:null,sparse:true,weight:null,criterion:""entropy"",depth:4463187177861794,features:1.0,nodes:null,decrease:0.0,split:null,leaf:1,split:14,leaf:0.0,presort:false,state:56491,splitter:""best"""
"9484398","sklearn.pipeline.Pipeline(columntransformer=sklearn.compose._column_transformer.ColumnTransformer(numeric=sklearn.pipeline.Pipeline(missingindicator=sklearn.impute.MissingIndicator,imputer=sklearn.preprocessing.imputation.Imputer,standardscaler=sklearn.preprocessing.data.StandardScaler),nominal=sklearn.pipeline.Pipeline(simpleimputer=sklearn.impute.SimpleImputer,onehotencoder=sklearn.preprocessing._encoders.OneHotEncoder)),decisiontreeclassifier=sklearn.tree.tree.DecisionTreeClassifier)(1)","0.2988","memory:null,jobs:null,remainder:""passthrough"",threshold:0.3,weights:null,memory:null,new:false,features:""missing-only"",values:NaN,sparse:""auto"",axis:0,copy:true,values:""NaN"",strategy:""most_frequent"",verbose:0,copy:true,mean:true,std:true,memory:null,copy:true,value:-1,values:NaN,strategy:""constant"",verbose:0,features:null,categories:null,dtype:float64""},unknown:""ignore"",values:null,sparse:true,weight:null,criterion:""entropy"",depth:048342676054197,features:1.0,nodes:null,decrease:0.0,split:null,leaf:10,split:3,leaf:0.0,presort:false,state:51884,splitter:""best"""
"9344529","sklearn.pipeline.Pipeline(columntransformer=sklearn.compose._column_transformer.ColumnTransformer(numeric=sklearn.pipeline.Pipeline(missingindicator=sklearn.impute.MissingIndicator,imputer=sklearn.preprocessing.imputation.Imputer,standardscaler=sklearn.preprocessing.data.StandardScaler),nominal=sklearn.pipeline.Pipeline(simpleimputer=sklearn.impute.SimpleImputer,onehotencoder=sklearn.preprocessing._encoders.OneHotEncoder)),decisiontreeclassifier=sklearn.tree.tree.DecisionTreeClassifier)(1)","0.2988","memory:null,jobs:null,remainder:""passthrough"",threshold:0.3,weights:null,memory:null,new:false,features:""missing-only"",values:NaN,sparse:""auto"",axis:0,copy:true,values:""NaN"",strategy:""mean"",verbose:0,copy:true,mean:true,std:true,memory:null,copy:true,value:-1,values:NaN,strategy:""constant"",verbose:0,features:null,categories:null,dtype:float64""},unknown:""ignore"",values:null,sparse:true,weight:null,criterion:""gini"",depth:6148666587758334,features:1.0,nodes:null,decrease:0.0,split:null,leaf:8,split:13,leaf:0.0,presort:false,state:29369,splitter:""best"""
"9389501","sklearn.pipeline.Pipeline(columntransformer=sklearn.compose._column_transformer.ColumnTransformer(numeric=sklearn.pipeline.Pipeline(missingindicator=sklearn.impute.MissingIndicator,imputer=sklearn.preprocessing.imputation.Imputer,standardscaler=sklearn.preprocessing.data.StandardScaler),nominal=sklearn.pipeline.Pipeline(simpleimputer=sklearn.impute.SimpleImputer,onehotencoder=sklearn.preprocessing._encoders.OneHotEncoder)),decisiontreeclassifier=sklearn.tree.tree.DecisionTreeClassifier)(1)","0.2988","memory:null,jobs:null,remainder:""passthrough"",threshold:0.3,weights:null,memory:null,new:false,features:""missing-only"",values:NaN,sparse:""auto"",axis:0,copy:true,values:""NaN"",strategy:""mean"",verbose:0,copy:true,mean:true,std:true,memory:null,copy:true,value:-1,values:NaN,strategy:""constant"",verbose:0,features:null,categories:null,dtype:float64""},unknown:""ignore"",values:null,sparse:true,weight:null,criterion:""gini"",depth:140639766813979,features:1.0,nodes:null,decrease:0.0,split:null,leaf:16,split:10,leaf:0.0,presort:false,state:44465,splitter:""best"""
"9314768","sklearn.pipeline.Pipeline(columntransformer=sklearn.compose._column_transformer.ColumnTransformer(numeric=sklearn.pipeline.Pipeline(missingindicator=sklearn.impute.MissingIndicator,imputer=sklearn.preprocessing.imputation.Imputer,standardscaler=sklearn.preprocessing.data.StandardScaler),nominal=sklearn.pipeline.Pipeline(simpleimputer=sklearn.impute.SimpleImputer,onehotencoder=sklearn.preprocessing._encoders.OneHotEncoder)),decisiontreeclassifier=sklearn.tree.tree.DecisionTreeClassifier)(1)","0.2988","memory:null,jobs:null,remainder:""passthrough"",threshold:0.3,weights:null,memory:null,new:false,features:""missing-only"",values:NaN,sparse:""auto"",axis:0,copy:true,values:""NaN"",strategy:""median"",verbose:0,copy:true,mean:true,std:true,memory:null,copy:true,value:-1,values:NaN,strategy:""constant"",verbose:0,features:null,categories:null,dtype:float64""},unknown:""ignore"",values:null,sparse:true,weight:null,criterion:""gini"",depth:005087979038377322,features:1.0,nodes:null,decrease:0.0,split:null,leaf:2,split:20,leaf:0.0,presort:false,state:61232,splitter:""best"""
"9545482","sklearn.pipeline.Pipeline(columntransformer=sklearn.compose._column_transformer.ColumnTransformer(numeric=sklearn.pipeline.Pipeline(missingindicator=sklearn.impute.MissingIndicator,imputer=sklearn.preprocessing.imputation.Imputer,standardscaler=sklearn.preprocessing.data.StandardScaler),nominal=sklearn.pipeline.Pipeline(simpleimputer=sklearn.impute.SimpleImputer,onehotencoder=sklearn.preprocessing._encoders.OneHotEncoder)),decisiontreeclassifier=sklearn.tree.tree.DecisionTreeClassifier)(1)","0.2988","memory:null,jobs:null,remainder:""passthrough"",threshold:0.3,weights:null,memory:null,new:false,features:""missing-only"",values:NaN,sparse:""auto"",axis:0,copy:true,values:""NaN"",strategy:""median"",verbose:0,copy:true,mean:true,std:true,memory:null,copy:true,value:-1,values:NaN,strategy:""constant"",verbose:0,features:null,categories:null,dtype:float64""},unknown:""ignore"",values:null,sparse:true,weight:null,criterion:""gini"",depth:4720051873293098,features:1.0,nodes:null,decrease:0.0,split:null,leaf:1,split:8,leaf:0.0,presort:false,state:36301,splitter:""best"""
"9275671","sklearn.pipeline.Pipeline(columntransformer=sklearn.compose._column_transformer.ColumnTransformer(numeric=sklearn.pipeline.Pipeline(missingindicator=sklearn.impute.MissingIndicator,imputer=sklearn.preprocessing.imputation.Imputer,standardscaler=sklearn.preprocessing.data.StandardScaler),nominal=sklearn.pipeline.Pipeline(simpleimputer=sklearn.impute.SimpleImputer,onehotencoder=sklearn.preprocessing._encoders.OneHotEncoder)),decisiontreeclassifier=sklearn.tree.tree.DecisionTreeClassifier)(1)","0.2988","memory:null,jobs:null,remainder:""passthrough"",threshold:0.3,weights:null,memory:null,new:false,features:""missing-only"",values:NaN,sparse:""auto"",axis:0,copy:true,values:""NaN"",strategy:""most_frequent"",verbose:0,copy:true,mean:true,std:true,memory:null,copy:true,value:-1,values:NaN,strategy:""constant"",verbose:0,features:null,categories:null,dtype:float64""},unknown:""ignore"",values:null,sparse:true,weight:null,criterion:""gini"",depth:1419593528378165,features:1.0,nodes:null,decrease:0.0,split:null,leaf:8,split:16,leaf:0.0,presort:false,state:13833,splitter:""best"""
"9357095","sklearn.pipeline.Pipeline(columntransformer=sklearn.compose._column_transformer.ColumnTransformer(numeric=sklearn.pipeline.Pipeline(missingindicator=sklearn.impute.MissingIndicator,imputer=sklearn.preprocessing.imputation.Imputer,standardscaler=sklearn.preprocessing.data.StandardScaler),nominal=sklearn.pipeline.Pipeline(simpleimputer=sklearn.impute.SimpleImputer,onehotencoder=sklearn.preprocessing._encoders.OneHotEncoder)),decisiontreeclassifier=sklearn.tree.tree.DecisionTreeClassifier)(1)","0.2988","memory:null,jobs:null,remainder:""passthrough"",threshold:0.3,weights:null,memory:null,new:false,features:""missing-only"",values:NaN,sparse:""auto"",axis:0,copy:true,values:""NaN"",strategy:""most_frequent"",verbose:0,copy:true,mean:true,std:true,memory:null,copy:true,value:-1,values:NaN,strategy:""constant"",verbose:0,features:null,categories:null,dtype:float64""},unknown:""ignore"",values:null,sparse:true,weight:null,criterion:""entropy"",depth:2454711320949734,features:1.0,nodes:null,decrease:0.0,split:null,leaf:14,split:20,leaf:0.0,presort:false,state:15956,splitter:""best"""
"9424405","sklearn.pipeline.Pipeline(columntransformer=sklearn.compose._column_transformer.ColumnTransformer(numeric=sklearn.pipeline.Pipeline(missingindicator=sklearn.impute.MissingIndicator,imputer=sklearn.preprocessing.imputation.Imputer,standardscaler=sklearn.preprocessing.data.StandardScaler),nominal=sklearn.pipeline.Pipeline(simpleimputer=sklearn.impute.SimpleImputer,onehotencoder=sklearn.preprocessing._encoders.OneHotEncoder)),decisiontreeclassifier=sklearn.tree.tree.DecisionTreeClassifier)(1)","0.2988","memory:null,jobs:null,remainder:""passthrough"",threshold:0.3,weights:null,memory:null,new:false,features:""missing-only"",values:NaN,sparse:""auto"",axis:0,copy:true,values:""NaN"",strategy:""most_frequent"",verbose:0,copy:true,mean:true,std:true,memory:null,copy:true,value:-1,values:NaN,strategy:""constant"",verbose:0,features:null,categories:null,dtype:float64""},unknown:""ignore"",values:null,sparse:true,weight:null,criterion:""gini"",depth:3692218824095572,features:1.0,nodes:null,decrease:0.0,split:null,leaf:17,split:16,leaf:0.0,presort:false,state:10518,splitter:""best"""
"9303197","sklearn.pipeline.Pipeline(columntransformer=sklearn.compose._column_transformer.ColumnTransformer(numeric=sklearn.pipeline.Pipeline(missingindicator=sklearn.impute.MissingIndicator,imputer=sklearn.preprocessing.imputation.Imputer,standardscaler=sklearn.preprocessing.data.StandardScaler),nominal=sklearn.pipeline.Pipeline(simpleimputer=sklearn.impute.SimpleImputer,onehotencoder=sklearn.preprocessing._encoders.OneHotEncoder)),decisiontreeclassifier=sklearn.tree.tree.DecisionTreeClassifier)(1)","0.2988","memory:null,jobs:null,remainder:""passthrough"",threshold:0.3,weights:null,memory:null,new:false,features:""missing-only"",values:NaN,sparse:""auto"",axis:0,copy:true,values:""NaN"",strategy:""mean"",verbose:0,copy:true,mean:true,std:true,memory:null,copy:true,value:-1,values:NaN,strategy:""constant"",verbose:0,features:null,categories:null,dtype:float64""},unknown:""ignore"",values:null,sparse:true,weight:null,criterion:""gini"",depth:13703239069638928,features:1.0,nodes:null,decrease:0.0,split:null,leaf:3,split:9,leaf:0.0,presort:false,state:27844,splitter:""best"""
"9277266","sklearn.pipeline.Pipeline(columntransformer=sklearn.compose._column_transformer.ColumnTransformer(numeric=sklearn.pipeline.Pipeline(missingindicator=sklearn.impute.MissingIndicator,imputer=sklearn.preprocessing.imputation.Imputer,standardscaler=sklearn.preprocessing.data.StandardScaler),nominal=sklearn.pipeline.Pipeline(simpleimputer=sklearn.impute.SimpleImputer,onehotencoder=sklearn.preprocessing._encoders.OneHotEncoder)),decisiontreeclassifier=sklearn.tree.tree.DecisionTreeClassifier)(1)","0.2988","memory:null,jobs:null,remainder:""passthrough"",threshold:0.3,weights:null,memory:null,new:false,features:""missing-only"",values:NaN,sparse:""auto"",axis:0,copy:true,values:""NaN"",strategy:""median"",verbose:0,copy:true,mean:true,std:true,memory:null,copy:true,value:-1,values:NaN,strategy:""constant"",verbose:0,features:null,categories:null,dtype:float64""},unknown:""ignore"",values:null,sparse:true,weight:null,criterion:""entropy"",depth:775608755177573,features:1.0,nodes:null,decrease:0.0,split:null,leaf:8,split:3,leaf:0.0,presort:false,state:29265,splitter:""best"""
"9375706","sklearn.pipeline.Pipeline(columntransformer=sklearn.compose._column_transformer.ColumnTransformer(numeric=sklearn.pipeline.Pipeline(missingindicator=sklearn.impute.MissingIndicator,imputer=sklearn.preprocessing.imputation.Imputer,standardscaler=sklearn.preprocessing.data.StandardScaler),nominal=sklearn.pipeline.Pipeline(simpleimputer=sklearn.impute.SimpleImputer,onehotencoder=sklearn.preprocessing._encoders.OneHotEncoder)),decisiontreeclassifier=sklearn.tree.tree.DecisionTreeClassifier)(1)","0.2988","memory:null,jobs:null,remainder:""passthrough"",threshold:0.3,weights:null,memory:null,new:false,features:""missing-only"",values:NaN,sparse:""auto"",axis:0,copy:true,values:""NaN"",strategy:""median"",verbose:0,copy:true,mean:true,std:true,memory:null,copy:true,value:-1,values:NaN,strategy:""constant"",verbose:0,features:null,categories:null,dtype:float64""},unknown:""ignore"",values:null,sparse:true,weight:null,criterion:""gini"",depth:38949559808454,features:1.0,nodes:null,decrease:0.0,split:null,leaf:12,split:18,leaf:0.0,presort:false,state:25001,splitter:""best"""
"9362519","sklearn.pipeline.Pipeline(columntransformer=sklearn.compose._column_transformer.ColumnTransformer(numeric=sklearn.pipeline.Pipeline(missingindicator=sklearn.impute.MissingIndicator,imputer=sklearn.preprocessing.imputation.Imputer,standardscaler=sklearn.preprocessing.data.StandardScaler),nominal=sklearn.pipeline.Pipeline(simpleimputer=sklearn.impute.SimpleImputer,onehotencoder=sklearn.preprocessing._encoders.OneHotEncoder)),decisiontreeclassifier=sklearn.tree.tree.DecisionTreeClassifier)(1)","0.2988","memory:null,jobs:null,remainder:""passthrough"",threshold:0.3,weights:null,memory:null,new:false,features:""missing-only"",values:NaN,sparse:""auto"",axis:0,copy:true,values:""NaN"",strategy:""most_frequent"",verbose:0,copy:true,mean:true,std:true,memory:null,copy:true,value:-1,values:NaN,strategy:""constant"",verbose:0,features:null,categories:null,dtype:float64""},unknown:""ignore"",values:null,sparse:true,weight:null,criterion:""gini"",depth:4587926122784574,features:1.0,nodes:null,decrease:0.0,split:null,leaf:16,split:8,leaf:0.0,presort:false,state:1153,splitter:""best"""
"9264141","sklearn.pipeline.Pipeline(columntransformer=sklearn.compose._column_transformer.ColumnTransformer(numeric=sklearn.pipeline.Pipeline(missingindicator=sklearn.impute.MissingIndicator,imputer=sklearn.preprocessing.imputation.Imputer,standardscaler=sklearn.preprocessing.data.StandardScaler),nominal=sklearn.pipeline.Pipeline(simpleimputer=sklearn.impute.SimpleImputer,onehotencoder=sklearn.preprocessing._encoders.OneHotEncoder)),decisiontreeclassifier=sklearn.tree.tree.DecisionTreeClassifier)(1)","0.2988","memory:null,jobs:null,remainder:""passthrough"",threshold:0.3,weights:null,memory:null,new:false,features:""missing-only"",values:NaN,sparse:""auto"",axis:0,copy:true,values:""NaN"",strategy:""mean"",verbose:0,copy:true,mean:true,std:true,memory:null,copy:true,value:-1,values:NaN,strategy:""constant"",verbose:0,features:null,categories:null,dtype:float64""},unknown:""ignore"",values:null,sparse:true,weight:null,criterion:""entropy"",depth:3418302794497143,features:1.0,nodes:null,decrease:0.0,split:null,leaf:13,split:14,leaf:0.0,presort:false,state:32042,splitter:""best"""
"9286804","sklearn.pipeline.Pipeline(columntransformer=sklearn.compose._column_transformer.ColumnTransformer(numeric=sklearn.pipeline.Pipeline(missingindicator=sklearn.impute.MissingIndicator,imputer=sklearn.preprocessing.imputation.Imputer,standardscaler=sklearn.preprocessing.data.StandardScaler),nominal=sklearn.pipeline.Pipeline(simpleimputer=sklearn.impute.SimpleImputer,onehotencoder=sklearn.preprocessing._encoders.OneHotEncoder)),decisiontreeclassifier=sklearn.tree.tree.DecisionTreeClassifier)(1)","0.2988","memory:null,jobs:null,remainder:""passthrough"",threshold:0.3,weights:null,memory:null,new:false,features:""missing-only"",values:NaN,sparse:""auto"",axis:0,copy:true,values:""NaN"",strategy:""most_frequent"",verbose:0,copy:true,mean:true,std:true,memory:null,copy:true,value:-1,values:NaN,strategy:""constant"",verbose:0,features:null,categories:null,dtype:float64""},unknown:""ignore"",values:null,sparse:true,weight:null,criterion:""entropy"",depth:167741735825174,features:1.0,nodes:null,decrease:0.0,split:null,leaf:20,split:15,leaf:0.0,presort:false,state:8237,splitter:""best"""
"9424306","sklearn.pipeline.Pipeline(columntransformer=sklearn.compose._column_transformer.ColumnTransformer(numeric=sklearn.pipeline.Pipeline(missingindicator=sklearn.impute.MissingIndicator,imputer=sklearn.preprocessing.imputation.Imputer,standardscaler=sklearn.preprocessing.data.StandardScaler),nominal=sklearn.pipeline.Pipeline(simpleimputer=sklearn.impute.SimpleImputer,onehotencoder=sklearn.preprocessing._encoders.OneHotEncoder)),decisiontreeclassifier=sklearn.tree.tree.DecisionTreeClassifier)(1)","0.2988","memory:null,jobs:null,remainder:""passthrough"",threshold:0.3,weights:null,memory:null,new:false,features:""missing-only"",values:NaN,sparse:""auto"",axis:0,copy:true,values:""NaN"",strategy:""median"",verbose:0,copy:true,mean:true,std:true,memory:null,copy:true,value:-1,values:NaN,strategy:""constant"",verbose:0,features:null,categories:null,dtype:float64""},unknown:""ignore"",values:null,sparse:true,weight:null,criterion:""entropy"",depth:6080262550341728,features:1.0,nodes:null,decrease:0.0,split:null,leaf:16,split:13,leaf:0.0,presort:false,state:39083,splitter:""best"""
"9360963","sklearn.pipeline.Pipeline(columntransformer=sklearn.compose._column_transformer.ColumnTransformer(numeric=sklearn.pipeline.Pipeline(missingindicator=sklearn.impute.MissingIndicator,imputer=sklearn.preprocessing.imputation.Imputer,standardscaler=sklearn.preprocessing.data.StandardScaler),nominal=sklearn.pipeline.Pipeline(simpleimputer=sklearn.impute.SimpleImputer,onehotencoder=sklearn.preprocessing._encoders.OneHotEncoder)),decisiontreeclassifier=sklearn.tree.tree.DecisionTreeClassifier)(1)","0.2988","memory:null,jobs:null,remainder:""passthrough"",threshold:0.3,weights:null,memory:null,new:false,features:""missing-only"",values:NaN,sparse:""auto"",axis:0,copy:true,values:""NaN"",strategy:""median"",verbose:0,copy:true,mean:true,std:true,memory:null,copy:true,value:-1,values:NaN,strategy:""constant"",verbose:0,features:null,categories:null,dtype:float64""},unknown:""ignore"",values:null,sparse:true,weight:null,criterion:""entropy"",depth:370088307957942,features:1.0,nodes:null,decrease:0.0,split:null,leaf:3,split:16,leaf:0.0,presort:false,state:63786,splitter:""best"""
"9381471","sklearn.pipeline.Pipeline(columntransformer=sklearn.compose._column_transformer.ColumnTransformer(numeric=sklearn.pipeline.Pipeline(missingindicator=sklearn.impute.MissingIndicator,imputer=sklearn.preprocessing.imputation.Imputer,standardscaler=sklearn.preprocessing.data.StandardScaler),nominal=sklearn.pipeline.Pipeline(simpleimputer=sklearn.impute.SimpleImputer,onehotencoder=sklearn.preprocessing._encoders.OneHotEncoder)),decisiontreeclassifier=sklearn.tree.tree.DecisionTreeClassifier)(1)","0.2988","memory:null,jobs:null,remainder:""passthrough"",threshold:0.3,weights:null,memory:null,new:false,features:""missing-only"",values:NaN,sparse:""auto"",axis:0,copy:true,values:""NaN"",strategy:""median"",verbose:0,copy:true,mean:true,std:true,memory:null,copy:true,value:-1,values:NaN,strategy:""constant"",verbose:0,features:null,categories:null,dtype:float64""},unknown:""ignore"",values:null,sparse:true,weight:null,criterion:""gini"",depth:50930157391969,features:1.0,nodes:null,decrease:0.0,split:null,leaf:15,split:16,leaf:0.0,presort:false,state:40679,splitter:""best"""
"9372886","sklearn.pipeline.Pipeline(columntransformer=sklearn.compose._column_transformer.ColumnTransformer(numeric=sklearn.pipeline.Pipeline(missingindicator=sklearn.impute.MissingIndicator,imputer=sklearn.preprocessing.imputation.Imputer,standardscaler=sklearn.preprocessing.data.StandardScaler),nominal=sklearn.pipeline.Pipeline(simpleimputer=sklearn.impute.SimpleImputer,onehotencoder=sklearn.preprocessing._encoders.OneHotEncoder)),decisiontreeclassifier=sklearn.tree.tree.DecisionTreeClassifier)(1)","0.2988","memory:null,jobs:null,remainder:""passthrough"",threshold:0.3,weights:null,memory:null,new:false,features:""missing-only"",values:NaN,sparse:""auto"",axis:0,copy:true,values:""NaN"",strategy:""median"",verbose:0,copy:true,mean:true,std:true,memory:null,copy:true,value:-1,values:NaN,strategy:""constant"",verbose:0,features:null,categories:null,dtype:float64""},unknown:""ignore"",values:null,sparse:true,weight:null,criterion:""gini"",depth:0598258577684192,features:1.0,nodes:null,decrease:0.0,split:null,leaf:2,split:10,leaf:0.0,presort:false,state:22073,splitter:""best"""
"9541142","sklearn.pipeline.Pipeline(columntransformer=sklearn.compose._column_transformer.ColumnTransformer(numeric=sklearn.pipeline.Pipeline(missingindicator=sklearn.impute.MissingIndicator,imputer=sklearn.preprocessing.imputation.Imputer,standardscaler=sklearn.preprocessing.data.StandardScaler),nominal=sklearn.pipeline.Pipeline(simpleimputer=sklearn.impute.SimpleImputer,onehotencoder=sklearn.preprocessing._encoders.OneHotEncoder)),decisiontreeclassifier=sklearn.tree.tree.DecisionTreeClassifier)(1)","0.2988","memory:null,jobs:null,remainder:""passthrough"",threshold:0.3,weights:null,memory:null,new:false,features:""missing-only"",values:NaN,sparse:""auto"",axis:0,copy:true,values:""NaN"",strategy:""mean"",verbose:0,copy:true,mean:true,std:true,memory:null,copy:true,value:-1,values:NaN,strategy:""constant"",verbose:0,features:null,categories:null,dtype:float64""},unknown:""ignore"",values:null,sparse:true,weight:null,criterion:""entropy"",depth:9217681631627286,features:1.0,nodes:null,decrease:0.0,split:null,leaf:5,split:7,leaf:0.0,presort:false,state:31356,splitter:""best"""
"9543556","sklearn.pipeline.Pipeline(columntransformer=sklearn.compose._column_transformer.ColumnTransformer(numeric=sklearn.pipeline.Pipeline(missingindicator=sklearn.impute.MissingIndicator,imputer=sklearn.preprocessing.imputation.Imputer,standardscaler=sklearn.preprocessing.data.StandardScaler),nominal=sklearn.pipeline.Pipeline(simpleimputer=sklearn.impute.SimpleImputer,onehotencoder=sklearn.preprocessing._encoders.OneHotEncoder)),decisiontreeclassifier=sklearn.tree.tree.DecisionTreeClassifier)(1)","0.2988","memory:null,jobs:null,remainder:""passthrough"",threshold:0.3,weights:null,memory:null,new:false,features:""missing-only"",values:NaN,sparse:""auto"",axis:0,copy:true,values:""NaN"",strategy:""mean"",verbose:0,copy:true,mean:true,std:true,memory:null,copy:true,value:-1,values:NaN,strategy:""constant"",verbose:0,features:null,categories:null,dtype:float64""},unknown:""ignore"",values:null,sparse:true,weight:null,criterion:""gini"",depth:0850094246661588,features:1.0,nodes:null,decrease:0.0,split:null,leaf:11,split:3,leaf:0.0,presort:false,state:22544,splitter:""best"""
"9284285","sklearn.pipeline.Pipeline(columntransformer=sklearn.compose._column_transformer.ColumnTransformer(numeric=sklearn.pipeline.Pipeline(missingindicator=sklearn.impute.MissingIndicator,imputer=sklearn.preprocessing.imputation.Imputer,standardscaler=sklearn.preprocessing.data.StandardScaler),nominal=sklearn.pipeline.Pipeline(simpleimputer=sklearn.impute.SimpleImputer,onehotencoder=sklearn.preprocessing._encoders.OneHotEncoder)),decisiontreeclassifier=sklearn.tree.tree.DecisionTreeClassifier)(1)","0.2988","memory:null,jobs:null,remainder:""passthrough"",threshold:0.3,weights:null,memory:null,new:false,features:""missing-only"",values:NaN,sparse:""auto"",axis:0,copy:true,values:""NaN"",strategy:""most_frequent"",verbose:0,copy:true,mean:true,std:true,memory:null,copy:true,value:-1,values:NaN,strategy:""constant"",verbose:0,features:null,categories:null,dtype:float64""},unknown:""ignore"",values:null,sparse:true,weight:null,criterion:""entropy"",depth:536088396223682,features:1.0,nodes:null,decrease:0.0,split:null,leaf:3,split:6,leaf:0.0,presort:false,state:36801,splitter:""best"""
"9517038","sklearn.pipeline.Pipeline(columntransformer=sklearn.compose._column_transformer.ColumnTransformer(numeric=sklearn.pipeline.Pipeline(missingindicator=sklearn.impute.MissingIndicator,imputer=sklearn.preprocessing.imputation.Imputer,standardscaler=sklearn.preprocessing.data.StandardScaler),nominal=sklearn.pipeline.Pipeline(simpleimputer=sklearn.impute.SimpleImputer,onehotencoder=sklearn.preprocessing._encoders.OneHotEncoder)),decisiontreeclassifier=sklearn.tree.tree.DecisionTreeClassifier)(1)","0.2988","memory:null,jobs:null,remainder:""passthrough"",threshold:0.3,weights:null,memory:null,new:false,features:""missing-only"",values:NaN,sparse:""auto"",axis:0,copy:true,values:""NaN"",strategy:""median"",verbose:0,copy:true,mean:true,std:true,memory:null,copy:true,value:-1,values:NaN,strategy:""constant"",verbose:0,features:null,categories:null,dtype:float64""},unknown:""ignore"",values:null,sparse:true,weight:null,criterion:""gini"",depth:12371061608800571,features:1.0,nodes:null,decrease:0.0,split:null,leaf:14,split:18,leaf:0.0,presort:false,state:9791,splitter:""best"""
"9405033","sklearn.pipeline.Pipeline(columntransformer=sklearn.compose._column_transformer.ColumnTransformer(numeric=sklearn.pipeline.Pipeline(missingindicator=sklearn.impute.MissingIndicator,imputer=sklearn.preprocessing.imputation.Imputer,standardscaler=sklearn.preprocessing.data.StandardScaler),nominal=sklearn.pipeline.Pipeline(simpleimputer=sklearn.impute.SimpleImputer,onehotencoder=sklearn.preprocessing._encoders.OneHotEncoder)),decisiontreeclassifier=sklearn.tree.tree.DecisionTreeClassifier)(1)","0.2988","memory:null,jobs:null,remainder:""passthrough"",threshold:0.3,weights:null,memory:null,new:false,features:""missing-only"",values:NaN,sparse:""auto"",axis:0,copy:true,values:""NaN"",strategy:""most_frequent"",verbose:0,copy:true,mean:true,std:true,memory:null,copy:true,value:-1,values:NaN,strategy:""constant"",verbose:0,features:null,categories:null,dtype:float64""},unknown:""ignore"",values:null,sparse:true,weight:null,criterion:""entropy"",depth:9237828204526308,features:1.0,nodes:null,decrease:0.0,split:null,leaf:8,split:11,leaf:0.0,presort:false,state:32292,splitter:""best"""
"9363544","sklearn.pipeline.Pipeline(columntransformer=sklearn.compose._column_transformer.ColumnTransformer(numeric=sklearn.pipeline.Pipeline(missingindicator=sklearn.impute.MissingIndicator,imputer=sklearn.preprocessing.imputation.Imputer,standardscaler=sklearn.preprocessing.data.StandardScaler),nominal=sklearn.pipeline.Pipeline(simpleimputer=sklearn.impute.SimpleImputer,onehotencoder=sklearn.preprocessing._encoders.OneHotEncoder)),decisiontreeclassifier=sklearn.tree.tree.DecisionTreeClassifier)(1)","0.2988","memory:null,jobs:null,remainder:""passthrough"",threshold:0.3,weights:null,memory:null,new:false,features:""missing-only"",values:NaN,sparse:""auto"",axis:0,copy:true,values:""NaN"",strategy:""median"",verbose:0,copy:true,mean:true,std:true,memory:null,copy:true,value:-1,values:NaN,strategy:""constant"",verbose:0,features:null,categories:null,dtype:float64""},unknown:""ignore"",values:null,sparse:true,weight:null,criterion:""gini"",depth:7691669225676161,features:1.0,nodes:null,decrease:0.0,split:null,leaf:4,split:5,leaf:0.0,presort:false,state:36704,splitter:""best"""
"9301536","sklearn.pipeline.Pipeline(columntransformer=sklearn.compose._column_transformer.ColumnTransformer(numeric=sklearn.pipeline.Pipeline(missingindicator=sklearn.impute.MissingIndicator,imputer=sklearn.preprocessing.imputation.Imputer,standardscaler=sklearn.preprocessing.data.StandardScaler),nominal=sklearn.pipeline.Pipeline(simpleimputer=sklearn.impute.SimpleImputer,onehotencoder=sklearn.preprocessing._encoders.OneHotEncoder)),decisiontreeclassifier=sklearn.tree.tree.DecisionTreeClassifier)(1)","0.2988","memory:null,jobs:null,remainder:""passthrough"",threshold:0.3,weights:null,memory:null,new:false,features:""missing-only"",values:NaN,sparse:""auto"",axis:0,copy:true,values:""NaN"",strategy:""most_frequent"",verbose:0,copy:true,mean:true,std:true,memory:null,copy:true,value:-1,values:NaN,strategy:""constant"",verbose:0,features:null,categories:null,dtype:float64""},unknown:""ignore"",values:null,sparse:true,weight:null,criterion:""entropy"",depth:3899326741039069,features:1.0,nodes:null,decrease:0.0,split:null,leaf:7,split:20,leaf:0.0,presort:false,state:41242,splitter:""best"""
"9426057","sklearn.pipeline.Pipeline(columntransformer=sklearn.compose._column_transformer.ColumnTransformer(numeric=sklearn.pipeline.Pipeline(missingindicator=sklearn.impute.MissingIndicator,imputer=sklearn.preprocessing.imputation.Imputer,standardscaler=sklearn.preprocessing.data.StandardScaler),nominal=sklearn.pipeline.Pipeline(simpleimputer=sklearn.impute.SimpleImputer,onehotencoder=sklearn.preprocessing._encoders.OneHotEncoder)),decisiontreeclassifier=sklearn.tree.tree.DecisionTreeClassifier)(1)","0.2988","memory:null,jobs:null,remainder:""passthrough"",threshold:0.3,weights:null,memory:null,new:false,features:""missing-only"",values:NaN,sparse:""auto"",axis:0,copy:true,values:""NaN"",strategy:""mean"",verbose:0,copy:true,mean:true,std:true,memory:null,copy:true,value:-1,values:NaN,strategy:""constant"",verbose:0,features:null,categories:null,dtype:float64""},unknown:""ignore"",values:null,sparse:true,weight:null,criterion:""gini"",depth:2908172410495373,features:1.0,nodes:null,decrease:0.0,split:null,leaf:17,split:12,leaf:0.0,presort:false,state:62357,splitter:""best"""
"9273332","sklearn.pipeline.Pipeline(columntransformer=sklearn.compose._column_transformer.ColumnTransformer(numeric=sklearn.pipeline.Pipeline(missingindicator=sklearn.impute.MissingIndicator,imputer=sklearn.preprocessing.imputation.Imputer,standardscaler=sklearn.preprocessing.data.StandardScaler),nominal=sklearn.pipeline.Pipeline(simpleimputer=sklearn.impute.SimpleImputer,onehotencoder=sklearn.preprocessing._encoders.OneHotEncoder)),decisiontreeclassifier=sklearn.tree.tree.DecisionTreeClassifier)(1)","0.2988","memory:null,jobs:null,remainder:""passthrough"",threshold:0.3,weights:null,memory:null,new:false,features:""missing-only"",values:NaN,sparse:""auto"",axis:0,copy:true,values:""NaN"",strategy:""mean"",verbose:0,copy:true,mean:true,std:true,memory:null,copy:true,value:-1,values:NaN,strategy:""constant"",verbose:0,features:null,categories:null,dtype:float64""},unknown:""ignore"",values:null,sparse:true,weight:null,criterion:""gini"",depth:8257702641605418,features:1.0,nodes:null,decrease:0.0,split:null,leaf:4,split:10,leaf:0.0,presort:false,state:23902,splitter:""best"""
"9395499","sklearn.pipeline.Pipeline(columntransformer=sklearn.compose._column_transformer.ColumnTransformer(numeric=sklearn.pipeline.Pipeline(missingindicator=sklearn.impute.MissingIndicator,imputer=sklearn.preprocessing.imputation.Imputer,standardscaler=sklearn.preprocessing.data.StandardScaler),nominal=sklearn.pipeline.Pipeline(simpleimputer=sklearn.impute.SimpleImputer,onehotencoder=sklearn.preprocessing._encoders.OneHotEncoder)),decisiontreeclassifier=sklearn.tree.tree.DecisionTreeClassifier)(1)","0.2988","memory:null,jobs:null,remainder:""passthrough"",threshold:0.3,weights:null,memory:null,new:false,features:""missing-only"",values:NaN,sparse:""auto"",axis:0,copy:true,values:""NaN"",strategy:""most_frequent"",verbose:0,copy:true,mean:true,std:true,memory:null,copy:true,value:-1,values:NaN,strategy:""constant"",verbose:0,features:null,categories:null,dtype:float64""},unknown:""ignore"",values:null,sparse:true,weight:null,criterion:""gini"",depth:0192943403158008,features:1.0,nodes:null,decrease:0.0,split:null,leaf:9,split:15,leaf:0.0,presort:false,state:22531,splitter:""best"""
"9399007","sklearn.pipeline.Pipeline(columntransformer=sklearn.compose._column_transformer.ColumnTransformer(numeric=sklearn.pipeline.Pipeline(missingindicator=sklearn.impute.MissingIndicator,imputer=sklearn.preprocessing.imputation.Imputer,standardscaler=sklearn.preprocessing.data.StandardScaler),nominal=sklearn.pipeline.Pipeline(simpleimputer=sklearn.impute.SimpleImputer,onehotencoder=sklearn.preprocessing._encoders.OneHotEncoder)),decisiontreeclassifier=sklearn.tree.tree.DecisionTreeClassifier)(1)","0.2988","memory:null,jobs:null,remainder:""passthrough"",threshold:0.3,weights:null,memory:null,new:false,features:""missing-only"",values:NaN,sparse:""auto"",axis:0,copy:true,values:""NaN"",strategy:""most_frequent"",verbose:0,copy:true,mean:true,std:true,memory:null,copy:true,value:-1,values:NaN,strategy:""constant"",verbose:0,features:null,categories:null,dtype:float64""},unknown:""ignore"",values:null,sparse:true,weight:null,criterion:""entropy"",depth:45416725867458996,features:1.0,nodes:null,decrease:0.0,split:null,leaf:14,split:8,leaf:0.0,presort:false,state:25996,splitter:""best"""
"9294080","sklearn.pipeline.Pipeline(columntransformer=sklearn.compose._column_transformer.ColumnTransformer(numeric=sklearn.pipeline.Pipeline(missingindicator=sklearn.impute.MissingIndicator,imputer=sklearn.preprocessing.imputation.Imputer,standardscaler=sklearn.preprocessing.data.StandardScaler),nominal=sklearn.pipeline.Pipeline(simpleimputer=sklearn.impute.SimpleImputer,onehotencoder=sklearn.preprocessing._encoders.OneHotEncoder)),decisiontreeclassifier=sklearn.tree.tree.DecisionTreeClassifier)(1)","0.2988","memory:null,jobs:null,remainder:""passthrough"",threshold:0.3,weights:null,memory:null,new:false,features:""missing-only"",values:NaN,sparse:""auto"",axis:0,copy:true,values:""NaN"",strategy:""mean"",verbose:0,copy:true,mean:true,std:true,memory:null,copy:true,value:-1,values:NaN,strategy:""constant"",verbose:0,features:null,categories:null,dtype:float64""},unknown:""ignore"",values:null,sparse:true,weight:null,criterion:""entropy"",depth:745351637411021,features:1.0,nodes:null,decrease:0.0,split:null,leaf:9,split:16,leaf:0.0,presort:false,state:15727,splitter:""best"""
"9370999","sklearn.pipeline.Pipeline(columntransformer=sklearn.compose._column_transformer.ColumnTransformer(numeric=sklearn.pipeline.Pipeline(missingindicator=sklearn.impute.MissingIndicator,imputer=sklearn.preprocessing.imputation.Imputer,standardscaler=sklearn.preprocessing.data.StandardScaler),nominal=sklearn.pipeline.Pipeline(simpleimputer=sklearn.impute.SimpleImputer,onehotencoder=sklearn.preprocessing._encoders.OneHotEncoder)),decisiontreeclassifier=sklearn.tree.tree.DecisionTreeClassifier)(1)","0.2988","memory:null,jobs:null,remainder:""passthrough"",threshold:0.3,weights:null,memory:null,new:false,features:""missing-only"",values:NaN,sparse:""auto"",axis:0,copy:true,values:""NaN"",strategy:""mean"",verbose:0,copy:true,mean:true,std:true,memory:null,copy:true,value:-1,values:NaN,strategy:""constant"",verbose:0,features:null,categories:null,dtype:float64""},unknown:""ignore"",values:null,sparse:true,weight:null,criterion:""gini"",depth:1069691322137116,features:1.0,nodes:null,decrease:0.0,split:null,leaf:3,split:15,leaf:0.0,presort:false,state:61168,splitter:""best"""
"9398290","sklearn.pipeline.Pipeline(columntransformer=sklearn.compose._column_transformer.ColumnTransformer(numeric=sklearn.pipeline.Pipeline(missingindicator=sklearn.impute.MissingIndicator,imputer=sklearn.preprocessing.imputation.Imputer,standardscaler=sklearn.preprocessing.data.StandardScaler),nominal=sklearn.pipeline.Pipeline(simpleimputer=sklearn.impute.SimpleImputer,onehotencoder=sklearn.preprocessing._encoders.OneHotEncoder)),decisiontreeclassifier=sklearn.tree.tree.DecisionTreeClassifier)(1)","0.2988","memory:null,jobs:null,remainder:""passthrough"",threshold:0.3,weights:null,memory:null,new:false,features:""missing-only"",values:NaN,sparse:""auto"",axis:0,copy:true,values:""NaN"",strategy:""median"",verbose:0,copy:true,mean:true,std:true,memory:null,copy:true,value:-1,values:NaN,strategy:""constant"",verbose:0,features:null,categories:null,dtype:float64""},unknown:""ignore"",values:null,sparse:true,weight:null,criterion:""entropy"",depth:2713644983383192,features:1.0,nodes:null,decrease:0.0,split:null,leaf:12,split:6,leaf:0.0,presort:false,state:38276,splitter:""best"""
"9345401","sklearn.pipeline.Pipeline(columntransformer=sklearn.compose._column_transformer.ColumnTransformer(numeric=sklearn.pipeline.Pipeline(missingindicator=sklearn.impute.MissingIndicator,imputer=sklearn.preprocessing.imputation.Imputer,standardscaler=sklearn.preprocessing.data.StandardScaler),nominal=sklearn.pipeline.Pipeline(simpleimputer=sklearn.impute.SimpleImputer,onehotencoder=sklearn.preprocessing._encoders.OneHotEncoder)),decisiontreeclassifier=sklearn.tree.tree.DecisionTreeClassifier)(1)","0.2988","memory:null,jobs:null,remainder:""passthrough"",threshold:0.3,weights:null,memory:null,new:false,features:""missing-only"",values:NaN,sparse:""auto"",axis:0,copy:true,values:""NaN"",strategy:""most_frequent"",verbose:0,copy:true,mean:true,std:true,memory:null,copy:true,value:-1,values:NaN,strategy:""constant"",verbose:0,features:null,categories:null,dtype:float64""},unknown:""ignore"",values:null,sparse:true,weight:null,criterion:""entropy"",depth:893661230890367,features:1.0,nodes:null,decrease:0.0,split:null,leaf:2,split:19,leaf:0.0,presort:false,state:38129,splitter:""best"""
"9386125","sklearn.pipeline.Pipeline(columntransformer=sklearn.compose._column_transformer.ColumnTransformer(numeric=sklearn.pipeline.Pipeline(missingindicator=sklearn.impute.MissingIndicator,imputer=sklearn.preprocessing.imputation.Imputer,standardscaler=sklearn.preprocessing.data.StandardScaler),nominal=sklearn.pipeline.Pipeline(simpleimputer=sklearn.impute.SimpleImputer,onehotencoder=sklearn.preprocessing._encoders.OneHotEncoder)),decisiontreeclassifier=sklearn.tree.tree.DecisionTreeClassifier)(1)","0.2988","memory:null,jobs:null,remainder:""passthrough"",threshold:0.3,weights:null,memory:null,new:false,features:""missing-only"",values:NaN,sparse:""auto"",axis:0,copy:true,values:""NaN"",strategy:""most_frequent"",verbose:0,copy:true,mean:true,std:true,memory:null,copy:true,value:-1,values:NaN,strategy:""constant"",verbose:0,features:null,categories:null,dtype:float64""},unknown:""ignore"",values:null,sparse:true,weight:null,criterion:""entropy"",depth:5004059266103338,features:1.0,nodes:null,decrease:0.0,split:null,leaf:13,split:4,leaf:0.0,presort:false,state:42139,splitter:""best"""
"9328643","sklearn.pipeline.Pipeline(columntransformer=sklearn.compose._column_transformer.ColumnTransformer(numeric=sklearn.pipeline.Pipeline(missingindicator=sklearn.impute.MissingIndicator,imputer=sklearn.preprocessing.imputation.Imputer,standardscaler=sklearn.preprocessing.data.StandardScaler),nominal=sklearn.pipeline.Pipeline(simpleimputer=sklearn.impute.SimpleImputer,onehotencoder=sklearn.preprocessing._encoders.OneHotEncoder)),decisiontreeclassifier=sklearn.tree.tree.DecisionTreeClassifier)(1)","0.2988","memory:null,jobs:null,remainder:""passthrough"",threshold:0.3,weights:null,memory:null,new:false,features:""missing-only"",values:NaN,sparse:""auto"",axis:0,copy:true,values:""NaN"",strategy:""median"",verbose:0,copy:true,mean:true,std:true,memory:null,copy:true,value:-1,values:NaN,strategy:""constant"",verbose:0,features:null,categories:null,dtype:float64""},unknown:""ignore"",values:null,sparse:true,weight:null,criterion:""entropy"",depth:7727317204152135,features:1.0,nodes:null,decrease:0.0,split:null,leaf:9,split:9,leaf:0.0,presort:false,state:48907,splitter:""best"""
"9265634","sklearn.pipeline.Pipeline(columntransformer=sklearn.compose._column_transformer.ColumnTransformer(numeric=sklearn.pipeline.Pipeline(missingindicator=sklearn.impute.MissingIndicator,imputer=sklearn.preprocessing.imputation.Imputer,standardscaler=sklearn.preprocessing.data.StandardScaler),nominal=sklearn.pipeline.Pipeline(simpleimputer=sklearn.impute.SimpleImputer,onehotencoder=sklearn.preprocessing._encoders.OneHotEncoder)),decisiontreeclassifier=sklearn.tree.tree.DecisionTreeClassifier)(1)","0.2988","memory:null,jobs:null,remainder:""passthrough"",threshold:0.3,weights:null,memory:null,new:false,features:""missing-only"",values:NaN,sparse:""auto"",axis:0,copy:true,values:""NaN"",strategy:""mean"",verbose:0,copy:true,mean:true,std:true,memory:null,copy:true,value:-1,values:NaN,strategy:""constant"",verbose:0,features:null,categories:null,dtype:float64""},unknown:""ignore"",values:null,sparse:true,weight:null,criterion:""gini"",depth:8837761497197945,features:1.0,nodes:null,decrease:0.0,split:null,leaf:14,split:12,leaf:0.0,presort:false,state:12636,splitter:""best"""
"9378184","sklearn.pipeline.Pipeline(columntransformer=sklearn.compose._column_transformer.ColumnTransformer(numeric=sklearn.pipeline.Pipeline(missingindicator=sklearn.impute.MissingIndicator,imputer=sklearn.preprocessing.imputation.Imputer,standardscaler=sklearn.preprocessing.data.StandardScaler),nominal=sklearn.pipeline.Pipeline(simpleimputer=sklearn.impute.SimpleImputer,onehotencoder=sklearn.preprocessing._encoders.OneHotEncoder)),decisiontreeclassifier=sklearn.tree.tree.DecisionTreeClassifier)(1)","0.2988","memory:null,jobs:null,remainder:""passthrough"",threshold:0.3,weights:null,memory:null,new:false,features:""missing-only"",values:NaN,sparse:""auto"",axis:0,copy:true,values:""NaN"",strategy:""mean"",verbose:0,copy:true,mean:true,std:true,memory:null,copy:true,value:-1,values:NaN,strategy:""constant"",verbose:0,features:null,categories:null,dtype:float64""},unknown:""ignore"",values:null,sparse:true,weight:null,criterion:""gini"",depth:7145131983840058,features:1.0,nodes:null,decrease:0.0,split:null,leaf:16,split:16,leaf:0.0,presort:false,state:8324,splitter:""best"""
"9355935","sklearn.pipeline.Pipeline(columntransformer=sklearn.compose._column_transformer.ColumnTransformer(numeric=sklearn.pipeline.Pipeline(missingindicator=sklearn.impute.MissingIndicator,imputer=sklearn.preprocessing.imputation.Imputer,standardscaler=sklearn.preprocessing.data.StandardScaler),nominal=sklearn.pipeline.Pipeline(simpleimputer=sklearn.impute.SimpleImputer,onehotencoder=sklearn.preprocessing._encoders.OneHotEncoder)),decisiontreeclassifier=sklearn.tree.tree.DecisionTreeClassifier)(1)","0.2988","memory:null,jobs:null,remainder:""passthrough"",threshold:0.3,weights:null,memory:null,new:false,features:""missing-only"",values:NaN,sparse:""auto"",axis:0,copy:true,values:""NaN"",strategy:""most_frequent"",verbose:0,copy:true,mean:true,std:true,memory:null,copy:true,value:-1,values:NaN,strategy:""constant"",verbose:0,features:null,categories:null,dtype:float64""},unknown:""ignore"",values:null,sparse:true,weight:null,criterion:""entropy"",depth:08994366597516712,features:1.0,nodes:null,decrease:0.0,split:null,leaf:13,split:15,leaf:0.0,presort:false,state:52619,splitter:""best"""
"9496929","sklearn.pipeline.Pipeline(columntransformer=sklearn.compose._column_transformer.ColumnTransformer(numeric=sklearn.pipeline.Pipeline(missingindicator=sklearn.impute.MissingIndicator,imputer=sklearn.preprocessing.imputation.Imputer,standardscaler=sklearn.preprocessing.data.StandardScaler),nominal=sklearn.pipeline.Pipeline(simpleimputer=sklearn.impute.SimpleImputer,onehotencoder=sklearn.preprocessing._encoders.OneHotEncoder)),decisiontreeclassifier=sklearn.tree.tree.DecisionTreeClassifier)(1)","0.2988","memory:null,jobs:null,remainder:""passthrough"",threshold:0.3,weights:null,memory:null,new:false,features:""missing-only"",values:NaN,sparse:""auto"",axis:0,copy:true,values:""NaN"",strategy:""most_frequent"",verbose:0,copy:true,mean:true,std:true,memory:null,copy:true,value:-1,values:NaN,strategy:""constant"",verbose:0,features:null,categories:null,dtype:float64""},unknown:""ignore"",values:null,sparse:true,weight:null,criterion:""entropy"",depth:2631979361593817,features:1.0,nodes:null,decrease:0.0,split:null,leaf:11,split:11,leaf:0.0,presort:false,state:50428,splitter:""best"""
"9407733","sklearn.pipeline.Pipeline(columntransformer=sklearn.compose._column_transformer.ColumnTransformer(numeric=sklearn.pipeline.Pipeline(missingindicator=sklearn.impute.MissingIndicator,imputer=sklearn.preprocessing.imputation.Imputer,standardscaler=sklearn.preprocessing.data.StandardScaler),nominal=sklearn.pipeline.Pipeline(simpleimputer=sklearn.impute.SimpleImputer,onehotencoder=sklearn.preprocessing._encoders.OneHotEncoder)),decisiontreeclassifier=sklearn.tree.tree.DecisionTreeClassifier)(1)","0.2988","memory:null,jobs:null,remainder:""passthrough"",threshold:0.3,weights:null,memory:null,new:false,features:""missing-only"",values:NaN,sparse:""auto"",axis:0,copy:true,values:""NaN"",strategy:""most_frequent"",verbose:0,copy:true,mean:true,std:true,memory:null,copy:true,value:-1,values:NaN,strategy:""constant"",verbose:0,features:null,categories:null,dtype:float64""},unknown:""ignore"",values:null,sparse:true,weight:null,criterion:""entropy"",depth:8900720863220426,features:1.0,nodes:null,decrease:0.0,split:null,leaf:8,split:18,leaf:0.0,presort:false,state:9373,splitter:""best"""
"9370547","sklearn.pipeline.Pipeline(columntransformer=sklearn.compose._column_transformer.ColumnTransformer(numeric=sklearn.pipeline.Pipeline(missingindicator=sklearn.impute.MissingIndicator,imputer=sklearn.preprocessing.imputation.Imputer,standardscaler=sklearn.preprocessing.data.StandardScaler),nominal=sklearn.pipeline.Pipeline(simpleimputer=sklearn.impute.SimpleImputer,onehotencoder=sklearn.preprocessing._encoders.OneHotEncoder)),decisiontreeclassifier=sklearn.tree.tree.DecisionTreeClassifier)(1)","0.2988","memory:null,jobs:null,remainder:""passthrough"",threshold:0.3,weights:null,memory:null,new:false,features:""missing-only"",values:NaN,sparse:""auto"",axis:0,copy:true,values:""NaN"",strategy:""most_frequent"",verbose:0,copy:true,mean:true,std:true,memory:null,copy:true,value:-1,values:NaN,strategy:""constant"",verbose:0,features:null,categories:null,dtype:float64""},unknown:""ignore"",values:null,sparse:true,weight:null,criterion:""entropy"",depth:1457386195063564,features:1.0,nodes:null,decrease:0.0,split:null,leaf:19,split:13,leaf:0.0,presort:false,state:29179,splitter:""best"""
"9267255","sklearn.pipeline.Pipeline(columntransformer=sklearn.compose._column_transformer.ColumnTransformer(numeric=sklearn.pipeline.Pipeline(missingindicator=sklearn.impute.MissingIndicator,imputer=sklearn.preprocessing.imputation.Imputer,standardscaler=sklearn.preprocessing.data.StandardScaler),nominal=sklearn.pipeline.Pipeline(simpleimputer=sklearn.impute.SimpleImputer,onehotencoder=sklearn.preprocessing._encoders.OneHotEncoder)),decisiontreeclassifier=sklearn.tree.tree.DecisionTreeClassifier)(1)","0.2988","memory:null,jobs:null,remainder:""passthrough"",threshold:0.3,weights:null,memory:null,new:false,features:""missing-only"",values:NaN,sparse:""auto"",axis:0,copy:true,values:""NaN"",strategy:""median"",verbose:0,copy:true,mean:true,std:true,memory:null,copy:true,value:-1,values:NaN,strategy:""constant"",verbose:0,features:null,categories:null,dtype:float64""},unknown:""ignore"",values:null,sparse:true,weight:null,criterion:""gini"",depth:3470938851945895,features:1.0,nodes:null,decrease:0.0,split:null,leaf:11,split:7,leaf:0.0,presort:false,state:1089,splitter:""best"""
"9381540","sklearn.pipeline.Pipeline(columntransformer=sklearn.compose._column_transformer.ColumnTransformer(numeric=sklearn.pipeline.Pipeline(missingindicator=sklearn.impute.MissingIndicator,imputer=sklearn.preprocessing.imputation.Imputer,standardscaler=sklearn.preprocessing.data.StandardScaler),nominal=sklearn.pipeline.Pipeline(simpleimputer=sklearn.impute.SimpleImputer,onehotencoder=sklearn.preprocessing._encoders.OneHotEncoder)),decisiontreeclassifier=sklearn.tree.tree.DecisionTreeClassifier)(1)","0.2988","memory:null,jobs:null,remainder:""passthrough"",threshold:0.3,weights:null,memory:null,new:false,features:""missing-only"",values:NaN,sparse:""auto"",axis:0,copy:true,values:""NaN"",strategy:""most_frequent"",verbose:0,copy:true,mean:true,std:true,memory:null,copy:true,value:-1,values:NaN,strategy:""constant"",verbose:0,features:null,categories:null,dtype:float64""},unknown:""ignore"",values:null,sparse:true,weight:null,criterion:""gini"",depth:430129277971898,features:1.0,nodes:null,decrease:0.0,split:null,leaf:7,split:16,leaf:0.0,presort:false,state:9391,splitter:""best"""
"9291606","sklearn.pipeline.Pipeline(columntransformer=sklearn.compose._column_transformer.ColumnTransformer(numeric=sklearn.pipeline.Pipeline(missingindicator=sklearn.impute.MissingIndicator,imputer=sklearn.preprocessing.imputation.Imputer,standardscaler=sklearn.preprocessing.data.StandardScaler),nominal=sklearn.pipeline.Pipeline(simpleimputer=sklearn.impute.SimpleImputer,onehotencoder=sklearn.preprocessing._encoders.OneHotEncoder)),decisiontreeclassifier=sklearn.tree.tree.DecisionTreeClassifier)(1)","0.2988","memory:null,jobs:null,remainder:""passthrough"",threshold:0.3,weights:null,memory:null,new:false,features:""missing-only"",values:NaN,sparse:""auto"",axis:0,copy:true,values:""NaN"",strategy:""mean"",verbose:0,copy:true,mean:true,std:true,memory:null,copy:true,value:-1,values:NaN,strategy:""constant"",verbose:0,features:null,categories:null,dtype:float64""},unknown:""ignore"",values:null,sparse:true,weight:null,criterion:""gini"",depth:8507652322386787,features:1.0,nodes:null,decrease:0.0,split:null,leaf:7,split:10,leaf:0.0,presort:false,state:24916,splitter:""best"""
"9509610","sklearn.pipeline.Pipeline(columntransformer=sklearn.compose._column_transformer.ColumnTransformer(numeric=sklearn.pipeline.Pipeline(missingindicator=sklearn.impute.MissingIndicator,imputer=sklearn.preprocessing.imputation.Imputer,standardscaler=sklearn.preprocessing.data.StandardScaler),nominal=sklearn.pipeline.Pipeline(simpleimputer=sklearn.impute.SimpleImputer,onehotencoder=sklearn.preprocessing._encoders.OneHotEncoder)),decisiontreeclassifier=sklearn.tree.tree.DecisionTreeClassifier)(1)","0.2988","memory:null,jobs:null,remainder:""passthrough"",threshold:0.3,weights:null,memory:null,new:false,features:""missing-only"",values:NaN,sparse:""auto"",axis:0,copy:true,values:""NaN"",strategy:""most_frequent"",verbose:0,copy:true,mean:true,std:true,memory:null,copy:true,value:-1,values:NaN,strategy:""constant"",verbose:0,features:null,categories:null,dtype:float64""},unknown:""ignore"",values:null,sparse:true,weight:null,criterion:""gini"",depth:643037616342901,features:1.0,nodes:null,decrease:0.0,split:null,leaf:6,split:7,leaf:0.0,presort:false,state:20339,splitter:""best"""
"9481869","sklearn.pipeline.Pipeline(columntransformer=sklearn.compose._column_transformer.ColumnTransformer(numeric=sklearn.pipeline.Pipeline(missingindicator=sklearn.impute.MissingIndicator,imputer=sklearn.preprocessing.imputation.Imputer,standardscaler=sklearn.preprocessing.data.StandardScaler),nominal=sklearn.pipeline.Pipeline(simpleimputer=sklearn.impute.SimpleImputer,onehotencoder=sklearn.preprocessing._encoders.OneHotEncoder)),decisiontreeclassifier=sklearn.tree.tree.DecisionTreeClassifier)(1)","0.2988","memory:null,jobs:null,remainder:""passthrough"",threshold:0.3,weights:null,memory:null,new:false,features:""missing-only"",values:NaN,sparse:""auto"",axis:0,copy:true,values:""NaN"",strategy:""median"",verbose:0,copy:true,mean:true,std:true,memory:null,copy:true,value:-1,values:NaN,strategy:""constant"",verbose:0,features:null,categories:null,dtype:float64""},unknown:""ignore"",values:null,sparse:true,weight:null,criterion:""entropy"",depth:4010332181947416,features:1.0,nodes:null,decrease:0.0,split:null,leaf:11,split:5,leaf:0.0,presort:false,state:27889,splitter:""best"""
"9314605","sklearn.pipeline.Pipeline(columntransformer=sklearn.compose._column_transformer.ColumnTransformer(numeric=sklearn.pipeline.Pipeline(missingindicator=sklearn.impute.MissingIndicator,imputer=sklearn.preprocessing.imputation.Imputer,standardscaler=sklearn.preprocessing.data.StandardScaler),nominal=sklearn.pipeline.Pipeline(simpleimputer=sklearn.impute.SimpleImputer,onehotencoder=sklearn.preprocessing._encoders.OneHotEncoder)),decisiontreeclassifier=sklearn.tree.tree.DecisionTreeClassifier)(1)","0.2988","memory:null,jobs:null,remainder:""passthrough"",threshold:0.3,weights:null,memory:null,new:false,features:""missing-only"",values:NaN,sparse:""auto"",axis:0,copy:true,values:""NaN"",strategy:""most_frequent"",verbose:0,copy:true,mean:true,std:true,memory:null,copy:true,value:-1,values:NaN,strategy:""constant"",verbose:0,features:null,categories:null,dtype:float64""},unknown:""ignore"",values:null,sparse:true,weight:null,criterion:""entropy"",depth:2920920651556156,features:1.0,nodes:null,decrease:0.0,split:null,leaf:6,split:16,leaf:0.0,presort:false,state:19112,splitter:""best"""
"9274773","sklearn.pipeline.Pipeline(columntransformer=sklearn.compose._column_transformer.ColumnTransformer(numeric=sklearn.pipeline.Pipeline(missingindicator=sklearn.impute.MissingIndicator,imputer=sklearn.preprocessing.imputation.Imputer,standardscaler=sklearn.preprocessing.data.StandardScaler),nominal=sklearn.pipeline.Pipeline(simpleimputer=sklearn.impute.SimpleImputer,onehotencoder=sklearn.preprocessing._encoders.OneHotEncoder)),decisiontreeclassifier=sklearn.tree.tree.DecisionTreeClassifier)(1)","0.2988","memory:null,jobs:null,remainder:""passthrough"",threshold:0.3,weights:null,memory:null,new:false,features:""missing-only"",values:NaN,sparse:""auto"",axis:0,copy:true,values:""NaN"",strategy:""median"",verbose:0,copy:true,mean:true,std:true,memory:null,copy:true,value:-1,values:NaN,strategy:""constant"",verbose:0,features:null,categories:null,dtype:float64""},unknown:""ignore"",values:null,sparse:true,weight:null,criterion:""gini"",depth:2802019820609527,features:1.0,nodes:null,decrease:0.0,split:null,leaf:16,split:18,leaf:0.0,presort:false,state:22862,splitter:""best"""
"9389388","sklearn.pipeline.Pipeline(columntransformer=sklearn.compose._column_transformer.ColumnTransformer(numeric=sklearn.pipeline.Pipeline(missingindicator=sklearn.impute.MissingIndicator,imputer=sklearn.preprocessing.imputation.Imputer,standardscaler=sklearn.preprocessing.data.StandardScaler),nominal=sklearn.pipeline.Pipeline(simpleimputer=sklearn.impute.SimpleImputer,onehotencoder=sklearn.preprocessing._encoders.OneHotEncoder)),decisiontreeclassifier=sklearn.tree.tree.DecisionTreeClassifier)(1)","0.2988","memory:null,jobs:null,remainder:""passthrough"",threshold:0.3,weights:null,memory:null,new:false,features:""missing-only"",values:NaN,sparse:""auto"",axis:0,copy:true,values:""NaN"",strategy:""most_frequent"",verbose:0,copy:true,mean:true,std:true,memory:null,copy:true,value:-1,values:NaN,strategy:""constant"",verbose:0,features:null,categories:null,dtype:float64""},unknown:""ignore"",values:null,sparse:true,weight:null,criterion:""entropy"",depth:5307209546654355,features:1.0,nodes:null,decrease:0.0,split:null,leaf:1,split:14,leaf:0.0,presort:false,state:25909,splitter:""best"""
"9546330","sklearn.pipeline.Pipeline(columntransformer=sklearn.compose._column_transformer.ColumnTransformer(numeric=sklearn.pipeline.Pipeline(missingindicator=sklearn.impute.MissingIndicator,imputer=sklearn.preprocessing.imputation.Imputer,standardscaler=sklearn.preprocessing.data.StandardScaler),nominal=sklearn.pipeline.Pipeline(simpleimputer=sklearn.impute.SimpleImputer,onehotencoder=sklearn.preprocessing._encoders.OneHotEncoder)),decisiontreeclassifier=sklearn.tree.tree.DecisionTreeClassifier)(1)","0.2988","memory:null,jobs:null,remainder:""passthrough"",threshold:0.3,weights:null,memory:null,new:false,features:""missing-only"",values:NaN,sparse:""auto"",axis:0,copy:true,values:""NaN"",strategy:""mean"",verbose:0,copy:true,mean:true,std:true,memory:null,copy:true,value:-1,values:NaN,strategy:""constant"",verbose:0,features:null,categories:null,dtype:float64""},unknown:""ignore"",values:null,sparse:true,weight:null,criterion:""gini"",depth:7952691054322731,features:1.0,nodes:null,decrease:0.0,split:null,leaf:15,split:4,leaf:0.0,presort:false,state:407,splitter:""best"""
"9264586","sklearn.pipeline.Pipeline(columntransformer=sklearn.compose._column_transformer.ColumnTransformer(numeric=sklearn.pipeline.Pipeline(missingindicator=sklearn.impute.MissingIndicator,imputer=sklearn.preprocessing.imputation.Imputer,standardscaler=sklearn.preprocessing.data.StandardScaler),nominal=sklearn.pipeline.Pipeline(simpleimputer=sklearn.impute.SimpleImputer,onehotencoder=sklearn.preprocessing._encoders.OneHotEncoder)),decisiontreeclassifier=sklearn.tree.tree.DecisionTreeClassifier)(1)","0.2988","memory:null,jobs:null,remainder:""passthrough"",threshold:0.3,weights:null,memory:null,new:false,features:""missing-only"",values:NaN,sparse:""auto"",axis:0,copy:true,values:""NaN"",strategy:""median"",verbose:0,copy:true,mean:true,std:true,memory:null,copy:true,value:-1,values:NaN,strategy:""constant"",verbose:0,features:null,categories:null,dtype:float64""},unknown:""ignore"",values:null,sparse:true,weight:null,criterion:""entropy"",depth:7177705032297217,features:1.0,nodes:null,decrease:0.0,split:null,leaf:12,split:7,leaf:0.0,presort:false,state:23093,splitter:""best"""
"9405197","sklearn.pipeline.Pipeline(columntransformer=sklearn.compose._column_transformer.ColumnTransformer(numeric=sklearn.pipeline.Pipeline(missingindicator=sklearn.impute.MissingIndicator,imputer=sklearn.preprocessing.imputation.Imputer,standardscaler=sklearn.preprocessing.data.StandardScaler),nominal=sklearn.pipeline.Pipeline(simpleimputer=sklearn.impute.SimpleImputer,onehotencoder=sklearn.preprocessing._encoders.OneHotEncoder)),decisiontreeclassifier=sklearn.tree.tree.DecisionTreeClassifier)(1)","0.2988","memory:null,jobs:null,remainder:""passthrough"",threshold:0.3,weights:null,memory:null,new:false,features:""missing-only"",values:NaN,sparse:""auto"",axis:0,copy:true,values:""NaN"",strategy:""median"",verbose:0,copy:true,mean:true,std:true,memory:null,copy:true,value:-1,values:NaN,strategy:""constant"",verbose:0,features:null,categories:null,dtype:float64""},unknown:""ignore"",values:null,sparse:true,weight:null,criterion:""gini"",depth:4937486330131748,features:1.0,nodes:null,decrease:0.0,split:null,leaf:18,split:12,leaf:0.0,presort:false,state:45115,splitter:""best"""
"9380585","sklearn.pipeline.Pipeline(columntransformer=sklearn.compose._column_transformer.ColumnTransformer(numeric=sklearn.pipeline.Pipeline(missingindicator=sklearn.impute.MissingIndicator,imputer=sklearn.preprocessing.imputation.Imputer,standardscaler=sklearn.preprocessing.data.StandardScaler),nominal=sklearn.pipeline.Pipeline(simpleimputer=sklearn.impute.SimpleImputer,onehotencoder=sklearn.preprocessing._encoders.OneHotEncoder)),decisiontreeclassifier=sklearn.tree.tree.DecisionTreeClassifier)(1)","0.2988","memory:null,jobs:null,remainder:""passthrough"",threshold:0.3,weights:null,memory:null,new:false,features:""missing-only"",values:NaN,sparse:""auto"",axis:0,copy:true,values:""NaN"",strategy:""median"",verbose:0,copy:true,mean:true,std:true,memory:null,copy:true,value:-1,values:NaN,strategy:""constant"",verbose:0,features:null,categories:null,dtype:float64""},unknown:""ignore"",values:null,sparse:true,weight:null,criterion:""entropy"",depth:8099984226865744,features:1.0,nodes:null,decrease:0.0,split:null,leaf:9,split:8,leaf:0.0,presort:false,state:45447,splitter:""best"""
"9309526","sklearn.pipeline.Pipeline(columntransformer=sklearn.compose._column_transformer.ColumnTransformer(numeric=sklearn.pipeline.Pipeline(missingindicator=sklearn.impute.MissingIndicator,imputer=sklearn.preprocessing.imputation.Imputer,standardscaler=sklearn.preprocessing.data.StandardScaler),nominal=sklearn.pipeline.Pipeline(simpleimputer=sklearn.impute.SimpleImputer,onehotencoder=sklearn.preprocessing._encoders.OneHotEncoder)),decisiontreeclassifier=sklearn.tree.tree.DecisionTreeClassifier)(1)","0.2988","memory:null,jobs:null,remainder:""passthrough"",threshold:0.3,weights:null,memory:null,new:false,features:""missing-only"",values:NaN,sparse:""auto"",axis:0,copy:true,values:""NaN"",strategy:""most_frequent"",verbose:0,copy:true,mean:true,std:true,memory:null,copy:true,value:-1,values:NaN,strategy:""constant"",verbose:0,features:null,categories:null,dtype:float64""},unknown:""ignore"",values:null,sparse:true,weight:null,criterion:""gini"",depth:3072449763849772,features:1.0,nodes:null,decrease:0.0,split:null,leaf:2,split:4,leaf:0.0,presort:false,state:24597,splitter:""best"""
"9401102","sklearn.pipeline.Pipeline(columntransformer=sklearn.compose._column_transformer.ColumnTransformer(numeric=sklearn.pipeline.Pipeline(missingindicator=sklearn.impute.MissingIndicator,imputer=sklearn.preprocessing.imputation.Imputer,standardscaler=sklearn.preprocessing.data.StandardScaler),nominal=sklearn.pipeline.Pipeline(simpleimputer=sklearn.impute.SimpleImputer,onehotencoder=sklearn.preprocessing._encoders.OneHotEncoder)),decisiontreeclassifier=sklearn.tree.tree.DecisionTreeClassifier)(1)","0.2988","memory:null,jobs:null,remainder:""passthrough"",threshold:0.3,weights:null,memory:null,new:false,features:""missing-only"",values:NaN,sparse:""auto"",axis:0,copy:true,values:""NaN"",strategy:""most_frequent"",verbose:0,copy:true,mean:true,std:true,memory:null,copy:true,value:-1,values:NaN,strategy:""constant"",verbose:0,features:null,categories:null,dtype:float64""},unknown:""ignore"",values:null,sparse:true,weight:null,criterion:""gini"",depth:3788752736816638,features:1.0,nodes:null,decrease:0.0,split:null,leaf:14,split:6,leaf:0.0,presort:false,state:61720,splitter:""best"""
"9339854","sklearn.pipeline.Pipeline(columntransformer=sklearn.compose._column_transformer.ColumnTransformer(numeric=sklearn.pipeline.Pipeline(missingindicator=sklearn.impute.MissingIndicator,imputer=sklearn.preprocessing.imputation.Imputer,standardscaler=sklearn.preprocessing.data.StandardScaler),nominal=sklearn.pipeline.Pipeline(simpleimputer=sklearn.impute.SimpleImputer,onehotencoder=sklearn.preprocessing._encoders.OneHotEncoder)),decisiontreeclassifier=sklearn.tree.tree.DecisionTreeClassifier)(1)","0.2988","memory:null,jobs:null,remainder:""passthrough"",threshold:0.3,weights:null,memory:null,new:false,features:""missing-only"",values:NaN,sparse:""auto"",axis:0,copy:true,values:""NaN"",strategy:""most_frequent"",verbose:0,copy:true,mean:true,std:true,memory:null,copy:true,value:-1,values:NaN,strategy:""constant"",verbose:0,features:null,categories:null,dtype:float64""},unknown:""ignore"",values:null,sparse:true,weight:null,criterion:""gini"",depth:8449489632242246,features:1.0,nodes:null,decrease:0.0,split:null,leaf:12,split:12,leaf:0.0,presort:false,state:42995,splitter:""best"""
"9348691","sklearn.pipeline.Pipeline(columntransformer=sklearn.compose._column_transformer.ColumnTransformer(numeric=sklearn.pipeline.Pipeline(missingindicator=sklearn.impute.MissingIndicator,imputer=sklearn.preprocessing.imputation.Imputer,standardscaler=sklearn.preprocessing.data.StandardScaler),nominal=sklearn.pipeline.Pipeline(simpleimputer=sklearn.impute.SimpleImputer,onehotencoder=sklearn.preprocessing._encoders.OneHotEncoder)),decisiontreeclassifier=sklearn.tree.tree.DecisionTreeClassifier)(1)","0.2988","memory:null,jobs:null,remainder:""passthrough"",threshold:0.3,weights:null,memory:null,new:false,features:""missing-only"",values:NaN,sparse:""auto"",axis:0,copy:true,values:""NaN"",strategy:""median"",verbose:0,copy:true,mean:true,std:true,memory:null,copy:true,value:-1,values:NaN,strategy:""constant"",verbose:0,features:null,categories:null,dtype:float64""},unknown:""ignore"",values:null,sparse:true,weight:null,criterion:""entropy"",depth:1713995612046979,features:1.0,nodes:null,decrease:0.0,split:null,leaf:4,split:18,leaf:0.0,presort:false,state:13859,splitter:""best"""
"9542255","sklearn.pipeline.Pipeline(columntransformer=sklearn.compose._column_transformer.ColumnTransformer(numeric=sklearn.pipeline.Pipeline(missingindicator=sklearn.impute.MissingIndicator,imputer=sklearn.preprocessing.imputation.Imputer,standardscaler=sklearn.preprocessing.data.StandardScaler),nominal=sklearn.pipeline.Pipeline(simpleimputer=sklearn.impute.SimpleImputer,onehotencoder=sklearn.preprocessing._encoders.OneHotEncoder)),decisiontreeclassifier=sklearn.tree.tree.DecisionTreeClassifier)(1)","0.2988","memory:null,jobs:null,remainder:""passthrough"",threshold:0.3,weights:null,memory:null,new:false,features:""missing-only"",values:NaN,sparse:""auto"",axis:0,copy:true,values:""NaN"",strategy:""most_frequent"",verbose:0,copy:true,mean:true,std:true,memory:null,copy:true,value:-1,values:NaN,strategy:""constant"",verbose:0,features:null,categories:null,dtype:float64""},unknown:""ignore"",values:null,sparse:true,weight:null,criterion:""entropy"",depth:9689676877663527,features:1.0,nodes:null,decrease:0.0,split:null,leaf:11,split:6,leaf:0.0,presort:false,state:59322,splitter:""best"""
"9377725","sklearn.pipeline.Pipeline(columntransformer=sklearn.compose._column_transformer.ColumnTransformer(numeric=sklearn.pipeline.Pipeline(missingindicator=sklearn.impute.MissingIndicator,imputer=sklearn.preprocessing.imputation.Imputer,standardscaler=sklearn.preprocessing.data.StandardScaler),nominal=sklearn.pipeline.Pipeline(simpleimputer=sklearn.impute.SimpleImputer,onehotencoder=sklearn.preprocessing._encoders.OneHotEncoder)),decisiontreeclassifier=sklearn.tree.tree.DecisionTreeClassifier)(1)","0.2988","memory:null,jobs:null,remainder:""passthrough"",threshold:0.3,weights:null,memory:null,new:false,features:""missing-only"",values:NaN,sparse:""auto"",axis:0,copy:true,values:""NaN"",strategy:""mean"",verbose:0,copy:true,mean:true,std:true,memory:null,copy:true,value:-1,values:NaN,strategy:""constant"",verbose:0,features:null,categories:null,dtype:float64""},unknown:""ignore"",values:null,sparse:true,weight:null,criterion:""entropy"",depth:39348694640505033,features:1.0,nodes:null,decrease:0.0,split:null,leaf:9,split:19,leaf:0.0,presort:false,state:16117,splitter:""best"""
"9344026","sklearn.pipeline.Pipeline(columntransformer=sklearn.compose._column_transformer.ColumnTransformer(numeric=sklearn.pipeline.Pipeline(missingindicator=sklearn.impute.MissingIndicator,imputer=sklearn.preprocessing.imputation.Imputer,standardscaler=sklearn.preprocessing.data.StandardScaler),nominal=sklearn.pipeline.Pipeline(simpleimputer=sklearn.impute.SimpleImputer,onehotencoder=sklearn.preprocessing._encoders.OneHotEncoder)),decisiontreeclassifier=sklearn.tree.tree.DecisionTreeClassifier)(1)","0.2988","memory:null,jobs:null,remainder:""passthrough"",threshold:0.3,weights:null,memory:null,new:false,features:""missing-only"",values:NaN,sparse:""auto"",axis:0,copy:true,values:""NaN"",strategy:""mean"",verbose:0,copy:true,mean:true,std:true,memory:null,copy:true,value:-1,values:NaN,strategy:""constant"",verbose:0,features:null,categories:null,dtype:float64""},unknown:""ignore"",values:null,sparse:true,weight:null,criterion:""entropy"",depth:10319947013672914,features:1.0,nodes:null,decrease:0.0,split:null,leaf:3,split:13,leaf:0.0,presort:false,state:56484,splitter:""best"""
"9317928","sklearn.pipeline.Pipeline(columntransformer=sklearn.compose._column_transformer.ColumnTransformer(numeric=sklearn.pipeline.Pipeline(missingindicator=sklearn.impute.MissingIndicator,imputer=sklearn.preprocessing.imputation.Imputer,standardscaler=sklearn.preprocessing.data.StandardScaler),nominal=sklearn.pipeline.Pipeline(simpleimputer=sklearn.impute.SimpleImputer,onehotencoder=sklearn.preprocessing._encoders.OneHotEncoder)),decisiontreeclassifier=sklearn.tree.tree.DecisionTreeClassifier)(1)","0.2988","memory:null,jobs:null,remainder:""passthrough"",threshold:0.3,weights:null,memory:null,new:false,features:""missing-only"",values:NaN,sparse:""auto"",axis:0,copy:true,values:""NaN"",strategy:""most_frequent"",verbose:0,copy:true,mean:true,std:true,memory:null,copy:true,value:-1,values:NaN,strategy:""constant"",verbose:0,features:null,categories:null,dtype:float64""},unknown:""ignore"",values:null,sparse:true,weight:null,criterion:""gini"",depth:6696318605444098,features:1.0,nodes:null,decrease:0.0,split:null,leaf:18,split:20,leaf:0.0,presort:false,state:36581,splitter:""best"""
"9297628","sklearn.pipeline.Pipeline(columntransformer=sklearn.compose._column_transformer.ColumnTransformer(numeric=sklearn.pipeline.Pipeline(missingindicator=sklearn.impute.MissingIndicator,imputer=sklearn.preprocessing.imputation.Imputer,standardscaler=sklearn.preprocessing.data.StandardScaler),nominal=sklearn.pipeline.Pipeline(simpleimputer=sklearn.impute.SimpleImputer,onehotencoder=sklearn.preprocessing._encoders.OneHotEncoder)),decisiontreeclassifier=sklearn.tree.tree.DecisionTreeClassifier)(1)","0.2988","memory:null,jobs:null,remainder:""passthrough"",threshold:0.3,weights:null,memory:null,new:false,features:""missing-only"",values:NaN,sparse:""auto"",axis:0,copy:true,values:""NaN"",strategy:""most_frequent"",verbose:0,copy:true,mean:true,std:true,memory:null,copy:true,value:-1,values:NaN,strategy:""constant"",verbose:0,features:null,categories:null,dtype:float64""},unknown:""ignore"",values:null,sparse:true,weight:null,criterion:""gini"",depth:1109196999509008,features:1.0,nodes:null,decrease:0.0,split:null,leaf:17,split:10,leaf:0.0,presort:false,state:28315,splitter:""best"""
"9347160","sklearn.pipeline.Pipeline(columntransformer=sklearn.compose._column_transformer.ColumnTransformer(numeric=sklearn.pipeline.Pipeline(missingindicator=sklearn.impute.MissingIndicator,imputer=sklearn.preprocessing.imputation.Imputer,standardscaler=sklearn.preprocessing.data.StandardScaler),nominal=sklearn.pipeline.Pipeline(simpleimputer=sklearn.impute.SimpleImputer,onehotencoder=sklearn.preprocessing._encoders.OneHotEncoder)),decisiontreeclassifier=sklearn.tree.tree.DecisionTreeClassifier)(1)","0.2988","memory:null,jobs:null,remainder:""passthrough"",threshold:0.3,weights:null,memory:null,new:false,features:""missing-only"",values:NaN,sparse:""auto"",axis:0,copy:true,values:""NaN"",strategy:""median"",verbose:0,copy:true,mean:true,std:true,memory:null,copy:true,value:-1,values:NaN,strategy:""constant"",verbose:0,features:null,categories:null,dtype:float64""},unknown:""ignore"",values:null,sparse:true,weight:null,criterion:""gini"",depth:4320569415260984,features:1.0,nodes:null,decrease:0.0,split:null,leaf:10,split:12,leaf:0.0,presort:false,state:31728,splitter:""best"""
"9517500","sklearn.pipeline.Pipeline(columntransformer=sklearn.compose._column_transformer.ColumnTransformer(numeric=sklearn.pipeline.Pipeline(missingindicator=sklearn.impute.MissingIndicator,imputer=sklearn.preprocessing.imputation.Imputer,standardscaler=sklearn.preprocessing.data.StandardScaler),nominal=sklearn.pipeline.Pipeline(simpleimputer=sklearn.impute.SimpleImputer,onehotencoder=sklearn.preprocessing._encoders.OneHotEncoder)),decisiontreeclassifier=sklearn.tree.tree.DecisionTreeClassifier)(1)","0.2988","memory:null,jobs:null,remainder:""passthrough"",threshold:0.3,weights:null,memory:null,new:false,features:""missing-only"",values:NaN,sparse:""auto"",axis:0,copy:true,values:""NaN"",strategy:""most_frequent"",verbose:0,copy:true,mean:true,std:true,memory:null,copy:true,value:-1,values:NaN,strategy:""constant"",verbose:0,features:null,categories:null,dtype:float64""},unknown:""ignore"",values:null,sparse:true,weight:null,criterion:""gini"",depth:6520103795060013,features:1.0,nodes:null,decrease:0.0,split:null,leaf:20,split:16,leaf:0.0,presort:false,state:64461,splitter:""best"""
"9418764","sklearn.pipeline.Pipeline(columntransformer=sklearn.compose._column_transformer.ColumnTransformer(numeric=sklearn.pipeline.Pipeline(missingindicator=sklearn.impute.MissingIndicator,imputer=sklearn.preprocessing.imputation.Imputer,standardscaler=sklearn.preprocessing.data.StandardScaler),nominal=sklearn.pipeline.Pipeline(simpleimputer=sklearn.impute.SimpleImputer,onehotencoder=sklearn.preprocessing._encoders.OneHotEncoder)),decisiontreeclassifier=sklearn.tree.tree.DecisionTreeClassifier)(1)","0.2988","memory:null,jobs:null,remainder:""passthrough"",threshold:0.3,weights:null,memory:null,new:false,features:""missing-only"",values:NaN,sparse:""auto"",axis:0,copy:true,values:""NaN"",strategy:""median"",verbose:0,copy:true,mean:true,std:true,memory:null,copy:true,value:-1,values:NaN,strategy:""constant"",verbose:0,features:null,categories:null,dtype:float64""},unknown:""ignore"",values:null,sparse:true,weight:null,criterion:""entropy"",depth:7709336794694042,features:1.0,nodes:null,decrease:0.0,split:null,leaf:1,split:12,leaf:0.0,presort:false,state:5288,splitter:""best"""
"9267663","sklearn.pipeline.Pipeline(columntransformer=sklearn.compose._column_transformer.ColumnTransformer(numeric=sklearn.pipeline.Pipeline(missingindicator=sklearn.impute.MissingIndicator,imputer=sklearn.preprocessing.imputation.Imputer,standardscaler=sklearn.preprocessing.data.StandardScaler),nominal=sklearn.pipeline.Pipeline(simpleimputer=sklearn.impute.SimpleImputer,onehotencoder=sklearn.preprocessing._encoders.OneHotEncoder)),decisiontreeclassifier=sklearn.tree.tree.DecisionTreeClassifier)(1)","0.2988","memory:null,jobs:null,remainder:""passthrough"",threshold:0.3,weights:null,memory:null,new:false,features:""missing-only"",values:NaN,sparse:""auto"",axis:0,copy:true,values:""NaN"",strategy:""median"",verbose:0,copy:true,mean:true,std:true,memory:null,copy:true,value:-1,values:NaN,strategy:""constant"",verbose:0,features:null,categories:null,dtype:float64""},unknown:""ignore"",values:null,sparse:true,weight:null,criterion:""entropy"",depth:8205434799877855,features:1.0,nodes:null,decrease:0.0,split:null,leaf:8,split:18,leaf:0.0,presort:false,state:40162,splitter:""best"""
"9291293","sklearn.pipeline.Pipeline(columntransformer=sklearn.compose._column_transformer.ColumnTransformer(numeric=sklearn.pipeline.Pipeline(missingindicator=sklearn.impute.MissingIndicator,imputer=sklearn.preprocessing.imputation.Imputer,standardscaler=sklearn.preprocessing.data.StandardScaler),nominal=sklearn.pipeline.Pipeline(simpleimputer=sklearn.impute.SimpleImputer,onehotencoder=sklearn.preprocessing._encoders.OneHotEncoder)),decisiontreeclassifier=sklearn.tree.tree.DecisionTreeClassifier)(1)","0.2988","memory:null,jobs:null,remainder:""passthrough"",threshold:0.3,weights:null,memory:null,new:false,features:""missing-only"",values:NaN,sparse:""auto"",axis:0,copy:true,values:""NaN"",strategy:""mean"",verbose:0,copy:true,mean:true,std:true,memory:null,copy:true,value:-1,values:NaN,strategy:""constant"",verbose:0,features:null,categories:null,dtype:float64""},unknown:""ignore"",values:null,sparse:true,weight:null,criterion:""gini"",depth:2284366472054473,features:1.0,nodes:null,decrease:0.0,split:null,leaf:2,split:18,leaf:0.0,presort:false,state:30443,splitter:""best"""
"9510163","sklearn.pipeline.Pipeline(columntransformer=sklearn.compose._column_transformer.ColumnTransformer(numeric=sklearn.pipeline.Pipeline(missingindicator=sklearn.impute.MissingIndicator,imputer=sklearn.preprocessing.imputation.Imputer,standardscaler=sklearn.preprocessing.data.StandardScaler),nominal=sklearn.pipeline.Pipeline(simpleimputer=sklearn.impute.SimpleImputer,onehotencoder=sklearn.preprocessing._encoders.OneHotEncoder)),decisiontreeclassifier=sklearn.tree.tree.DecisionTreeClassifier)(1)","0.2988","memory:null,jobs:null,remainder:""passthrough"",threshold:0.3,weights:null,memory:null,new:false,features:""missing-only"",values:NaN,sparse:""auto"",axis:0,copy:true,values:""NaN"",strategy:""median"",verbose:0,copy:true,mean:true,std:true,memory:null,copy:true,value:-1,values:NaN,strategy:""constant"",verbose:0,features:null,categories:null,dtype:float64""},unknown:""ignore"",values:null,sparse:true,weight:null,criterion:""gini"",depth:7666495527587531,features:1.0,nodes:null,decrease:0.0,split:null,leaf:16,split:15,leaf:0.0,presort:false,state:44333,splitter:""best"""
"9366644","sklearn.pipeline.Pipeline(columntransformer=sklearn.compose._column_transformer.ColumnTransformer(numeric=sklearn.pipeline.Pipeline(missingindicator=sklearn.impute.MissingIndicator,imputer=sklearn.preprocessing.imputation.Imputer,standardscaler=sklearn.preprocessing.data.StandardScaler),nominal=sklearn.pipeline.Pipeline(simpleimputer=sklearn.impute.SimpleImputer,onehotencoder=sklearn.preprocessing._encoders.OneHotEncoder)),decisiontreeclassifier=sklearn.tree.tree.DecisionTreeClassifier)(1)","0.2988","memory:null,jobs:null,remainder:""passthrough"",threshold:0.3,weights:null,memory:null,new:false,features:""missing-only"",values:NaN,sparse:""auto"",axis:0,copy:true,values:""NaN"",strategy:""most_frequent"",verbose:0,copy:true,mean:true,std:true,memory:null,copy:true,value:-1,values:NaN,strategy:""constant"",verbose:0,features:null,categories:null,dtype:float64""},unknown:""ignore"",values:null,sparse:true,weight:null,criterion:""entropy"",depth:9966934471747741,features:1.0,nodes:null,decrease:0.0,split:null,leaf:17,split:9,leaf:0.0,presort:false,state:17848,splitter:""best"""
"9316352","sklearn.pipeline.Pipeline(columntransformer=sklearn.compose._column_transformer.ColumnTransformer(numeric=sklearn.pipeline.Pipeline(missingindicator=sklearn.impute.MissingIndicator,imputer=sklearn.preprocessing.imputation.Imputer,standardscaler=sklearn.preprocessing.data.StandardScaler),nominal=sklearn.pipeline.Pipeline(simpleimputer=sklearn.impute.SimpleImputer,onehotencoder=sklearn.preprocessing._encoders.OneHotEncoder)),decisiontreeclassifier=sklearn.tree.tree.DecisionTreeClassifier)(1)","0.2988","memory:null,jobs:null,remainder:""passthrough"",threshold:0.3,weights:null,memory:null,new:false,features:""missing-only"",values:NaN,sparse:""auto"",axis:0,copy:true,values:""NaN"",strategy:""most_frequent"",verbose:0,copy:true,mean:true,std:true,memory:null,copy:true,value:-1,values:NaN,strategy:""constant"",verbose:0,features:null,categories:null,dtype:float64""},unknown:""ignore"",values:null,sparse:true,weight:null,criterion:""entropy"",depth:056720858105010485,features:1.0,nodes:null,decrease:0.0,split:null,leaf:6,split:17,leaf:0.0,presort:false,state:44881,splitter:""best"""
"9275502","sklearn.pipeline.Pipeline(columntransformer=sklearn.compose._column_transformer.ColumnTransformer(numeric=sklearn.pipeline.Pipeline(missingindicator=sklearn.impute.MissingIndicator,imputer=sklearn.preprocessing.imputation.Imputer,standardscaler=sklearn.preprocessing.data.StandardScaler),nominal=sklearn.pipeline.Pipeline(simpleimputer=sklearn.impute.SimpleImputer,onehotencoder=sklearn.preprocessing._encoders.OneHotEncoder)),decisiontreeclassifier=sklearn.tree.tree.DecisionTreeClassifier)(1)","0.2988","memory:null,jobs:null,remainder:""passthrough"",threshold:0.3,weights:null,memory:null,new:false,features:""missing-only"",values:NaN,sparse:""auto"",axis:0,copy:true,values:""NaN"",strategy:""most_frequent"",verbose:0,copy:true,mean:true,std:true,memory:null,copy:true,value:-1,values:NaN,strategy:""constant"",verbose:0,features:null,categories:null,dtype:float64""},unknown:""ignore"",values:null,sparse:true,weight:null,criterion:""gini"",depth:2841222446332388,features:1.0,nodes:null,decrease:0.0,split:null,leaf:9,split:13,leaf:0.0,presort:false,state:58250,splitter:""best"""
"9546070","sklearn.pipeline.Pipeline(columntransformer=sklearn.compose._column_transformer.ColumnTransformer(numeric=sklearn.pipeline.Pipeline(missingindicator=sklearn.impute.MissingIndicator,imputer=sklearn.preprocessing.imputation.Imputer,standardscaler=sklearn.preprocessing.data.StandardScaler),nominal=sklearn.pipeline.Pipeline(simpleimputer=sklearn.impute.SimpleImputer,onehotencoder=sklearn.preprocessing._encoders.OneHotEncoder)),decisiontreeclassifier=sklearn.tree.tree.DecisionTreeClassifier)(1)","0.2988","memory:null,jobs:null,remainder:""passthrough"",threshold:0.3,weights:null,memory:null,new:false,features:""missing-only"",values:NaN,sparse:""auto"",axis:0,copy:true,values:""NaN"",strategy:""median"",verbose:0,copy:true,mean:true,std:true,memory:null,copy:true,value:-1,values:NaN,strategy:""constant"",verbose:0,features:null,categories:null,dtype:float64""},unknown:""ignore"",values:null,sparse:true,weight:null,criterion:""entropy"",depth:3761226897811814,features:1.0,nodes:null,decrease:0.0,split:null,leaf:5,split:4,leaf:0.0,presort:false,state:28467,splitter:""best"""
"9310449","sklearn.pipeline.Pipeline(columntransformer=sklearn.compose._column_transformer.ColumnTransformer(numeric=sklearn.pipeline.Pipeline(missingindicator=sklearn.impute.MissingIndicator,imputer=sklearn.preprocessing.imputation.Imputer,standardscaler=sklearn.preprocessing.data.StandardScaler),nominal=sklearn.pipeline.Pipeline(simpleimputer=sklearn.impute.SimpleImputer,onehotencoder=sklearn.preprocessing._encoders.OneHotEncoder)),decisiontreeclassifier=sklearn.tree.tree.DecisionTreeClassifier)(1)","0.2988","memory:null,jobs:null,remainder:""passthrough"",threshold:0.3,weights:null,memory:null,new:false,features:""missing-only"",values:NaN,sparse:""auto"",axis:0,copy:true,values:""NaN"",strategy:""median"",verbose:0,copy:true,mean:true,std:true,memory:null,copy:true,value:-1,values:NaN,strategy:""constant"",verbose:0,features:null,categories:null,dtype:float64""},unknown:""ignore"",values:null,sparse:true,weight:null,criterion:""gini"",depth:115101215831533,features:1.0,nodes:null,decrease:0.0,split:null,leaf:2,split:19,leaf:0.0,presort:false,state:22082,splitter:""best"""
"9543442","sklearn.pipeline.Pipeline(columntransformer=sklearn.compose._column_transformer.ColumnTransformer(numeric=sklearn.pipeline.Pipeline(missingindicator=sklearn.impute.MissingIndicator,imputer=sklearn.preprocessing.imputation.Imputer,standardscaler=sklearn.preprocessing.data.StandardScaler),nominal=sklearn.pipeline.Pipeline(simpleimputer=sklearn.impute.SimpleImputer,onehotencoder=sklearn.preprocessing._encoders.OneHotEncoder)),decisiontreeclassifier=sklearn.tree.tree.DecisionTreeClassifier)(1)","0.2988","memory:null,jobs:null,remainder:""passthrough"",threshold:0.3,weights:null,memory:null,new:false,features:""missing-only"",values:NaN,sparse:""auto"",axis:0,copy:true,values:""NaN"",strategy:""most_frequent"",verbose:0,copy:true,mean:true,std:true,memory:null,copy:true,value:-1,values:NaN,strategy:""constant"",verbose:0,features:null,categories:null,dtype:float64""},unknown:""ignore"",values:null,sparse:true,weight:null,criterion:""entropy"",depth:09109012753516232,features:1.0,nodes:null,decrease:0.0,split:null,leaf:19,split:12,leaf:0.0,presort:false,state:7235,splitter:""best"""
"9387187","sklearn.pipeline.Pipeline(columntransformer=sklearn.compose._column_transformer.ColumnTransformer(numeric=sklearn.pipeline.Pipeline(missingindicator=sklearn.impute.MissingIndicator,imputer=sklearn.preprocessing.imputation.Imputer,standardscaler=sklearn.preprocessing.data.StandardScaler),nominal=sklearn.pipeline.Pipeline(simpleimputer=sklearn.impute.SimpleImputer,onehotencoder=sklearn.preprocessing._encoders.OneHotEncoder)),decisiontreeclassifier=sklearn.tree.tree.DecisionTreeClassifier)(1)","0.2988","memory:null,jobs:null,remainder:""passthrough"",threshold:0.3,weights:null,memory:null,new:false,features:""missing-only"",values:NaN,sparse:""auto"",axis:0,copy:true,values:""NaN"",strategy:""most_frequent"",verbose:0,copy:true,mean:true,std:true,memory:null,copy:true,value:-1,values:NaN,strategy:""constant"",verbose:0,features:null,categories:null,dtype:float64""},unknown:""ignore"",values:null,sparse:true,weight:null,criterion:""gini"",depth:777063158073574,features:1.0,nodes:null,decrease:0.0,split:null,leaf:13,split:14,leaf:0.0,presort:false,state:8836,splitter:""best"""
"9518178","sklearn.pipeline.Pipeline(columntransformer=sklearn.compose._column_transformer.ColumnTransformer(numeric=sklearn.pipeline.Pipeline(missingindicator=sklearn.impute.MissingIndicator,imputer=sklearn.preprocessing.imputation.Imputer,standardscaler=sklearn.preprocessing.data.StandardScaler),nominal=sklearn.pipeline.Pipeline(simpleimputer=sklearn.impute.SimpleImputer,onehotencoder=sklearn.preprocessing._encoders.OneHotEncoder)),decisiontreeclassifier=sklearn.tree.tree.DecisionTreeClassifier)(1)","0.2988","memory:null,jobs:null,remainder:""passthrough"",threshold:0.3,weights:null,memory:null,new:false,features:""missing-only"",values:NaN,sparse:""auto"",axis:0,copy:true,values:""NaN"",strategy:""most_frequent"",verbose:0,copy:true,mean:true,std:true,memory:null,copy:true,value:-1,values:NaN,strategy:""constant"",verbose:0,features:null,categories:null,dtype:float64""},unknown:""ignore"",values:null,sparse:true,weight:null,criterion:""entropy"",depth:9255120656540419,features:1.0,nodes:null,decrease:0.0,split:null,leaf:13,split:12,leaf:0.0,presort:false,state:24594,splitter:""best"""
"9373945","sklearn.pipeline.Pipeline(columntransformer=sklearn.compose._column_transformer.ColumnTransformer(numeric=sklearn.pipeline.Pipeline(missingindicator=sklearn.impute.MissingIndicator,imputer=sklearn.preprocessing.imputation.Imputer,standardscaler=sklearn.preprocessing.data.StandardScaler),nominal=sklearn.pipeline.Pipeline(simpleimputer=sklearn.impute.SimpleImputer,onehotencoder=sklearn.preprocessing._encoders.OneHotEncoder)),decisiontreeclassifier=sklearn.tree.tree.DecisionTreeClassifier)(1)","0.2988","memory:null,jobs:null,remainder:""passthrough"",threshold:0.3,weights:null,memory:null,new:false,features:""missing-only"",values:NaN,sparse:""auto"",axis:0,copy:true,values:""NaN"",strategy:""most_frequent"",verbose:0,copy:true,mean:true,std:true,memory:null,copy:true,value:-1,values:NaN,strategy:""constant"",verbose:0,features:null,categories:null,dtype:float64""},unknown:""ignore"",values:null,sparse:true,weight:null,criterion:""gini"",depth:04840137521900423,features:1.0,nodes:null,decrease:0.0,split:null,leaf:13,split:2,leaf:0.0,presort:false,state:5197,splitter:""best"""
"9281381","sklearn.pipeline.Pipeline(columntransformer=sklearn.compose._column_transformer.ColumnTransformer(numeric=sklearn.pipeline.Pipeline(missingindicator=sklearn.impute.MissingIndicator,imputer=sklearn.preprocessing.imputation.Imputer,standardscaler=sklearn.preprocessing.data.StandardScaler),nominal=sklearn.pipeline.Pipeline(simpleimputer=sklearn.impute.SimpleImputer,onehotencoder=sklearn.preprocessing._encoders.OneHotEncoder)),decisiontreeclassifier=sklearn.tree.tree.DecisionTreeClassifier)(1)","0.2988","memory:null,jobs:null,remainder:""passthrough"",threshold:0.3,weights:null,memory:null,new:false,features:""missing-only"",values:NaN,sparse:""auto"",axis:0,copy:true,values:""NaN"",strategy:""mean"",verbose:0,copy:true,mean:true,std:true,memory:null,copy:true,value:-1,values:NaN,strategy:""constant"",verbose:0,features:null,categories:null,dtype:float64""},unknown:""ignore"",values:null,sparse:true,weight:null,criterion:""entropy"",depth:06302225358983926,features:1.0,nodes:null,decrease:0.0,split:null,leaf:14,split:8,leaf:0.0,presort:false,state:57214,splitter:""best"""
"9326226","sklearn.pipeline.Pipeline(columntransformer=sklearn.compose._column_transformer.ColumnTransformer(numeric=sklearn.pipeline.Pipeline(missingindicator=sklearn.impute.MissingIndicator,imputer=sklearn.preprocessing.imputation.Imputer,standardscaler=sklearn.preprocessing.data.StandardScaler),nominal=sklearn.pipeline.Pipeline(simpleimputer=sklearn.impute.SimpleImputer,onehotencoder=sklearn.preprocessing._encoders.OneHotEncoder)),bernoullinb=sklearn.naive_bayes.BernoulliNB)(1)","0.2988","jobs:null,remainder:""passthrough"",threshold:0.3,weights:null,memory:null,new:false,features:""missing-only"",values:NaN,sparse:""auto"",axis:0,copy:true,values:""NaN"",strategy:""mean"",verbose:0,copy:true,mean:true,std:true,memory:null,copy:true,value:-1,values:NaN,strategy:""constant"",verbose:0,features:null,categories:null,dtype:float64""},unknown:""ignore"",values:null,sparse:true,memory:null,alpha:07405735677216568,binarize:0.0,prior:null,prior:false"
"9269413","sklearn.pipeline.Pipeline(columntransformer=sklearn.compose._column_transformer.ColumnTransformer(numeric=sklearn.pipeline.Pipeline(missingindicator=sklearn.impute.MissingIndicator,imputer=sklearn.preprocessing.imputation.Imputer,standardscaler=sklearn.preprocessing.data.StandardScaler),nominal=sklearn.pipeline.Pipeline(simpleimputer=sklearn.impute.SimpleImputer,onehotencoder=sklearn.preprocessing._encoders.OneHotEncoder)),bernoullinb=sklearn.naive_bayes.BernoulliNB)(1)","0.2988","jobs:null,remainder:""passthrough"",threshold:0.3,weights:null,memory:null,new:false,features:""missing-only"",values:NaN,sparse:""auto"",axis:0,copy:true,values:""NaN"",strategy:""median"",verbose:0,copy:true,mean:true,std:true,memory:null,copy:true,value:-1,values:NaN,strategy:""constant"",verbose:0,features:null,categories:null,dtype:float64""},unknown:""ignore"",values:null,sparse:true,memory:null,alpha:0823968878949748,binarize:0.0,prior:null,prior:true"
"9374845","sklearn.pipeline.Pipeline(columntransformer=sklearn.compose._column_transformer.ColumnTransformer(numeric=sklearn.pipeline.Pipeline(missingindicator=sklearn.impute.MissingIndicator,imputer=sklearn.preprocessing.imputation.Imputer,standardscaler=sklearn.preprocessing.data.StandardScaler),nominal=sklearn.pipeline.Pipeline(simpleimputer=sklearn.impute.SimpleImputer,onehotencoder=sklearn.preprocessing._encoders.OneHotEncoder)),bernoullinb=sklearn.naive_bayes.BernoulliNB)(1)","0.2988","jobs:null,remainder:""passthrough"",threshold:0.3,weights:null,memory:null,new:false,features:""missing-only"",values:NaN,sparse:""auto"",axis:0,copy:true,values:""NaN"",strategy:""median"",verbose:0,copy:true,mean:true,std:true,memory:null,copy:true,value:-1,values:NaN,strategy:""constant"",verbose:0,features:null,categories:null,dtype:float64""},unknown:""ignore"",values:null,sparse:true,memory:null,alpha:113617346287694,binarize:0.0,prior:null,prior:true"
"9420420","sklearn.pipeline.Pipeline(columntransformer=sklearn.compose._column_transformer.ColumnTransformer(numeric=sklearn.pipeline.Pipeline(missingindicator=sklearn.impute.MissingIndicator,imputer=sklearn.preprocessing.imputation.Imputer,standardscaler=sklearn.preprocessing.data.StandardScaler),nominal=sklearn.pipeline.Pipeline(simpleimputer=sklearn.impute.SimpleImputer,onehotencoder=sklearn.preprocessing._encoders.OneHotEncoder)),bernoullinb=sklearn.naive_bayes.BernoulliNB)(1)","0.2988","jobs:null,remainder:""passthrough"",threshold:0.3,weights:null,memory:null,new:false,features:""missing-only"",values:NaN,sparse:""auto"",axis:0,copy:true,values:""NaN"",strategy:""median"",verbose:0,copy:true,mean:true,std:true,memory:null,copy:true,value:-1,values:NaN,strategy:""constant"",verbose:0,features:null,categories:null,dtype:float64""},unknown:""ignore"",values:null,sparse:true,memory:null,alpha:771257221618303,binarize:0.0,prior:null,prior:false"
"9342965","sklearn.pipeline.Pipeline(columntransformer=sklearn.compose._column_transformer.ColumnTransformer(numeric=sklearn.pipeline.Pipeline(missingindicator=sklearn.impute.MissingIndicator,imputer=sklearn.preprocessing.imputation.Imputer,standardscaler=sklearn.preprocessing.data.StandardScaler),nominal=sklearn.pipeline.Pipeline(simpleimputer=sklearn.impute.SimpleImputer,onehotencoder=sklearn.preprocessing._encoders.OneHotEncoder)),bernoullinb=sklearn.naive_bayes.BernoulliNB)(1)","0.2988","jobs:null,remainder:""passthrough"",threshold:0.3,weights:null,memory:null,new:false,features:""missing-only"",values:NaN,sparse:""auto"",axis:0,copy:true,values:""NaN"",strategy:""median"",verbose:0,copy:true,mean:true,std:true,memory:null,copy:true,value:-1,values:NaN,strategy:""constant"",verbose:0,features:null,categories:null,dtype:float64""},unknown:""ignore"",values:null,sparse:true,memory:null,alpha:425637200763385,binarize:0.0,prior:null,prior:true"
"9511906","sklearn.pipeline.Pipeline(columntransformer=sklearn.compose._column_transformer.ColumnTransformer(numeric=sklearn.pipeline.Pipeline(missingindicator=sklearn.impute.MissingIndicator,imputer=sklearn.preprocessing.imputation.Imputer,standardscaler=sklearn.preprocessing.data.StandardScaler),nominal=sklearn.pipeline.Pipeline(simpleimputer=sklearn.impute.SimpleImputer,onehotencoder=sklearn.preprocessing._encoders.OneHotEncoder)),bernoullinb=sklearn.naive_bayes.BernoulliNB)(1)","0.2988","jobs:null,remainder:""passthrough"",threshold:0.3,weights:null,memory:null,new:false,features:""missing-only"",values:NaN,sparse:""auto"",axis:0,copy:true,values:""NaN"",strategy:""median"",verbose:0,copy:true,mean:true,std:true,memory:null,copy:true,value:-1,values:NaN,strategy:""constant"",verbose:0,features:null,categories:null,dtype:float64""},unknown:""ignore"",values:null,sparse:true,memory:null,alpha:1209646670801885,binarize:0.0,prior:null,prior:false"
"9275184","sklearn.pipeline.Pipeline(columntransformer=sklearn.compose._column_transformer.ColumnTransformer(numeric=sklearn.pipeline.Pipeline(missingindicator=sklearn.impute.MissingIndicator,imputer=sklearn.preprocessing.imputation.Imputer,standardscaler=sklearn.preprocessing.data.StandardScaler),nominal=sklearn.pipeline.Pipeline(simpleimputer=sklearn.impute.SimpleImputer,onehotencoder=sklearn.preprocessing._encoders.OneHotEncoder)),bernoullinb=sklearn.naive_bayes.BernoulliNB)(1)","0.2988","jobs:null,remainder:""passthrough"",threshold:0.3,weights:null,memory:null,new:false,features:""missing-only"",values:NaN,sparse:""auto"",axis:0,copy:true,values:""NaN"",strategy:""most_frequent"",verbose:0,copy:true,mean:true,std:true,memory:null,copy:true,value:-1,values:NaN,strategy:""constant"",verbose:0,features:null,categories:null,dtype:float64""},unknown:""ignore"",values:null,sparse:true,memory:null,alpha:018362379715822594,binarize:0.0,prior:null,prior:false"
"9409873","sklearn.pipeline.Pipeline(columntransformer=sklearn.compose._column_transformer.ColumnTransformer(numeric=sklearn.pipeline.Pipeline(missingindicator=sklearn.impute.MissingIndicator,imputer=sklearn.preprocessing.imputation.Imputer,standardscaler=sklearn.preprocessing.data.StandardScaler),nominal=sklearn.pipeline.Pipeline(simpleimputer=sklearn.impute.SimpleImputer,onehotencoder=sklearn.preprocessing._encoders.OneHotEncoder)),bernoullinb=sklearn.naive_bayes.BernoulliNB)(1)","0.2988","jobs:null,remainder:""passthrough"",threshold:0.3,weights:null,memory:null,new:false,features:""missing-only"",values:NaN,sparse:""auto"",axis:0,copy:true,values:""NaN"",strategy:""mean"",verbose:0,copy:true,mean:true,std:true,memory:null,copy:true,value:-1,values:NaN,strategy:""constant"",verbose:0,features:null,categories:null,dtype:float64""},unknown:""ignore"",values:null,sparse:true,memory:null,alpha:9217952518575827,binarize:0.0,prior:null,prior:false"
"9384210","sklearn.pipeline.Pipeline(columntransformer=sklearn.compose._column_transformer.ColumnTransformer(numeric=sklearn.pipeline.Pipeline(missingindicator=sklearn.impute.MissingIndicator,imputer=sklearn.preprocessing.imputation.Imputer,standardscaler=sklearn.preprocessing.data.StandardScaler),nominal=sklearn.pipeline.Pipeline(simpleimputer=sklearn.impute.SimpleImputer,onehotencoder=sklearn.preprocessing._encoders.OneHotEncoder)),bernoullinb=sklearn.naive_bayes.BernoulliNB)(1)","0.2988","jobs:null,remainder:""passthrough"",threshold:0.3,weights:null,memory:null,new:false,features:""missing-only"",values:NaN,sparse:""auto"",axis:0,copy:true,values:""NaN"",strategy:""median"",verbose:0,copy:true,mean:true,std:true,memory:null,copy:true,value:-1,values:NaN,strategy:""constant"",verbose:0,features:null,categories:null,dtype:float64""},unknown:""ignore"",values:null,sparse:true,memory:null,alpha:2714623345757,binarize:0.0,prior:null,prior:true"
"9394434","sklearn.pipeline.Pipeline(columntransformer=sklearn.compose._column_transformer.ColumnTransformer(numeric=sklearn.pipeline.Pipeline(missingindicator=sklearn.impute.MissingIndicator,imputer=sklearn.preprocessing.imputation.Imputer,standardscaler=sklearn.preprocessing.data.StandardScaler),nominal=sklearn.pipeline.Pipeline(simpleimputer=sklearn.impute.SimpleImputer,onehotencoder=sklearn.preprocessing._encoders.OneHotEncoder)),bernoullinb=sklearn.naive_bayes.BernoulliNB)(1)","0.2988","jobs:null,remainder:""passthrough"",threshold:0.3,weights:null,memory:null,new:false,features:""missing-only"",values:NaN,sparse:""auto"",axis:0,copy:true,values:""NaN"",strategy:""median"",verbose:0,copy:true,mean:true,std:true,memory:null,copy:true,value:-1,values:NaN,strategy:""constant"",verbose:0,features:null,categories:null,dtype:float64""},unknown:""ignore"",values:null,sparse:true,memory:null,alpha:024599071032920198,binarize:0.0,prior:null,prior:false"
"9322689","sklearn.pipeline.Pipeline(columntransformer=sklearn.compose._column_transformer.ColumnTransformer(numeric=sklearn.pipeline.Pipeline(missingindicator=sklearn.impute.MissingIndicator,imputer=sklearn.preprocessing.imputation.Imputer,standardscaler=sklearn.preprocessing.data.StandardScaler),nominal=sklearn.pipeline.Pipeline(simpleimputer=sklearn.impute.SimpleImputer,onehotencoder=sklearn.preprocessing._encoders.OneHotEncoder)),bernoullinb=sklearn.naive_bayes.BernoulliNB)(1)","0.2988","jobs:null,remainder:""passthrough"",threshold:0.3,weights:null,memory:null,new:false,features:""missing-only"",values:NaN,sparse:""auto"",axis:0,copy:true,values:""NaN"",strategy:""mean"",verbose:0,copy:true,mean:true,std:true,memory:null,copy:true,value:-1,values:NaN,strategy:""constant"",verbose:0,features:null,categories:null,dtype:float64""},unknown:""ignore"",values:null,sparse:true,memory:null,alpha:215666451291263,binarize:0.0,prior:null,prior:false"
"9362361","sklearn.pipeline.Pipeline(columntransformer=sklearn.compose._column_transformer.ColumnTransformer(numeric=sklearn.pipeline.Pipeline(missingindicator=sklearn.impute.MissingIndicator,imputer=sklearn.preprocessing.imputation.Imputer,standardscaler=sklearn.preprocessing.data.StandardScaler),nominal=sklearn.pipeline.Pipeline(simpleimputer=sklearn.impute.SimpleImputer,onehotencoder=sklearn.preprocessing._encoders.OneHotEncoder)),bernoullinb=sklearn.naive_bayes.BernoulliNB)(1)","0.2988","jobs:null,remainder:""passthrough"",threshold:0.3,weights:null,memory:null,new:false,features:""missing-only"",values:NaN,sparse:""auto"",axis:0,copy:true,values:""NaN"",strategy:""median"",verbose:0,copy:true,mean:true,std:true,memory:null,copy:true,value:-1,values:NaN,strategy:""constant"",verbose:0,features:null,categories:null,dtype:float64""},unknown:""ignore"",values:null,sparse:true,memory:null,alpha:2441170358052807,binarize:0.0,prior:null,prior:false"
"9386492","sklearn.pipeline.Pipeline(columntransformer=sklearn.compose._column_transformer.ColumnTransformer(numeric=sklearn.pipeline.Pipeline(missingindicator=sklearn.impute.MissingIndicator,imputer=sklearn.preprocessing.imputation.Imputer,standardscaler=sklearn.preprocessing.data.StandardScaler),nominal=sklearn.pipeline.Pipeline(simpleimputer=sklearn.impute.SimpleImputer,onehotencoder=sklearn.preprocessing._encoders.OneHotEncoder)),bernoullinb=sklearn.naive_bayes.BernoulliNB)(1)","0.2988","jobs:null,remainder:""passthrough"",threshold:0.3,weights:null,memory:null,new:false,features:""missing-only"",values:NaN,sparse:""auto"",axis:0,copy:true,values:""NaN"",strategy:""most_frequent"",verbose:0,copy:true,mean:true,std:true,memory:null,copy:true,value:-1,values:NaN,strategy:""constant"",verbose:0,features:null,categories:null,dtype:float64""},unknown:""ignore"",values:null,sparse:true,memory:null,alpha:2256209645275014,binarize:0.0,prior:null,prior:false"
"9407996","sklearn.pipeline.Pipeline(columntransformer=sklearn.compose._column_transformer.ColumnTransformer(numeric=sklearn.pipeline.Pipeline(missingindicator=sklearn.impute.MissingIndicator,imputer=sklearn.preprocessing.imputation.Imputer,standardscaler=sklearn.preprocessing.data.StandardScaler),nominal=sklearn.pipeline.Pipeline(simpleimputer=sklearn.impute.SimpleImputer,onehotencoder=sklearn.preprocessing._encoders.OneHotEncoder)),bernoullinb=sklearn.naive_bayes.BernoulliNB)(1)","0.2988","jobs:null,remainder:""passthrough"",threshold:0.3,weights:null,memory:null,new:false,features:""missing-only"",values:NaN,sparse:""auto"",axis:0,copy:true,values:""NaN"",strategy:""mean"",verbose:0,copy:true,mean:true,std:true,memory:null,copy:true,value:-1,values:NaN,strategy:""constant"",verbose:0,features:null,categories:null,dtype:float64""},unknown:""ignore"",values:null,sparse:true,memory:null,alpha:46388264799869,binarize:0.0,prior:null,prior:false"
"9341870","sklearn.pipeline.Pipeline(columntransformer=sklearn.compose._column_transformer.ColumnTransformer(numeric=sklearn.pipeline.Pipeline(missingindicator=sklearn.impute.MissingIndicator,imputer=sklearn.preprocessing.imputation.Imputer,standardscaler=sklearn.preprocessing.data.StandardScaler),nominal=sklearn.pipeline.Pipeline(simpleimputer=sklearn.impute.SimpleImputer,onehotencoder=sklearn.preprocessing._encoders.OneHotEncoder)),bernoullinb=sklearn.naive_bayes.BernoulliNB)(1)","0.2988","jobs:null,remainder:""passthrough"",threshold:0.3,weights:null,memory:null,new:false,features:""missing-only"",values:NaN,sparse:""auto"",axis:0,copy:true,values:""NaN"",strategy:""most_frequent"",verbose:0,copy:true,mean:true,std:true,memory:null,copy:true,value:-1,values:NaN,strategy:""constant"",verbose:0,features:null,categories:null,dtype:float64""},unknown:""ignore"",values:null,sparse:true,memory:null,alpha:908556945984285,binarize:0.0,prior:null,prior:true"
"9530892","sklearn.pipeline.Pipeline(columntransformer=sklearn.compose._column_transformer.ColumnTransformer(numeric=sklearn.pipeline.Pipeline(missingindicator=sklearn.impute.MissingIndicator,imputer=sklearn.preprocessing.imputation.Imputer,standardscaler=sklearn.preprocessing.data.StandardScaler),nominal=sklearn.pipeline.Pipeline(simpleimputer=sklearn.impute.SimpleImputer,onehotencoder=sklearn.preprocessing._encoders.OneHotEncoder)),bernoullinb=sklearn.naive_bayes.BernoulliNB)(1)","0.2988","jobs:null,remainder:""passthrough"",threshold:0.3,weights:null,memory:null,new:false,features:""missing-only"",values:NaN,sparse:""auto"",axis:0,copy:true,values:""NaN"",strategy:""most_frequent"",verbose:0,copy:true,mean:true,std:true,memory:null,copy:true,value:-1,values:NaN,strategy:""constant"",verbose:0,features:null,categories:null,dtype:float64""},unknown:""ignore"",values:null,sparse:true,memory:null,alpha:5907196350221167,binarize:0.0,prior:null,prior:true"
"9367003","sklearn.pipeline.Pipeline(columntransformer=sklearn.compose._column_transformer.ColumnTransformer(numeric=sklearn.pipeline.Pipeline(missingindicator=sklearn.impute.MissingIndicator,imputer=sklearn.preprocessing.imputation.Imputer,standardscaler=sklearn.preprocessing.data.StandardScaler),nominal=sklearn.pipeline.Pipeline(simpleimputer=sklearn.impute.SimpleImputer,onehotencoder=sklearn.preprocessing._encoders.OneHotEncoder)),bernoullinb=sklearn.naive_bayes.BernoulliNB)(1)","0.2988","jobs:null,remainder:""passthrough"",threshold:0.3,weights:null,memory:null,new:false,features:""missing-only"",values:NaN,sparse:""auto"",axis:0,copy:true,values:""NaN"",strategy:""mean"",verbose:0,copy:true,mean:true,std:true,memory:null,copy:true,value:-1,values:NaN,strategy:""constant"",verbose:0,features:null,categories:null,dtype:float64""},unknown:""ignore"",values:null,sparse:true,memory:null,alpha:45041255923883766,binarize:0.0,prior:null,prior:false"
"9400345","sklearn.pipeline.Pipeline(columntransformer=sklearn.compose._column_transformer.ColumnTransformer(numeric=sklearn.pipeline.Pipeline(missingindicator=sklearn.impute.MissingIndicator,imputer=sklearn.preprocessing.imputation.Imputer,standardscaler=sklearn.preprocessing.data.StandardScaler),nominal=sklearn.pipeline.Pipeline(simpleimputer=sklearn.impute.SimpleImputer,onehotencoder=sklearn.preprocessing._encoders.OneHotEncoder)),bernoullinb=sklearn.naive_bayes.BernoulliNB)(1)","0.2988","jobs:null,remainder:""passthrough"",threshold:0.3,weights:null,memory:null,new:false,features:""missing-only"",values:NaN,sparse:""auto"",axis:0,copy:true,values:""NaN"",strategy:""median"",verbose:0,copy:true,mean:true,std:true,memory:null,copy:true,value:-1,values:NaN,strategy:""constant"",verbose:0,features:null,categories:null,dtype:float64""},unknown:""ignore"",values:null,sparse:true,memory:null,alpha:24352860486882902,binarize:0.0,prior:null,prior:true"
"9409517","sklearn.pipeline.Pipeline(columntransformer=sklearn.compose._column_transformer.ColumnTransformer(numeric=sklearn.pipeline.Pipeline(missingindicator=sklearn.impute.MissingIndicator,imputer=sklearn.preprocessing.imputation.Imputer,standardscaler=sklearn.preprocessing.data.StandardScaler),nominal=sklearn.pipeline.Pipeline(simpleimputer=sklearn.impute.SimpleImputer,onehotencoder=sklearn.preprocessing._encoders.OneHotEncoder)),bernoullinb=sklearn.naive_bayes.BernoulliNB)(1)","0.2988","jobs:null,remainder:""passthrough"",threshold:0.3,weights:null,memory:null,new:false,features:""missing-only"",values:NaN,sparse:""auto"",axis:0,copy:true,values:""NaN"",strategy:""most_frequent"",verbose:0,copy:true,mean:true,std:true,memory:null,copy:true,value:-1,values:NaN,strategy:""constant"",verbose:0,features:null,categories:null,dtype:float64""},unknown:""ignore"",values:null,sparse:true,memory:null,alpha:012883881168029574,binarize:0.0,prior:null,prior:true"
"9390827","sklearn.pipeline.Pipeline(columntransformer=sklearn.compose._column_transformer.ColumnTransformer(numeric=sklearn.pipeline.Pipeline(missingindicator=sklearn.impute.MissingIndicator,imputer=sklearn.preprocessing.imputation.Imputer,standardscaler=sklearn.preprocessing.data.StandardScaler),nominal=sklearn.pipeline.Pipeline(simpleimputer=sklearn.impute.SimpleImputer,onehotencoder=sklearn.preprocessing._encoders.OneHotEncoder)),bernoullinb=sklearn.naive_bayes.BernoulliNB)(1)","0.2988","jobs:null,remainder:""passthrough"",threshold:0.3,weights:null,memory:null,new:false,features:""missing-only"",values:NaN,sparse:""auto"",axis:0,copy:true,values:""NaN"",strategy:""median"",verbose:0,copy:true,mean:true,std:true,memory:null,copy:true,value:-1,values:NaN,strategy:""constant"",verbose:0,features:null,categories:null,dtype:float64""},unknown:""ignore"",values:null,sparse:true,memory:null,alpha:9559653783473301,binarize:0.0,prior:null,prior:true"
"9422185","sklearn.pipeline.Pipeline(columntransformer=sklearn.compose._column_transformer.ColumnTransformer(numeric=sklearn.pipeline.Pipeline(missingindicator=sklearn.impute.MissingIndicator,imputer=sklearn.preprocessing.imputation.Imputer,standardscaler=sklearn.preprocessing.data.StandardScaler),nominal=sklearn.pipeline.Pipeline(simpleimputer=sklearn.impute.SimpleImputer,onehotencoder=sklearn.preprocessing._encoders.OneHotEncoder)),bernoullinb=sklearn.naive_bayes.BernoulliNB)(1)","0.2988","jobs:null,remainder:""passthrough"",threshold:0.3,weights:null,memory:null,new:false,features:""missing-only"",values:NaN,sparse:""auto"",axis:0,copy:true,values:""NaN"",strategy:""most_frequent"",verbose:0,copy:true,mean:true,std:true,memory:null,copy:true,value:-1,values:NaN,strategy:""constant"",verbose:0,features:null,categories:null,dtype:float64""},unknown:""ignore"",values:null,sparse:true,memory:null,alpha:018472432608735736,binarize:0.0,prior:null,prior:true"
"9333030","sklearn.pipeline.Pipeline(columntransformer=sklearn.compose._column_transformer.ColumnTransformer(numeric=sklearn.pipeline.Pipeline(missingindicator=sklearn.impute.MissingIndicator,imputer=sklearn.preprocessing.imputation.Imputer,standardscaler=sklearn.preprocessing.data.StandardScaler),nominal=sklearn.pipeline.Pipeline(simpleimputer=sklearn.impute.SimpleImputer,onehotencoder=sklearn.preprocessing._encoders.OneHotEncoder)),bernoullinb=sklearn.naive_bayes.BernoulliNB)(1)","0.2988","jobs:null,remainder:""passthrough"",threshold:0.3,weights:null,memory:null,new:false,features:""missing-only"",values:NaN,sparse:""auto"",axis:0,copy:true,values:""NaN"",strategy:""mean"",verbose:0,copy:true,mean:true,std:true,memory:null,copy:true,value:-1,values:NaN,strategy:""constant"",verbose:0,features:null,categories:null,dtype:float64""},unknown:""ignore"",values:null,sparse:true,memory:null,alpha:49034707780297526,binarize:0.0,prior:null,prior:false"
"9415322","sklearn.pipeline.Pipeline(columntransformer=sklearn.compose._column_transformer.ColumnTransformer(numeric=sklearn.pipeline.Pipeline(missingindicator=sklearn.impute.MissingIndicator,imputer=sklearn.preprocessing.imputation.Imputer,standardscaler=sklearn.preprocessing.data.StandardScaler),nominal=sklearn.pipeline.Pipeline(simpleimputer=sklearn.impute.SimpleImputer,onehotencoder=sklearn.preprocessing._encoders.OneHotEncoder)),bernoullinb=sklearn.naive_bayes.BernoulliNB)(1)","0.2988","jobs:null,remainder:""passthrough"",threshold:0.3,weights:null,memory:null,new:false,features:""missing-only"",values:NaN,sparse:""auto"",axis:0,copy:true,values:""NaN"",strategy:""median"",verbose:0,copy:true,mean:true,std:true,memory:null,copy:true,value:-1,values:NaN,strategy:""constant"",verbose:0,features:null,categories:null,dtype:float64""},unknown:""ignore"",values:null,sparse:true,memory:null,alpha:34027698426981,binarize:0.0,prior:null,prior:false"
"9322155","sklearn.pipeline.Pipeline(columntransformer=sklearn.compose._column_transformer.ColumnTransformer(numeric=sklearn.pipeline.Pipeline(missingindicator=sklearn.impute.MissingIndicator,imputer=sklearn.preprocessing.imputation.Imputer,standardscaler=sklearn.preprocessing.data.StandardScaler),nominal=sklearn.pipeline.Pipeline(simpleimputer=sklearn.impute.SimpleImputer,onehotencoder=sklearn.preprocessing._encoders.OneHotEncoder)),bernoullinb=sklearn.naive_bayes.BernoulliNB)(1)","0.2988","jobs:null,remainder:""passthrough"",threshold:0.3,weights:null,memory:null,new:false,features:""missing-only"",values:NaN,sparse:""auto"",axis:0,copy:true,values:""NaN"",strategy:""most_frequent"",verbose:0,copy:true,mean:true,std:true,memory:null,copy:true,value:-1,values:NaN,strategy:""constant"",verbose:0,features:null,categories:null,dtype:float64""},unknown:""ignore"",values:null,sparse:true,memory:null,alpha:370997626759689,binarize:0.0,prior:null,prior:false"
"9318652","sklearn.pipeline.Pipeline(columntransformer=sklearn.compose._column_transformer.ColumnTransformer(numeric=sklearn.pipeline.Pipeline(missingindicator=sklearn.impute.MissingIndicator,imputer=sklearn.preprocessing.imputation.Imputer,standardscaler=sklearn.preprocessing.data.StandardScaler),nominal=sklearn.pipeline.Pipeline(simpleimputer=sklearn.impute.SimpleImputer,onehotencoder=sklearn.preprocessing._encoders.OneHotEncoder)),bernoullinb=sklearn.naive_bayes.BernoulliNB)(1)","0.2988","jobs:null,remainder:""passthrough"",threshold:0.3,weights:null,memory:null,new:false,features:""missing-only"",values:NaN,sparse:""auto"",axis:0,copy:true,values:""NaN"",strategy:""most_frequent"",verbose:0,copy:true,mean:true,std:true,memory:null,copy:true,value:-1,values:NaN,strategy:""constant"",verbose:0,features:null,categories:null,dtype:float64""},unknown:""ignore"",values:null,sparse:true,memory:null,alpha:42175931456601,binarize:0.0,prior:null,prior:false"
"9326991","sklearn.pipeline.Pipeline(columntransformer=sklearn.compose._column_transformer.ColumnTransformer(numeric=sklearn.pipeline.Pipeline(missingindicator=sklearn.impute.MissingIndicator,imputer=sklearn.preprocessing.imputation.Imputer,standardscaler=sklearn.preprocessing.data.StandardScaler),nominal=sklearn.pipeline.Pipeline(simpleimputer=sklearn.impute.SimpleImputer,onehotencoder=sklearn.preprocessing._encoders.OneHotEncoder)),bernoullinb=sklearn.naive_bayes.BernoulliNB)(1)","0.2988","jobs:null,remainder:""passthrough"",threshold:0.3,weights:null,memory:null,new:false,features:""missing-only"",values:NaN,sparse:""auto"",axis:0,copy:true,values:""NaN"",strategy:""mean"",verbose:0,copy:true,mean:true,std:true,memory:null,copy:true,value:-1,values:NaN,strategy:""constant"",verbose:0,features:null,categories:null,dtype:float64""},unknown:""ignore"",values:null,sparse:true,memory:null,alpha:348131403696511,binarize:0.0,prior:null,prior:true"
"9545523","sklearn.pipeline.Pipeline(columntransformer=sklearn.compose._column_transformer.ColumnTransformer(numeric=sklearn.pipeline.Pipeline(missingindicator=sklearn.impute.MissingIndicator,imputer=sklearn.preprocessing.imputation.Imputer,standardscaler=sklearn.preprocessing.data.StandardScaler),nominal=sklearn.pipeline.Pipeline(simpleimputer=sklearn.impute.SimpleImputer,onehotencoder=sklearn.preprocessing._encoders.OneHotEncoder)),bernoullinb=sklearn.naive_bayes.BernoulliNB)(1)","0.2988","jobs:null,remainder:""passthrough"",threshold:0.3,weights:null,memory:null,new:false,features:""missing-only"",values:NaN,sparse:""auto"",axis:0,copy:true,values:""NaN"",strategy:""mean"",verbose:0,copy:true,mean:true,std:true,memory:null,copy:true,value:-1,values:NaN,strategy:""constant"",verbose:0,features:null,categories:null,dtype:float64""},unknown:""ignore"",values:null,sparse:true,memory:null,alpha:17779733900428,binarize:0.0,prior:null,prior:true"
"9292294","sklearn.pipeline.Pipeline(columntransformer=sklearn.compose._column_transformer.ColumnTransformer(numeric=sklearn.pipeline.Pipeline(missingindicator=sklearn.impute.MissingIndicator,imputer=sklearn.preprocessing.imputation.Imputer,standardscaler=sklearn.preprocessing.data.StandardScaler),nominal=sklearn.pipeline.Pipeline(simpleimputer=sklearn.impute.SimpleImputer,onehotencoder=sklearn.preprocessing._encoders.OneHotEncoder)),bernoullinb=sklearn.naive_bayes.BernoulliNB)(1)","0.2988","jobs:null,remainder:""passthrough"",threshold:0.3,weights:null,memory:null,new:false,features:""missing-only"",values:NaN,sparse:""auto"",axis:0,copy:true,values:""NaN"",strategy:""median"",verbose:0,copy:true,mean:true,std:true,memory:null,copy:true,value:-1,values:NaN,strategy:""constant"",verbose:0,features:null,categories:null,dtype:float64""},unknown:""ignore"",values:null,sparse:true,memory:null,alpha:018049641712248682,binarize:0.0,prior:null,prior:true"
"9387331","sklearn.pipeline.Pipeline(columntransformer=sklearn.compose._column_transformer.ColumnTransformer(numeric=sklearn.pipeline.Pipeline(missingindicator=sklearn.impute.MissingIndicator,imputer=sklearn.preprocessing.imputation.Imputer,standardscaler=sklearn.preprocessing.data.StandardScaler),nominal=sklearn.pipeline.Pipeline(simpleimputer=sklearn.impute.SimpleImputer,onehotencoder=sklearn.preprocessing._encoders.OneHotEncoder)),bernoullinb=sklearn.naive_bayes.BernoulliNB)(1)","0.2988","jobs:null,remainder:""passthrough"",threshold:0.3,weights:null,memory:null,new:false,features:""missing-only"",values:NaN,sparse:""auto"",axis:0,copy:true,values:""NaN"",strategy:""median"",verbose:0,copy:true,mean:true,std:true,memory:null,copy:true,value:-1,values:NaN,strategy:""constant"",verbose:0,features:null,categories:null,dtype:float64""},unknown:""ignore"",values:null,sparse:true,memory:null,alpha:439343177775493,binarize:0.0,prior:null,prior:false"
"9388683","sklearn.pipeline.Pipeline(columntransformer=sklearn.compose._column_transformer.ColumnTransformer(numeric=sklearn.pipeline.Pipeline(missingindicator=sklearn.impute.MissingIndicator,imputer=sklearn.preprocessing.imputation.Imputer,standardscaler=sklearn.preprocessing.data.StandardScaler),nominal=sklearn.pipeline.Pipeline(simpleimputer=sklearn.impute.SimpleImputer,onehotencoder=sklearn.preprocessing._encoders.OneHotEncoder)),bernoullinb=sklearn.naive_bayes.BernoulliNB)(1)","0.2988","jobs:null,remainder:""passthrough"",threshold:0.3,weights:null,memory:null,new:false,features:""missing-only"",values:NaN,sparse:""auto"",axis:0,copy:true,values:""NaN"",strategy:""median"",verbose:0,copy:true,mean:true,std:true,memory:null,copy:true,value:-1,values:NaN,strategy:""constant"",verbose:0,features:null,categories:null,dtype:float64""},unknown:""ignore"",values:null,sparse:true,memory:null,alpha:78283757984059,binarize:0.0,prior:null,prior:false"
"9417960","sklearn.pipeline.Pipeline(columntransformer=sklearn.compose._column_transformer.ColumnTransformer(numeric=sklearn.pipeline.Pipeline(missingindicator=sklearn.impute.MissingIndicator,imputer=sklearn.preprocessing.imputation.Imputer,standardscaler=sklearn.preprocessing.data.StandardScaler),nominal=sklearn.pipeline.Pipeline(simpleimputer=sklearn.impute.SimpleImputer,onehotencoder=sklearn.preprocessing._encoders.OneHotEncoder)),bernoullinb=sklearn.naive_bayes.BernoulliNB)(1)","0.2988","jobs:null,remainder:""passthrough"",threshold:0.3,weights:null,memory:null,new:false,features:""missing-only"",values:NaN,sparse:""auto"",axis:0,copy:true,values:""NaN"",strategy:""median"",verbose:0,copy:true,mean:true,std:true,memory:null,copy:true,value:-1,values:NaN,strategy:""constant"",verbose:0,features:null,categories:null,dtype:float64""},unknown:""ignore"",values:null,sparse:true,memory:null,alpha:01359016890140581,binarize:0.0,prior:null,prior:false"
"9515081","sklearn.pipeline.Pipeline(columntransformer=sklearn.compose._column_transformer.ColumnTransformer(numeric=sklearn.pipeline.Pipeline(missingindicator=sklearn.impute.MissingIndicator,imputer=sklearn.preprocessing.imputation.Imputer,standardscaler=sklearn.preprocessing.data.StandardScaler),nominal=sklearn.pipeline.Pipeline(simpleimputer=sklearn.impute.SimpleImputer,onehotencoder=sklearn.preprocessing._encoders.OneHotEncoder)),bernoullinb=sklearn.naive_bayes.BernoulliNB)(1)","0.2988","jobs:null,remainder:""passthrough"",threshold:0.3,weights:null,memory:null,new:false,features:""missing-only"",values:NaN,sparse:""auto"",axis:0,copy:true,values:""NaN"",strategy:""most_frequent"",verbose:0,copy:true,mean:true,std:true,memory:null,copy:true,value:-1,values:NaN,strategy:""constant"",verbose:0,features:null,categories:null,dtype:float64""},unknown:""ignore"",values:null,sparse:true,memory:null,alpha:805957850148514,binarize:0.0,prior:null,prior:false"
"9532884","sklearn.pipeline.Pipeline(columntransformer=sklearn.compose._column_transformer.ColumnTransformer(numeric=sklearn.pipeline.Pipeline(missingindicator=sklearn.impute.MissingIndicator,imputer=sklearn.preprocessing.imputation.Imputer,standardscaler=sklearn.preprocessing.data.StandardScaler),nominal=sklearn.pipeline.Pipeline(simpleimputer=sklearn.impute.SimpleImputer,onehotencoder=sklearn.preprocessing._encoders.OneHotEncoder)),bernoullinb=sklearn.naive_bayes.BernoulliNB)(1)","0.2988","jobs:null,remainder:""passthrough"",threshold:0.3,weights:null,memory:null,new:false,features:""missing-only"",values:NaN,sparse:""auto"",axis:0,copy:true,values:""NaN"",strategy:""mean"",verbose:0,copy:true,mean:true,std:true,memory:null,copy:true,value:-1,values:NaN,strategy:""constant"",verbose:0,features:null,categories:null,dtype:float64""},unknown:""ignore"",values:null,sparse:true,memory:null,alpha:59392875402195,binarize:0.0,prior:null,prior:true"
"9365600","sklearn.pipeline.Pipeline(columntransformer=sklearn.compose._column_transformer.ColumnTransformer(numeric=sklearn.pipeline.Pipeline(missingindicator=sklearn.impute.MissingIndicator,imputer=sklearn.preprocessing.imputation.Imputer,standardscaler=sklearn.preprocessing.data.StandardScaler),nominal=sklearn.pipeline.Pipeline(simpleimputer=sklearn.impute.SimpleImputer,onehotencoder=sklearn.preprocessing._encoders.OneHotEncoder)),bernoullinb=sklearn.naive_bayes.BernoulliNB)(1)","0.2988","jobs:null,remainder:""passthrough"",threshold:0.3,weights:null,memory:null,new:false,features:""missing-only"",values:NaN,sparse:""auto"",axis:0,copy:true,values:""NaN"",strategy:""most_frequent"",verbose:0,copy:true,mean:true,std:true,memory:null,copy:true,value:-1,values:NaN,strategy:""constant"",verbose:0,features:null,categories:null,dtype:float64""},unknown:""ignore"",values:null,sparse:true,memory:null,alpha:129657546185232,binarize:0.0,prior:null,prior:true"
"9536478","sklearn.pipeline.Pipeline(columntransformer=sklearn.compose._column_transformer.ColumnTransformer(numeric=sklearn.pipeline.Pipeline(missingindicator=sklearn.impute.MissingIndicator,imputer=sklearn.preprocessing.imputation.Imputer,standardscaler=sklearn.preprocessing.data.StandardScaler),nominal=sklearn.pipeline.Pipeline(simpleimputer=sklearn.impute.SimpleImputer,onehotencoder=sklearn.preprocessing._encoders.OneHotEncoder)),bernoullinb=sklearn.naive_bayes.BernoulliNB)(1)","0.2988","jobs:null,remainder:""passthrough"",threshold:0.3,weights:null,memory:null,new:false,features:""missing-only"",values:NaN,sparse:""auto"",axis:0,copy:true,values:""NaN"",strategy:""mean"",verbose:0,copy:true,mean:true,std:true,memory:null,copy:true,value:-1,values:NaN,strategy:""constant"",verbose:0,features:null,categories:null,dtype:float64""},unknown:""ignore"",values:null,sparse:true,memory:null,alpha:015657558892157912,binarize:0.0,prior:null,prior:false"
"9407498","sklearn.pipeline.Pipeline(columntransformer=sklearn.compose._column_transformer.ColumnTransformer(numeric=sklearn.pipeline.Pipeline(missingindicator=sklearn.impute.MissingIndicator,imputer=sklearn.preprocessing.imputation.Imputer,standardscaler=sklearn.preprocessing.data.StandardScaler),nominal=sklearn.pipeline.Pipeline(simpleimputer=sklearn.impute.SimpleImputer,onehotencoder=sklearn.preprocessing._encoders.OneHotEncoder)),bernoullinb=sklearn.naive_bayes.BernoulliNB)(1)","0.2988","jobs:null,remainder:""passthrough"",threshold:0.3,weights:null,memory:null,new:false,features:""missing-only"",values:NaN,sparse:""auto"",axis:0,copy:true,values:""NaN"",strategy:""mean"",verbose:0,copy:true,mean:true,std:true,memory:null,copy:true,value:-1,values:NaN,strategy:""constant"",verbose:0,features:null,categories:null,dtype:float64""},unknown:""ignore"",values:null,sparse:true,memory:null,alpha:16608874207508792,binarize:0.0,prior:null,prior:false"
"9370222","sklearn.pipeline.Pipeline(columntransformer=sklearn.compose._column_transformer.ColumnTransformer(numeric=sklearn.pipeline.Pipeline(missingindicator=sklearn.impute.MissingIndicator,imputer=sklearn.preprocessing.imputation.Imputer,standardscaler=sklearn.preprocessing.data.StandardScaler),nominal=sklearn.pipeline.Pipeline(simpleimputer=sklearn.impute.SimpleImputer,onehotencoder=sklearn.preprocessing._encoders.OneHotEncoder)),bernoullinb=sklearn.naive_bayes.BernoulliNB)(1)","0.2988","jobs:null,remainder:""passthrough"",threshold:0.3,weights:null,memory:null,new:false,features:""missing-only"",values:NaN,sparse:""auto"",axis:0,copy:true,values:""NaN"",strategy:""median"",verbose:0,copy:true,mean:true,std:true,memory:null,copy:true,value:-1,values:NaN,strategy:""constant"",verbose:0,features:null,categories:null,dtype:float64""},unknown:""ignore"",values:null,sparse:true,memory:null,alpha:817031764579567,binarize:0.0,prior:null,prior:true"
"9267845","sklearn.pipeline.Pipeline(columntransformer=sklearn.compose._column_transformer.ColumnTransformer(numeric=sklearn.pipeline.Pipeline(missingindicator=sklearn.impute.MissingIndicator,imputer=sklearn.preprocessing.imputation.Imputer,standardscaler=sklearn.preprocessing.data.StandardScaler),nominal=sklearn.pipeline.Pipeline(simpleimputer=sklearn.impute.SimpleImputer,onehotencoder=sklearn.preprocessing._encoders.OneHotEncoder)),bernoullinb=sklearn.naive_bayes.BernoulliNB)(1)","0.2988","jobs:null,remainder:""passthrough"",threshold:0.3,weights:null,memory:null,new:false,features:""missing-only"",values:NaN,sparse:""auto"",axis:0,copy:true,values:""NaN"",strategy:""mean"",verbose:0,copy:true,mean:true,std:true,memory:null,copy:true,value:-1,values:NaN,strategy:""constant"",verbose:0,features:null,categories:null,dtype:float64""},unknown:""ignore"",values:null,sparse:true,memory:null,alpha:10614680087587161,binarize:0.0,prior:null,prior:true"
"9405667","sklearn.pipeline.Pipeline(columntransformer=sklearn.compose._column_transformer.ColumnTransformer(numeric=sklearn.pipeline.Pipeline(missingindicator=sklearn.impute.MissingIndicator,imputer=sklearn.preprocessing.imputation.Imputer,standardscaler=sklearn.preprocessing.data.StandardScaler),nominal=sklearn.pipeline.Pipeline(simpleimputer=sklearn.impute.SimpleImputer,onehotencoder=sklearn.preprocessing._encoders.OneHotEncoder)),bernoullinb=sklearn.naive_bayes.BernoulliNB)(1)","0.2988","jobs:null,remainder:""passthrough"",threshold:0.3,weights:null,memory:null,new:false,features:""missing-only"",values:NaN,sparse:""auto"",axis:0,copy:true,values:""NaN"",strategy:""most_frequent"",verbose:0,copy:true,mean:true,std:true,memory:null,copy:true,value:-1,values:NaN,strategy:""constant"",verbose:0,features:null,categories:null,dtype:float64""},unknown:""ignore"",values:null,sparse:true,memory:null,alpha:11547301046113419,binarize:0.0,prior:null,prior:false"
"9340464","sklearn.pipeline.Pipeline(columntransformer=sklearn.compose._column_transformer.ColumnTransformer(numeric=sklearn.pipeline.Pipeline(missingindicator=sklearn.impute.MissingIndicator,imputer=sklearn.preprocessing.imputation.Imputer,standardscaler=sklearn.preprocessing.data.StandardScaler),nominal=sklearn.pipeline.Pipeline(simpleimputer=sklearn.impute.SimpleImputer,onehotencoder=sklearn.preprocessing._encoders.OneHotEncoder)),bernoullinb=sklearn.naive_bayes.BernoulliNB)(1)","0.2988","jobs:null,remainder:""passthrough"",threshold:0.3,weights:null,memory:null,new:false,features:""missing-only"",values:NaN,sparse:""auto"",axis:0,copy:true,values:""NaN"",strategy:""median"",verbose:0,copy:true,mean:true,std:true,memory:null,copy:true,value:-1,values:NaN,strategy:""constant"",verbose:0,features:null,categories:null,dtype:float64""},unknown:""ignore"",values:null,sparse:true,memory:null,alpha:72033745529135,binarize:0.0,prior:null,prior:false"
"9396244","sklearn.pipeline.Pipeline(columntransformer=sklearn.compose._column_transformer.ColumnTransformer(numeric=sklearn.pipeline.Pipeline(missingindicator=sklearn.impute.MissingIndicator,imputer=sklearn.preprocessing.imputation.Imputer,standardscaler=sklearn.preprocessing.data.StandardScaler),nominal=sklearn.pipeline.Pipeline(simpleimputer=sklearn.impute.SimpleImputer,onehotencoder=sklearn.preprocessing._encoders.OneHotEncoder)),bernoullinb=sklearn.naive_bayes.BernoulliNB)(1)","0.2988","jobs:null,remainder:""passthrough"",threshold:0.3,weights:null,memory:null,new:false,features:""missing-only"",values:NaN,sparse:""auto"",axis:0,copy:true,values:""NaN"",strategy:""most_frequent"",verbose:0,copy:true,mean:true,std:true,memory:null,copy:true,value:-1,values:NaN,strategy:""constant"",verbose:0,features:null,categories:null,dtype:float64""},unknown:""ignore"",values:null,sparse:true,memory:null,alpha:53722683297855,binarize:0.0,prior:null,prior:true"
"9542322","sklearn.pipeline.Pipeline(columntransformer=sklearn.compose._column_transformer.ColumnTransformer(numeric=sklearn.pipeline.Pipeline(missingindicator=sklearn.impute.MissingIndicator,imputer=sklearn.preprocessing.imputation.Imputer,standardscaler=sklearn.preprocessing.data.StandardScaler),nominal=sklearn.pipeline.Pipeline(simpleimputer=sklearn.impute.SimpleImputer,onehotencoder=sklearn.preprocessing._encoders.OneHotEncoder)),bernoullinb=sklearn.naive_bayes.BernoulliNB)(1)","0.2988","jobs:null,remainder:""passthrough"",threshold:0.3,weights:null,memory:null,new:false,features:""missing-only"",values:NaN,sparse:""auto"",axis:0,copy:true,values:""NaN"",strategy:""median"",verbose:0,copy:true,mean:true,std:true,memory:null,copy:true,value:-1,values:NaN,strategy:""constant"",verbose:0,features:null,categories:null,dtype:float64""},unknown:""ignore"",values:null,sparse:true,memory:null,alpha:062001081646846666,binarize:0.0,prior:null,prior:false"
"9508109","sklearn.pipeline.Pipeline(columntransformer=sklearn.compose._column_transformer.ColumnTransformer(numeric=sklearn.pipeline.Pipeline(missingindicator=sklearn.impute.MissingIndicator,imputer=sklearn.preprocessing.imputation.Imputer,standardscaler=sklearn.preprocessing.data.StandardScaler),nominal=sklearn.pipeline.Pipeline(simpleimputer=sklearn.impute.SimpleImputer,onehotencoder=sklearn.preprocessing._encoders.OneHotEncoder)),bernoullinb=sklearn.naive_bayes.BernoulliNB)(1)","0.2988","jobs:null,remainder:""passthrough"",threshold:0.3,weights:null,memory:null,new:false,features:""missing-only"",values:NaN,sparse:""auto"",axis:0,copy:true,values:""NaN"",strategy:""most_frequent"",verbose:0,copy:true,mean:true,std:true,memory:null,copy:true,value:-1,values:NaN,strategy:""constant"",verbose:0,features:null,categories:null,dtype:float64""},unknown:""ignore"",values:null,sparse:true,memory:null,alpha:010926300997279082,binarize:0.0,prior:null,prior:true"
"9405817","sklearn.pipeline.Pipeline(columntransformer=sklearn.compose._column_transformer.ColumnTransformer(numeric=sklearn.pipeline.Pipeline(missingindicator=sklearn.impute.MissingIndicator,imputer=sklearn.preprocessing.imputation.Imputer,standardscaler=sklearn.preprocessing.data.StandardScaler),nominal=sklearn.pipeline.Pipeline(simpleimputer=sklearn.impute.SimpleImputer,onehotencoder=sklearn.preprocessing._encoders.OneHotEncoder)),bernoullinb=sklearn.naive_bayes.BernoulliNB)(1)","0.2988","jobs:null,remainder:""passthrough"",threshold:0.3,weights:null,memory:null,new:false,features:""missing-only"",values:NaN,sparse:""auto"",axis:0,copy:true,values:""NaN"",strategy:""most_frequent"",verbose:0,copy:true,mean:true,std:true,memory:null,copy:true,value:-1,values:NaN,strategy:""constant"",verbose:0,features:null,categories:null,dtype:float64""},unknown:""ignore"",values:null,sparse:true,memory:null,alpha:96222060413622,binarize:0.0,prior:null,prior:false"
"9362138","sklearn.pipeline.Pipeline(columntransformer=sklearn.compose._column_transformer.ColumnTransformer(numeric=sklearn.pipeline.Pipeline(missingindicator=sklearn.impute.MissingIndicator,imputer=sklearn.preprocessing.imputation.Imputer,standardscaler=sklearn.preprocessing.data.StandardScaler),nominal=sklearn.pipeline.Pipeline(simpleimputer=sklearn.impute.SimpleImputer,onehotencoder=sklearn.preprocessing._encoders.OneHotEncoder)),bernoullinb=sklearn.naive_bayes.BernoulliNB)(1)","0.2988","jobs:null,remainder:""passthrough"",threshold:0.3,weights:null,memory:null,new:false,features:""missing-only"",values:NaN,sparse:""auto"",axis:0,copy:true,values:""NaN"",strategy:""mean"",verbose:0,copy:true,mean:true,std:true,memory:null,copy:true,value:-1,values:NaN,strategy:""constant"",verbose:0,features:null,categories:null,dtype:float64""},unknown:""ignore"",values:null,sparse:true,memory:null,alpha:926344294260951,binarize:0.0,prior:null,prior:true"
"9513927","sklearn.pipeline.Pipeline(columntransformer=sklearn.compose._column_transformer.ColumnTransformer(numeric=sklearn.pipeline.Pipeline(missingindicator=sklearn.impute.MissingIndicator,imputer=sklearn.preprocessing.imputation.Imputer,standardscaler=sklearn.preprocessing.data.StandardScaler),nominal=sklearn.pipeline.Pipeline(simpleimputer=sklearn.impute.SimpleImputer,onehotencoder=sklearn.preprocessing._encoders.OneHotEncoder)),bernoullinb=sklearn.naive_bayes.BernoulliNB)(1)","0.2988","jobs:null,remainder:""passthrough"",threshold:0.3,weights:null,memory:null,new:false,features:""missing-only"",values:NaN,sparse:""auto"",axis:0,copy:true,values:""NaN"",strategy:""most_frequent"",verbose:0,copy:true,mean:true,std:true,memory:null,copy:true,value:-1,values:NaN,strategy:""constant"",verbose:0,features:null,categories:null,dtype:float64""},unknown:""ignore"",values:null,sparse:true,memory:null,alpha:0848170000005752,binarize:0.0,prior:null,prior:true"
"9534983","sklearn.pipeline.Pipeline(columntransformer=sklearn.compose._column_transformer.ColumnTransformer(numeric=sklearn.pipeline.Pipeline(missingindicator=sklearn.impute.MissingIndicator,imputer=sklearn.preprocessing.imputation.Imputer,standardscaler=sklearn.preprocessing.data.StandardScaler),nominal=sklearn.pipeline.Pipeline(simpleimputer=sklearn.impute.SimpleImputer,onehotencoder=sklearn.preprocessing._encoders.OneHotEncoder)),bernoullinb=sklearn.naive_bayes.BernoulliNB)(1)","0.2988","jobs:null,remainder:""passthrough"",threshold:0.3,weights:null,memory:null,new:false,features:""missing-only"",values:NaN,sparse:""auto"",axis:0,copy:true,values:""NaN"",strategy:""median"",verbose:0,copy:true,mean:true,std:true,memory:null,copy:true,value:-1,values:NaN,strategy:""constant"",verbose:0,features:null,categories:null,dtype:float64""},unknown:""ignore"",values:null,sparse:true,memory:null,alpha:5108863486325536,binarize:0.0,prior:null,prior:false"
"9401967","sklearn.pipeline.Pipeline(columntransformer=sklearn.compose._column_transformer.ColumnTransformer(numeric=sklearn.pipeline.Pipeline(missingindicator=sklearn.impute.MissingIndicator,imputer=sklearn.preprocessing.imputation.Imputer,standardscaler=sklearn.preprocessing.data.StandardScaler),nominal=sklearn.pipeline.Pipeline(simpleimputer=sklearn.impute.SimpleImputer,onehotencoder=sklearn.preprocessing._encoders.OneHotEncoder)),bernoullinb=sklearn.naive_bayes.BernoulliNB)(1)","0.2988","jobs:null,remainder:""passthrough"",threshold:0.3,weights:null,memory:null,new:false,features:""missing-only"",values:NaN,sparse:""auto"",axis:0,copy:true,values:""NaN"",strategy:""most_frequent"",verbose:0,copy:true,mean:true,std:true,memory:null,copy:true,value:-1,values:NaN,strategy:""constant"",verbose:0,features:null,categories:null,dtype:float64""},unknown:""ignore"",values:null,sparse:true,memory:null,alpha:3202841432086033,binarize:0.0,prior:null,prior:true"
"9318670","sklearn.pipeline.Pipeline(columntransformer=sklearn.compose._column_transformer.ColumnTransformer(numeric=sklearn.pipeline.Pipeline(missingindicator=sklearn.impute.MissingIndicator,imputer=sklearn.preprocessing.imputation.Imputer,standardscaler=sklearn.preprocessing.data.StandardScaler),nominal=sklearn.pipeline.Pipeline(simpleimputer=sklearn.impute.SimpleImputer,onehotencoder=sklearn.preprocessing._encoders.OneHotEncoder)),bernoullinb=sklearn.naive_bayes.BernoulliNB)(1)","0.2988","jobs:null,remainder:""passthrough"",threshold:0.3,weights:null,memory:null,new:false,features:""missing-only"",values:NaN,sparse:""auto"",axis:0,copy:true,values:""NaN"",strategy:""median"",verbose:0,copy:true,mean:true,std:true,memory:null,copy:true,value:-1,values:NaN,strategy:""constant"",verbose:0,features:null,categories:null,dtype:float64""},unknown:""ignore"",values:null,sparse:true,memory:null,alpha:46602066417891,binarize:0.0,prior:null,prior:false"
"9319879","sklearn.pipeline.Pipeline(columntransformer=sklearn.compose._column_transformer.ColumnTransformer(numeric=sklearn.pipeline.Pipeline(missingindicator=sklearn.impute.MissingIndicator,imputer=sklearn.preprocessing.imputation.Imputer,standardscaler=sklearn.preprocessing.data.StandardScaler),nominal=sklearn.pipeline.Pipeline(simpleimputer=sklearn.impute.SimpleImputer,onehotencoder=sklearn.preprocessing._encoders.OneHotEncoder)),bernoullinb=sklearn.naive_bayes.BernoulliNB)(1)","0.2988","jobs:null,remainder:""passthrough"",threshold:0.3,weights:null,memory:null,new:false,features:""missing-only"",values:NaN,sparse:""auto"",axis:0,copy:true,values:""NaN"",strategy:""mean"",verbose:0,copy:true,mean:true,std:true,memory:null,copy:true,value:-1,values:NaN,strategy:""constant"",verbose:0,features:null,categories:null,dtype:float64""},unknown:""ignore"",values:null,sparse:true,memory:null,alpha:830816105719462,binarize:0.0,prior:null,prior:false"
"9285362","sklearn.pipeline.Pipeline(columntransformer=sklearn.compose._column_transformer.ColumnTransformer(numeric=sklearn.pipeline.Pipeline(missingindicator=sklearn.impute.MissingIndicator,imputer=sklearn.preprocessing.imputation.Imputer,standardscaler=sklearn.preprocessing.data.StandardScaler),nominal=sklearn.pipeline.Pipeline(simpleimputer=sklearn.impute.SimpleImputer,onehotencoder=sklearn.preprocessing._encoders.OneHotEncoder)),bernoullinb=sklearn.naive_bayes.BernoulliNB)(1)","0.2988","jobs:null,remainder:""passthrough"",threshold:0.3,weights:null,memory:null,new:false,features:""missing-only"",values:NaN,sparse:""auto"",axis:0,copy:true,values:""NaN"",strategy:""median"",verbose:0,copy:true,mean:true,std:true,memory:null,copy:true,value:-1,values:NaN,strategy:""constant"",verbose:0,features:null,categories:null,dtype:float64""},unknown:""ignore"",values:null,sparse:true,memory:null,alpha:7864537273239005,binarize:0.0,prior:null,prior:true"
"9375400","sklearn.pipeline.Pipeline(columntransformer=sklearn.compose._column_transformer.ColumnTransformer(numeric=sklearn.pipeline.Pipeline(missingindicator=sklearn.impute.MissingIndicator,imputer=sklearn.preprocessing.imputation.Imputer,standardscaler=sklearn.preprocessing.data.StandardScaler),nominal=sklearn.pipeline.Pipeline(simpleimputer=sklearn.impute.SimpleImputer,onehotencoder=sklearn.preprocessing._encoders.OneHotEncoder)),bernoullinb=sklearn.naive_bayes.BernoulliNB)(1)","0.2988","jobs:null,remainder:""passthrough"",threshold:0.3,weights:null,memory:null,new:false,features:""missing-only"",values:NaN,sparse:""auto"",axis:0,copy:true,values:""NaN"",strategy:""most_frequent"",verbose:0,copy:true,mean:true,std:true,memory:null,copy:true,value:-1,values:NaN,strategy:""constant"",verbose:0,features:null,categories:null,dtype:float64""},unknown:""ignore"",values:null,sparse:true,memory:null,alpha:219802467119,binarize:0.0,prior:null,prior:false"
"9274465","sklearn.pipeline.Pipeline(columntransformer=sklearn.compose._column_transformer.ColumnTransformer(numeric=sklearn.pipeline.Pipeline(missingindicator=sklearn.impute.MissingIndicator,imputer=sklearn.preprocessing.imputation.Imputer,standardscaler=sklearn.preprocessing.data.StandardScaler),nominal=sklearn.pipeline.Pipeline(simpleimputer=sklearn.impute.SimpleImputer,onehotencoder=sklearn.preprocessing._encoders.OneHotEncoder)),bernoullinb=sklearn.naive_bayes.BernoulliNB)(1)","0.2988","jobs:null,remainder:""passthrough"",threshold:0.3,weights:null,memory:null,new:false,features:""missing-only"",values:NaN,sparse:""auto"",axis:0,copy:true,values:""NaN"",strategy:""mean"",verbose:0,copy:true,mean:true,std:true,memory:null,copy:true,value:-1,values:NaN,strategy:""constant"",verbose:0,features:null,categories:null,dtype:float64""},unknown:""ignore"",values:null,sparse:true,memory:null,alpha:23674311251077,binarize:0.0,prior:null,prior:true"
"9413319","sklearn.pipeline.Pipeline(columntransformer=sklearn.compose._column_transformer.ColumnTransformer(numeric=sklearn.pipeline.Pipeline(missingindicator=sklearn.impute.MissingIndicator,imputer=sklearn.preprocessing.imputation.Imputer,standardscaler=sklearn.preprocessing.data.StandardScaler),nominal=sklearn.pipeline.Pipeline(simpleimputer=sklearn.impute.SimpleImputer,onehotencoder=sklearn.preprocessing._encoders.OneHotEncoder)),bernoullinb=sklearn.naive_bayes.BernoulliNB)(1)","0.2988","jobs:null,remainder:""passthrough"",threshold:0.3,weights:null,memory:null,new:false,features:""missing-only"",values:NaN,sparse:""auto"",axis:0,copy:true,values:""NaN"",strategy:""most_frequent"",verbose:0,copy:true,mean:true,std:true,memory:null,copy:true,value:-1,values:NaN,strategy:""constant"",verbose:0,features:null,categories:null,dtype:float64""},unknown:""ignore"",values:null,sparse:true,memory:null,alpha:07806672300511108,binarize:0.0,prior:null,prior:true"
"9380074","sklearn.pipeline.Pipeline(columntransformer=sklearn.compose._column_transformer.ColumnTransformer(numeric=sklearn.pipeline.Pipeline(missingindicator=sklearn.impute.MissingIndicator,imputer=sklearn.preprocessing.imputation.Imputer,standardscaler=sklearn.preprocessing.data.StandardScaler),nominal=sklearn.pipeline.Pipeline(simpleimputer=sklearn.impute.SimpleImputer,onehotencoder=sklearn.preprocessing._encoders.OneHotEncoder)),bernoullinb=sklearn.naive_bayes.BernoulliNB)(1)","0.2988","jobs:null,remainder:""passthrough"",threshold:0.3,weights:null,memory:null,new:false,features:""missing-only"",values:NaN,sparse:""auto"",axis:0,copy:true,values:""NaN"",strategy:""median"",verbose:0,copy:true,mean:true,std:true,memory:null,copy:true,value:-1,values:NaN,strategy:""constant"",verbose:0,features:null,categories:null,dtype:float64""},unknown:""ignore"",values:null,sparse:true,memory:null,alpha:1161718785872978,binarize:0.0,prior:null,prior:true"
"9528470","sklearn.pipeline.Pipeline(columntransformer=sklearn.compose._column_transformer.ColumnTransformer(numeric=sklearn.pipeline.Pipeline(missingindicator=sklearn.impute.MissingIndicator,imputer=sklearn.preprocessing.imputation.Imputer,standardscaler=sklearn.preprocessing.data.StandardScaler),nominal=sklearn.pipeline.Pipeline(simpleimputer=sklearn.impute.SimpleImputer,onehotencoder=sklearn.preprocessing._encoders.OneHotEncoder)),bernoullinb=sklearn.naive_bayes.BernoulliNB)(1)","0.2988","jobs:null,remainder:""passthrough"",threshold:0.3,weights:null,memory:null,new:false,features:""missing-only"",values:NaN,sparse:""auto"",axis:0,copy:true,values:""NaN"",strategy:""mean"",verbose:0,copy:true,mean:true,std:true,memory:null,copy:true,value:-1,values:NaN,strategy:""constant"",verbose:0,features:null,categories:null,dtype:float64""},unknown:""ignore"",values:null,sparse:true,memory:null,alpha:2752390477602533,binarize:0.0,prior:null,prior:false"
"9287692","sklearn.pipeline.Pipeline(columntransformer=sklearn.compose._column_transformer.ColumnTransformer(numeric=sklearn.pipeline.Pipeline(missingindicator=sklearn.impute.MissingIndicator,imputer=sklearn.preprocessing.imputation.Imputer,standardscaler=sklearn.preprocessing.data.StandardScaler),nominal=sklearn.pipeline.Pipeline(simpleimputer=sklearn.impute.SimpleImputer,onehotencoder=sklearn.preprocessing._encoders.OneHotEncoder)),bernoullinb=sklearn.naive_bayes.BernoulliNB)(1)","0.2988","jobs:null,remainder:""passthrough"",threshold:0.3,weights:null,memory:null,new:false,features:""missing-only"",values:NaN,sparse:""auto"",axis:0,copy:true,values:""NaN"",strategy:""most_frequent"",verbose:0,copy:true,mean:true,std:true,memory:null,copy:true,value:-1,values:NaN,strategy:""constant"",verbose:0,features:null,categories:null,dtype:float64""},unknown:""ignore"",values:null,sparse:true,memory:null,alpha:1561989642516557,binarize:0.0,prior:null,prior:false"
"9317464","sklearn.pipeline.Pipeline(columntransformer=sklearn.compose._column_transformer.ColumnTransformer(numeric=sklearn.pipeline.Pipeline(missingindicator=sklearn.impute.MissingIndicator,imputer=sklearn.preprocessing.imputation.Imputer,standardscaler=sklearn.preprocessing.data.StandardScaler),nominal=sklearn.pipeline.Pipeline(simpleimputer=sklearn.impute.SimpleImputer,onehotencoder=sklearn.preprocessing._encoders.OneHotEncoder)),bernoullinb=sklearn.naive_bayes.BernoulliNB)(1)","0.2988","jobs:null,remainder:""passthrough"",threshold:0.3,weights:null,memory:null,new:false,features:""missing-only"",values:NaN,sparse:""auto"",axis:0,copy:true,values:""NaN"",strategy:""mean"",verbose:0,copy:true,mean:true,std:true,memory:null,copy:true,value:-1,values:NaN,strategy:""constant"",verbose:0,features:null,categories:null,dtype:float64""},unknown:""ignore"",values:null,sparse:true,memory:null,alpha:1603061573572,binarize:0.0,prior:null,prior:false"
"9411406","sklearn.pipeline.Pipeline(columntransformer=sklearn.compose._column_transformer.ColumnTransformer(numeric=sklearn.pipeline.Pipeline(missingindicator=sklearn.impute.MissingIndicator,imputer=sklearn.preprocessing.imputation.Imputer,standardscaler=sklearn.preprocessing.data.StandardScaler),nominal=sklearn.pipeline.Pipeline(simpleimputer=sklearn.impute.SimpleImputer,onehotencoder=sklearn.preprocessing._encoders.OneHotEncoder)),bernoullinb=sklearn.naive_bayes.BernoulliNB)(1)","0.2988","jobs:null,remainder:""passthrough"",threshold:0.3,weights:null,memory:null,new:false,features:""missing-only"",values:NaN,sparse:""auto"",axis:0,copy:true,values:""NaN"",strategy:""most_frequent"",verbose:0,copy:true,mean:true,std:true,memory:null,copy:true,value:-1,values:NaN,strategy:""constant"",verbose:0,features:null,categories:null,dtype:float64""},unknown:""ignore"",values:null,sparse:true,memory:null,alpha:030933585921157428,binarize:0.0,prior:null,prior:false"
"9532254","sklearn.pipeline.Pipeline(columntransformer=sklearn.compose._column_transformer.ColumnTransformer(numeric=sklearn.pipeline.Pipeline(missingindicator=sklearn.impute.MissingIndicator,imputer=sklearn.preprocessing.imputation.Imputer,standardscaler=sklearn.preprocessing.data.StandardScaler),nominal=sklearn.pipeline.Pipeline(simpleimputer=sklearn.impute.SimpleImputer,onehotencoder=sklearn.preprocessing._encoders.OneHotEncoder)),bernoullinb=sklearn.naive_bayes.BernoulliNB)(1)","0.2988","jobs:null,remainder:""passthrough"",threshold:0.3,weights:null,memory:null,new:false,features:""missing-only"",values:NaN,sparse:""auto"",axis:0,copy:true,values:""NaN"",strategy:""most_frequent"",verbose:0,copy:true,mean:true,std:true,memory:null,copy:true,value:-1,values:NaN,strategy:""constant"",verbose:0,features:null,categories:null,dtype:float64""},unknown:""ignore"",values:null,sparse:true,memory:null,alpha:1950675342377213,binarize:0.0,prior:null,prior:false"
"9269034","sklearn.pipeline.Pipeline(columntransformer=sklearn.compose._column_transformer.ColumnTransformer(numeric=sklearn.pipeline.Pipeline(missingindicator=sklearn.impute.MissingIndicator,imputer=sklearn.preprocessing.imputation.Imputer,standardscaler=sklearn.preprocessing.data.StandardScaler),nominal=sklearn.pipeline.Pipeline(simpleimputer=sklearn.impute.SimpleImputer,onehotencoder=sklearn.preprocessing._encoders.OneHotEncoder)),bernoullinb=sklearn.naive_bayes.BernoulliNB)(1)","0.2988","jobs:null,remainder:""passthrough"",threshold:0.3,weights:null,memory:null,new:false,features:""missing-only"",values:NaN,sparse:""auto"",axis:0,copy:true,values:""NaN"",strategy:""most_frequent"",verbose:0,copy:true,mean:true,std:true,memory:null,copy:true,value:-1,values:NaN,strategy:""constant"",verbose:0,features:null,categories:null,dtype:float64""},unknown:""ignore"",values:null,sparse:true,memory:null,alpha:045982821824609915,binarize:0.0,prior:null,prior:false"
"9279389","sklearn.pipeline.Pipeline(columntransformer=sklearn.compose._column_transformer.ColumnTransformer(numeric=sklearn.pipeline.Pipeline(missingindicator=sklearn.impute.MissingIndicator,imputer=sklearn.preprocessing.imputation.Imputer,standardscaler=sklearn.preprocessing.data.StandardScaler),nominal=sklearn.pipeline.Pipeline(simpleimputer=sklearn.impute.SimpleImputer,onehotencoder=sklearn.preprocessing._encoders.OneHotEncoder)),bernoullinb=sklearn.naive_bayes.BernoulliNB)(1)","0.2988","jobs:null,remainder:""passthrough"",threshold:0.3,weights:null,memory:null,new:false,features:""missing-only"",values:NaN,sparse:""auto"",axis:0,copy:true,values:""NaN"",strategy:""mean"",verbose:0,copy:true,mean:true,std:true,memory:null,copy:true,value:-1,values:NaN,strategy:""constant"",verbose:0,features:null,categories:null,dtype:float64""},unknown:""ignore"",values:null,sparse:true,memory:null,alpha:03312993861810336,binarize:0.0,prior:null,prior:false"
"9537932","sklearn.pipeline.Pipeline(columntransformer=sklearn.compose._column_transformer.ColumnTransformer(numeric=sklearn.pipeline.Pipeline(missingindicator=sklearn.impute.MissingIndicator,imputer=sklearn.preprocessing.imputation.Imputer,standardscaler=sklearn.preprocessing.data.StandardScaler),nominal=sklearn.pipeline.Pipeline(simpleimputer=sklearn.impute.SimpleImputer,onehotencoder=sklearn.preprocessing._encoders.OneHotEncoder)),bernoullinb=sklearn.naive_bayes.BernoulliNB)(1)","0.2988","jobs:null,remainder:""passthrough"",threshold:0.3,weights:null,memory:null,new:false,features:""missing-only"",values:NaN,sparse:""auto"",axis:0,copy:true,values:""NaN"",strategy:""mean"",verbose:0,copy:true,mean:true,std:true,memory:null,copy:true,value:-1,values:NaN,strategy:""constant"",verbose:0,features:null,categories:null,dtype:float64""},unknown:""ignore"",values:null,sparse:true,memory:null,alpha:0870679041358438,binarize:0.0,prior:null,prior:false"
"9282186","sklearn.pipeline.Pipeline(columntransformer=sklearn.compose._column_transformer.ColumnTransformer(numeric=sklearn.pipeline.Pipeline(missingindicator=sklearn.impute.MissingIndicator,imputer=sklearn.preprocessing.imputation.Imputer,standardscaler=sklearn.preprocessing.data.StandardScaler),nominal=sklearn.pipeline.Pipeline(simpleimputer=sklearn.impute.SimpleImputer,onehotencoder=sklearn.preprocessing._encoders.OneHotEncoder)),bernoullinb=sklearn.naive_bayes.BernoulliNB)(1)","0.2988","jobs:null,remainder:""passthrough"",threshold:0.3,weights:null,memory:null,new:false,features:""missing-only"",values:NaN,sparse:""auto"",axis:0,copy:true,values:""NaN"",strategy:""mean"",verbose:0,copy:true,mean:true,std:true,memory:null,copy:true,value:-1,values:NaN,strategy:""constant"",verbose:0,features:null,categories:null,dtype:float64""},unknown:""ignore"",values:null,sparse:true,memory:null,alpha:1840030606615803,binarize:0.0,prior:null,prior:false"
"9409442","sklearn.pipeline.Pipeline(columntransformer=sklearn.compose._column_transformer.ColumnTransformer(numeric=sklearn.pipeline.Pipeline(missingindicator=sklearn.impute.MissingIndicator,imputer=sklearn.preprocessing.imputation.Imputer,standardscaler=sklearn.preprocessing.data.StandardScaler),nominal=sklearn.pipeline.Pipeline(simpleimputer=sklearn.impute.SimpleImputer,onehotencoder=sklearn.preprocessing._encoders.OneHotEncoder)),bernoullinb=sklearn.naive_bayes.BernoulliNB)(1)","0.2988","jobs:null,remainder:""passthrough"",threshold:0.3,weights:null,memory:null,new:false,features:""missing-only"",values:NaN,sparse:""auto"",axis:0,copy:true,values:""NaN"",strategy:""mean"",verbose:0,copy:true,mean:true,std:true,memory:null,copy:true,value:-1,values:NaN,strategy:""constant"",verbose:0,features:null,categories:null,dtype:float64""},unknown:""ignore"",values:null,sparse:true,memory:null,alpha:165962968782626,binarize:0.0,prior:null,prior:false"
"9368673","sklearn.pipeline.Pipeline(columntransformer=sklearn.compose._column_transformer.ColumnTransformer(numeric=sklearn.pipeline.Pipeline(missingindicator=sklearn.impute.MissingIndicator,imputer=sklearn.preprocessing.imputation.Imputer,standardscaler=sklearn.preprocessing.data.StandardScaler),nominal=sklearn.pipeline.Pipeline(simpleimputer=sklearn.impute.SimpleImputer,onehotencoder=sklearn.preprocessing._encoders.OneHotEncoder)),bernoullinb=sklearn.naive_bayes.BernoulliNB)(1)","0.2988","jobs:null,remainder:""passthrough"",threshold:0.3,weights:null,memory:null,new:false,features:""missing-only"",values:NaN,sparse:""auto"",axis:0,copy:true,values:""NaN"",strategy:""median"",verbose:0,copy:true,mean:true,std:true,memory:null,copy:true,value:-1,values:NaN,strategy:""constant"",verbose:0,features:null,categories:null,dtype:float64""},unknown:""ignore"",values:null,sparse:true,memory:null,alpha:0088998946049226,binarize:0.0,prior:null,prior:false"
"9381645","sklearn.pipeline.Pipeline(columntransformer=sklearn.compose._column_transformer.ColumnTransformer(numeric=sklearn.pipeline.Pipeline(missingindicator=sklearn.impute.MissingIndicator,imputer=sklearn.preprocessing.imputation.Imputer,standardscaler=sklearn.preprocessing.data.StandardScaler),nominal=sklearn.pipeline.Pipeline(simpleimputer=sklearn.impute.SimpleImputer,onehotencoder=sklearn.preprocessing._encoders.OneHotEncoder)),bernoullinb=sklearn.naive_bayes.BernoulliNB)(1)","0.2988","jobs:null,remainder:""passthrough"",threshold:0.3,weights:null,memory:null,new:false,features:""missing-only"",values:NaN,sparse:""auto"",axis:0,copy:true,values:""NaN"",strategy:""most_frequent"",verbose:0,copy:true,mean:true,std:true,memory:null,copy:true,value:-1,values:NaN,strategy:""constant"",verbose:0,features:null,categories:null,dtype:float64""},unknown:""ignore"",values:null,sparse:true,memory:null,alpha:92326871870025,binarize:0.0,prior:null,prior:true"
"9374679","sklearn.pipeline.Pipeline(columntransformer=sklearn.compose._column_transformer.ColumnTransformer(numeric=sklearn.pipeline.Pipeline(missingindicator=sklearn.impute.MissingIndicator,imputer=sklearn.preprocessing.imputation.Imputer,standardscaler=sklearn.preprocessing.data.StandardScaler),nominal=sklearn.pipeline.Pipeline(simpleimputer=sklearn.impute.SimpleImputer,onehotencoder=sklearn.preprocessing._encoders.OneHotEncoder)),bernoullinb=sklearn.naive_bayes.BernoulliNB)(1)","0.2988","jobs:null,remainder:""passthrough"",threshold:0.3,weights:null,memory:null,new:false,features:""missing-only"",values:NaN,sparse:""auto"",axis:0,copy:true,values:""NaN"",strategy:""median"",verbose:0,copy:true,mean:true,std:true,memory:null,copy:true,value:-1,values:NaN,strategy:""constant"",verbose:0,features:null,categories:null,dtype:float64""},unknown:""ignore"",values:null,sparse:true,memory:null,alpha:481121811646505,binarize:0.0,prior:null,prior:true"
"9366061","sklearn.pipeline.Pipeline(columntransformer=sklearn.compose._column_transformer.ColumnTransformer(numeric=sklearn.pipeline.Pipeline(missingindicator=sklearn.impute.MissingIndicator,imputer=sklearn.preprocessing.imputation.Imputer,standardscaler=sklearn.preprocessing.data.StandardScaler),nominal=sklearn.pipeline.Pipeline(simpleimputer=sklearn.impute.SimpleImputer,onehotencoder=sklearn.preprocessing._encoders.OneHotEncoder)),bernoullinb=sklearn.naive_bayes.BernoulliNB)(1)","0.2988","jobs:null,remainder:""passthrough"",threshold:0.3,weights:null,memory:null,new:false,features:""missing-only"",values:NaN,sparse:""auto"",axis:0,copy:true,values:""NaN"",strategy:""most_frequent"",verbose:0,copy:true,mean:true,std:true,memory:null,copy:true,value:-1,values:NaN,strategy:""constant"",verbose:0,features:null,categories:null,dtype:float64""},unknown:""ignore"",values:null,sparse:true,memory:null,alpha:826355691817618,binarize:0.0,prior:null,prior:true"
"9383993","sklearn.pipeline.Pipeline(columntransformer=sklearn.compose._column_transformer.ColumnTransformer(numeric=sklearn.pipeline.Pipeline(missingindicator=sklearn.impute.MissingIndicator,imputer=sklearn.preprocessing.imputation.Imputer,standardscaler=sklearn.preprocessing.data.StandardScaler),nominal=sklearn.pipeline.Pipeline(simpleimputer=sklearn.impute.SimpleImputer,onehotencoder=sklearn.preprocessing._encoders.OneHotEncoder)),bernoullinb=sklearn.naive_bayes.BernoulliNB)(1)","0.2988","jobs:null,remainder:""passthrough"",threshold:0.3,weights:null,memory:null,new:false,features:""missing-only"",values:NaN,sparse:""auto"",axis:0,copy:true,values:""NaN"",strategy:""most_frequent"",verbose:0,copy:true,mean:true,std:true,memory:null,copy:true,value:-1,values:NaN,strategy:""constant"",verbose:0,features:null,categories:null,dtype:float64""},unknown:""ignore"",values:null,sparse:true,memory:null,alpha:022513081024600062,binarize:0.0,prior:null,prior:true"
"9264308","sklearn.pipeline.Pipeline(columntransformer=sklearn.compose._column_transformer.ColumnTransformer(numeric=sklearn.pipeline.Pipeline(missingindicator=sklearn.impute.MissingIndicator,imputer=sklearn.preprocessing.imputation.Imputer,standardscaler=sklearn.preprocessing.data.StandardScaler),nominal=sklearn.pipeline.Pipeline(simpleimputer=sklearn.impute.SimpleImputer,onehotencoder=sklearn.preprocessing._encoders.OneHotEncoder)),bernoullinb=sklearn.naive_bayes.BernoulliNB)(1)","0.2988","jobs:null,remainder:""passthrough"",threshold:0.3,weights:null,memory:null,new:false,features:""missing-only"",values:NaN,sparse:""auto"",axis:0,copy:true,values:""NaN"",strategy:""median"",verbose:0,copy:true,mean:true,std:true,memory:null,copy:true,value:-1,values:NaN,strategy:""constant"",verbose:0,features:null,categories:null,dtype:float64""},unknown:""ignore"",values:null,sparse:true,memory:null,alpha:17034115669748467,binarize:0.0,prior:null,prior:false"
"9288700","sklearn.pipeline.Pipeline(columntransformer=sklearn.compose._column_transformer.ColumnTransformer(numeric=sklearn.pipeline.Pipeline(missingindicator=sklearn.impute.MissingIndicator,imputer=sklearn.preprocessing.imputation.Imputer,standardscaler=sklearn.preprocessing.data.StandardScaler),nominal=sklearn.pipeline.Pipeline(simpleimputer=sklearn.impute.SimpleImputer,onehotencoder=sklearn.preprocessing._encoders.OneHotEncoder)),bernoullinb=sklearn.naive_bayes.BernoulliNB)(1)","0.2988","jobs:null,remainder:""passthrough"",threshold:0.3,weights:null,memory:null,new:false,features:""missing-only"",values:NaN,sparse:""auto"",axis:0,copy:true,values:""NaN"",strategy:""mean"",verbose:0,copy:true,mean:true,std:true,memory:null,copy:true,value:-1,values:NaN,strategy:""constant"",verbose:0,features:null,categories:null,dtype:float64""},unknown:""ignore"",values:null,sparse:true,memory:null,alpha:1753297431783398,binarize:0.0,prior:null,prior:true"
"9379786","sklearn.pipeline.Pipeline(columntransformer=sklearn.compose._column_transformer.ColumnTransformer(numeric=sklearn.pipeline.Pipeline(missingindicator=sklearn.impute.MissingIndicator,imputer=sklearn.preprocessing.imputation.Imputer,standardscaler=sklearn.preprocessing.data.StandardScaler),nominal=sklearn.pipeline.Pipeline(simpleimputer=sklearn.impute.SimpleImputer,onehotencoder=sklearn.preprocessing._encoders.OneHotEncoder)),bernoullinb=sklearn.naive_bayes.BernoulliNB)(1)","0.2988","jobs:null,remainder:""passthrough"",threshold:0.3,weights:null,memory:null,new:false,features:""missing-only"",values:NaN,sparse:""auto"",axis:0,copy:true,values:""NaN"",strategy:""most_frequent"",verbose:0,copy:true,mean:true,std:true,memory:null,copy:true,value:-1,values:NaN,strategy:""constant"",verbose:0,features:null,categories:null,dtype:float64""},unknown:""ignore"",values:null,sparse:true,memory:null,alpha:04101919042372,binarize:0.0,prior:null,prior:true"
"9401504","sklearn.pipeline.Pipeline(columntransformer=sklearn.compose._column_transformer.ColumnTransformer(numeric=sklearn.pipeline.Pipeline(missingindicator=sklearn.impute.MissingIndicator,imputer=sklearn.preprocessing.imputation.Imputer,standardscaler=sklearn.preprocessing.data.StandardScaler),nominal=sklearn.pipeline.Pipeline(simpleimputer=sklearn.impute.SimpleImputer,onehotencoder=sklearn.preprocessing._encoders.OneHotEncoder)),bernoullinb=sklearn.naive_bayes.BernoulliNB)(1)","0.2988","jobs:null,remainder:""passthrough"",threshold:0.3,weights:null,memory:null,new:false,features:""missing-only"",values:NaN,sparse:""auto"",axis:0,copy:true,values:""NaN"",strategy:""mean"",verbose:0,copy:true,mean:true,std:true,memory:null,copy:true,value:-1,values:NaN,strategy:""constant"",verbose:0,features:null,categories:null,dtype:float64""},unknown:""ignore"",values:null,sparse:true,memory:null,alpha:560224255893964,binarize:0.0,prior:null,prior:true"
"9386410","sklearn.pipeline.Pipeline(columntransformer=sklearn.compose._column_transformer.ColumnTransformer(numeric=sklearn.pipeline.Pipeline(missingindicator=sklearn.impute.MissingIndicator,imputer=sklearn.preprocessing.imputation.Imputer,standardscaler=sklearn.preprocessing.data.StandardScaler),nominal=sklearn.pipeline.Pipeline(simpleimputer=sklearn.impute.SimpleImputer,onehotencoder=sklearn.preprocessing._encoders.OneHotEncoder)),bernoullinb=sklearn.naive_bayes.BernoulliNB)(1)","0.2988","jobs:null,remainder:""passthrough"",threshold:0.3,weights:null,memory:null,new:false,features:""missing-only"",values:NaN,sparse:""auto"",axis:0,copy:true,values:""NaN"",strategy:""most_frequent"",verbose:0,copy:true,mean:true,std:true,memory:null,copy:true,value:-1,values:NaN,strategy:""constant"",verbose:0,features:null,categories:null,dtype:float64""},unknown:""ignore"",values:null,sparse:true,memory:null,alpha:33028952672631,binarize:0.0,prior:null,prior:false"
"9379919","sklearn.pipeline.Pipeline(columntransformer=sklearn.compose._column_transformer.ColumnTransformer(numeric=sklearn.pipeline.Pipeline(missingindicator=sklearn.impute.MissingIndicator,imputer=sklearn.preprocessing.imputation.Imputer,standardscaler=sklearn.preprocessing.data.StandardScaler),nominal=sklearn.pipeline.Pipeline(simpleimputer=sklearn.impute.SimpleImputer,onehotencoder=sklearn.preprocessing._encoders.OneHotEncoder)),bernoullinb=sklearn.naive_bayes.BernoulliNB)(1)","0.2988","jobs:null,remainder:""passthrough"",threshold:0.3,weights:null,memory:null,new:false,features:""missing-only"",values:NaN,sparse:""auto"",axis:0,copy:true,values:""NaN"",strategy:""mean"",verbose:0,copy:true,mean:true,std:true,memory:null,copy:true,value:-1,values:NaN,strategy:""constant"",verbose:0,features:null,categories:null,dtype:float64""},unknown:""ignore"",values:null,sparse:true,memory:null,alpha:3364283960633106,binarize:0.0,prior:null,prior:false"
"9354083","sklearn.pipeline.Pipeline(columntransformer=sklearn.compose._column_transformer.ColumnTransformer(numeric=sklearn.pipeline.Pipeline(missingindicator=sklearn.impute.MissingIndicator,imputer=sklearn.preprocessing.imputation.Imputer,standardscaler=sklearn.preprocessing.data.StandardScaler),nominal=sklearn.pipeline.Pipeline(simpleimputer=sklearn.impute.SimpleImputer,onehotencoder=sklearn.preprocessing._encoders.OneHotEncoder)),bernoullinb=sklearn.naive_bayes.BernoulliNB)(1)","0.2988","jobs:null,remainder:""passthrough"",threshold:0.3,weights:null,memory:null,new:false,features:""missing-only"",values:NaN,sparse:""auto"",axis:0,copy:true,values:""NaN"",strategy:""median"",verbose:0,copy:true,mean:true,std:true,memory:null,copy:true,value:-1,values:NaN,strategy:""constant"",verbose:0,features:null,categories:null,dtype:float64""},unknown:""ignore"",values:null,sparse:true,memory:null,alpha:7659456238848883,binarize:0.0,prior:null,prior:false"
"9387596","sklearn.pipeline.Pipeline(columntransformer=sklearn.compose._column_transformer.ColumnTransformer(numeric=sklearn.pipeline.Pipeline(missingindicator=sklearn.impute.MissingIndicator,imputer=sklearn.preprocessing.imputation.Imputer,standardscaler=sklearn.preprocessing.data.StandardScaler),nominal=sklearn.pipeline.Pipeline(simpleimputer=sklearn.impute.SimpleImputer,onehotencoder=sklearn.preprocessing._encoders.OneHotEncoder)),bernoullinb=sklearn.naive_bayes.BernoulliNB)(1)","0.2988","jobs:null,remainder:""passthrough"",threshold:0.3,weights:null,memory:null,new:false,features:""missing-only"",values:NaN,sparse:""auto"",axis:0,copy:true,values:""NaN"",strategy:""most_frequent"",verbose:0,copy:true,mean:true,std:true,memory:null,copy:true,value:-1,values:NaN,strategy:""constant"",verbose:0,features:null,categories:null,dtype:float64""},unknown:""ignore"",values:null,sparse:true,memory:null,alpha:028929830172408053,binarize:0.0,prior:null,prior:false"
"9419782","sklearn.pipeline.Pipeline(columntransformer=sklearn.compose._column_transformer.ColumnTransformer(numeric=sklearn.pipeline.Pipeline(missingindicator=sklearn.impute.MissingIndicator,imputer=sklearn.preprocessing.imputation.Imputer,standardscaler=sklearn.preprocessing.data.StandardScaler),nominal=sklearn.pipeline.Pipeline(simpleimputer=sklearn.impute.SimpleImputer,onehotencoder=sklearn.preprocessing._encoders.OneHotEncoder)),bernoullinb=sklearn.naive_bayes.BernoulliNB)(1)","0.2988","jobs:null,remainder:""passthrough"",threshold:0.3,weights:null,memory:null,new:false,features:""missing-only"",values:NaN,sparse:""auto"",axis:0,copy:true,values:""NaN"",strategy:""mean"",verbose:0,copy:true,mean:true,std:true,memory:null,copy:true,value:-1,values:NaN,strategy:""constant"",verbose:0,features:null,categories:null,dtype:float64""},unknown:""ignore"",values:null,sparse:true,memory:null,alpha:038706970622520445,binarize:0.0,prior:null,prior:true"
"9264280","sklearn.pipeline.Pipeline(columntransformer=sklearn.compose._column_transformer.ColumnTransformer(numeric=sklearn.pipeline.Pipeline(missingindicator=sklearn.impute.MissingIndicator,imputer=sklearn.preprocessing.imputation.Imputer,standardscaler=sklearn.preprocessing.data.StandardScaler),nominal=sklearn.pipeline.Pipeline(simpleimputer=sklearn.impute.SimpleImputer,onehotencoder=sklearn.preprocessing._encoders.OneHotEncoder)),bernoullinb=sklearn.naive_bayes.BernoulliNB)(1)","0.2988","jobs:null,remainder:""passthrough"",threshold:0.3,weights:null,memory:null,new:false,features:""missing-only"",values:NaN,sparse:""auto"",axis:0,copy:true,values:""NaN"",strategy:""median"",verbose:0,copy:true,mean:true,std:true,memory:null,copy:true,value:-1,values:NaN,strategy:""constant"",verbose:0,features:null,categories:null,dtype:float64""},unknown:""ignore"",values:null,sparse:true,memory:null,alpha:445045795125374,binarize:0.0,prior:null,prior:false"
"9526493","sklearn.pipeline.Pipeline(columntransformer=sklearn.compose._column_transformer.ColumnTransformer(numeric=sklearn.pipeline.Pipeline(missingindicator=sklearn.impute.MissingIndicator,imputer=sklearn.preprocessing.imputation.Imputer,standardscaler=sklearn.preprocessing.data.StandardScaler),nominal=sklearn.pipeline.Pipeline(simpleimputer=sklearn.impute.SimpleImputer,onehotencoder=sklearn.preprocessing._encoders.OneHotEncoder)),bernoullinb=sklearn.naive_bayes.BernoulliNB)(1)","0.2988","jobs:null,remainder:""passthrough"",threshold:0.3,weights:null,memory:null,new:false,features:""missing-only"",values:NaN,sparse:""auto"",axis:0,copy:true,values:""NaN"",strategy:""median"",verbose:0,copy:true,mean:true,std:true,memory:null,copy:true,value:-1,values:NaN,strategy:""constant"",verbose:0,features:null,categories:null,dtype:float64""},unknown:""ignore"",values:null,sparse:true,memory:null,alpha:471027569928812,binarize:0.0,prior:null,prior:true"
"9414619","sklearn.pipeline.Pipeline(columntransformer=sklearn.compose._column_transformer.ColumnTransformer(numeric=sklearn.pipeline.Pipeline(missingindicator=sklearn.impute.MissingIndicator,imputer=sklearn.preprocessing.imputation.Imputer,standardscaler=sklearn.preprocessing.data.StandardScaler),nominal=sklearn.pipeline.Pipeline(simpleimputer=sklearn.impute.SimpleImputer,onehotencoder=sklearn.preprocessing._encoders.OneHotEncoder)),bernoullinb=sklearn.naive_bayes.BernoulliNB)(1)","0.2988","jobs:null,remainder:""passthrough"",threshold:0.3,weights:null,memory:null,new:false,features:""missing-only"",values:NaN,sparse:""auto"",axis:0,copy:true,values:""NaN"",strategy:""median"",verbose:0,copy:true,mean:true,std:true,memory:null,copy:true,value:-1,values:NaN,strategy:""constant"",verbose:0,features:null,categories:null,dtype:float64""},unknown:""ignore"",values:null,sparse:true,memory:null,alpha:3680120216065387,binarize:0.0,prior:null,prior:true"
"9365726","sklearn.pipeline.Pipeline(columntransformer=sklearn.compose._column_transformer.ColumnTransformer(numeric=sklearn.pipeline.Pipeline(missingindicator=sklearn.impute.MissingIndicator,imputer=sklearn.preprocessing.imputation.Imputer,standardscaler=sklearn.preprocessing.data.StandardScaler),nominal=sklearn.pipeline.Pipeline(simpleimputer=sklearn.impute.SimpleImputer,onehotencoder=sklearn.preprocessing._encoders.OneHotEncoder)),bernoullinb=sklearn.naive_bayes.BernoulliNB)(1)","0.2988","jobs:null,remainder:""passthrough"",threshold:0.3,weights:null,memory:null,new:false,features:""missing-only"",values:NaN,sparse:""auto"",axis:0,copy:true,values:""NaN"",strategy:""mean"",verbose:0,copy:true,mean:true,std:true,memory:null,copy:true,value:-1,values:NaN,strategy:""constant"",verbose:0,features:null,categories:null,dtype:float64""},unknown:""ignore"",values:null,sparse:true,memory:null,alpha:010303528046130515,binarize:0.0,prior:null,prior:true"
"9386176","sklearn.pipeline.Pipeline(columntransformer=sklearn.compose._column_transformer.ColumnTransformer(numeric=sklearn.pipeline.Pipeline(missingindicator=sklearn.impute.MissingIndicator,imputer=sklearn.preprocessing.imputation.Imputer,standardscaler=sklearn.preprocessing.data.StandardScaler),nominal=sklearn.pipeline.Pipeline(simpleimputer=sklearn.impute.SimpleImputer,onehotencoder=sklearn.preprocessing._encoders.OneHotEncoder)),bernoullinb=sklearn.naive_bayes.BernoulliNB)(1)","0.2988","jobs:null,remainder:""passthrough"",threshold:0.3,weights:null,memory:null,new:false,features:""missing-only"",values:NaN,sparse:""auto"",axis:0,copy:true,values:""NaN"",strategy:""mean"",verbose:0,copy:true,mean:true,std:true,memory:null,copy:true,value:-1,values:NaN,strategy:""constant"",verbose:0,features:null,categories:null,dtype:float64""},unknown:""ignore"",values:null,sparse:true,memory:null,alpha:10690724576794731,binarize:0.0,prior:null,prior:true"
"9401307","sklearn.pipeline.Pipeline(columntransformer=sklearn.compose._column_transformer.ColumnTransformer(numeric=sklearn.pipeline.Pipeline(missingindicator=sklearn.impute.MissingIndicator,imputer=sklearn.preprocessing.imputation.Imputer,standardscaler=sklearn.preprocessing.data.StandardScaler),nominal=sklearn.pipeline.Pipeline(simpleimputer=sklearn.impute.SimpleImputer,onehotencoder=sklearn.preprocessing._encoders.OneHotEncoder)),bernoullinb=sklearn.naive_bayes.BernoulliNB)(1)","0.2988","jobs:null,remainder:""passthrough"",threshold:0.3,weights:null,memory:null,new:false,features:""missing-only"",values:NaN,sparse:""auto"",axis:0,copy:true,values:""NaN"",strategy:""median"",verbose:0,copy:true,mean:true,std:true,memory:null,copy:true,value:-1,values:NaN,strategy:""constant"",verbose:0,features:null,categories:null,dtype:float64""},unknown:""ignore"",values:null,sparse:true,memory:null,alpha:06270055208748358,binarize:0.0,prior:null,prior:false"
"9505683","sklearn.pipeline.Pipeline(columntransformer=sklearn.compose._column_transformer.ColumnTransformer(numeric=sklearn.pipeline.Pipeline(missingindicator=sklearn.impute.MissingIndicator,imputer=sklearn.preprocessing.imputation.Imputer,standardscaler=sklearn.preprocessing.data.StandardScaler),nominal=sklearn.pipeline.Pipeline(simpleimputer=sklearn.impute.SimpleImputer,onehotencoder=sklearn.preprocessing._encoders.OneHotEncoder)),bernoullinb=sklearn.naive_bayes.BernoulliNB)(1)","0.2988","jobs:null,remainder:""passthrough"",threshold:0.3,weights:null,memory:null,new:false,features:""missing-only"",values:NaN,sparse:""auto"",axis:0,copy:true,values:""NaN"",strategy:""most_frequent"",verbose:0,copy:true,mean:true,std:true,memory:null,copy:true,value:-1,values:NaN,strategy:""constant"",verbose:0,features:null,categories:null,dtype:float64""},unknown:""ignore"",values:null,sparse:true,memory:null,alpha:02172502682628752,binarize:0.0,prior:null,prior:false"
"9269965","sklearn.pipeline.Pipeline(columntransformer=sklearn.compose._column_transformer.ColumnTransformer(numeric=sklearn.pipeline.Pipeline(missingindicator=sklearn.impute.MissingIndicator,imputer=sklearn.preprocessing.imputation.Imputer,standardscaler=sklearn.preprocessing.data.StandardScaler),nominal=sklearn.pipeline.Pipeline(simpleimputer=sklearn.impute.SimpleImputer,onehotencoder=sklearn.preprocessing._encoders.OneHotEncoder)),bernoullinb=sklearn.naive_bayes.BernoulliNB)(1)","0.2988","jobs:null,remainder:""passthrough"",threshold:0.3,weights:null,memory:null,new:false,features:""missing-only"",values:NaN,sparse:""auto"",axis:0,copy:true,values:""NaN"",strategy:""mean"",verbose:0,copy:true,mean:true,std:true,memory:null,copy:true,value:-1,values:NaN,strategy:""constant"",verbose:0,features:null,categories:null,dtype:float64""},unknown:""ignore"",values:null,sparse:true,memory:null,alpha:13111703795726992,binarize:0.0,prior:null,prior:false"
"9536461","sklearn.pipeline.Pipeline(columntransformer=sklearn.compose._column_transformer.ColumnTransformer(numeric=sklearn.pipeline.Pipeline(missingindicator=sklearn.impute.MissingIndicator,imputer=sklearn.preprocessing.imputation.Imputer,standardscaler=sklearn.preprocessing.data.StandardScaler),nominal=sklearn.pipeline.Pipeline(simpleimputer=sklearn.impute.SimpleImputer,onehotencoder=sklearn.preprocessing._encoders.OneHotEncoder)),bernoullinb=sklearn.naive_bayes.BernoulliNB)(1)","0.2988","jobs:null,remainder:""passthrough"",threshold:0.3,weights:null,memory:null,new:false,features:""missing-only"",values:NaN,sparse:""auto"",axis:0,copy:true,values:""NaN"",strategy:""mean"",verbose:0,copy:true,mean:true,std:true,memory:null,copy:true,value:-1,values:NaN,strategy:""constant"",verbose:0,features:null,categories:null,dtype:float64""},unknown:""ignore"",values:null,sparse:true,memory:null,alpha:237159912975486,binarize:0.0,prior:null,prior:true"
"9419455","sklearn.pipeline.Pipeline(columntransformer=sklearn.compose._column_transformer.ColumnTransformer(numeric=sklearn.pipeline.Pipeline(missingindicator=sklearn.impute.MissingIndicator,imputer=sklearn.preprocessing.imputation.Imputer,standardscaler=sklearn.preprocessing.data.StandardScaler),nominal=sklearn.pipeline.Pipeline(simpleimputer=sklearn.impute.SimpleImputer,onehotencoder=sklearn.preprocessing._encoders.OneHotEncoder)),bernoullinb=sklearn.naive_bayes.BernoulliNB)(1)","0.2988","jobs:null,remainder:""passthrough"",threshold:0.3,weights:null,memory:null,new:false,features:""missing-only"",values:NaN,sparse:""auto"",axis:0,copy:true,values:""NaN"",strategy:""median"",verbose:0,copy:true,mean:true,std:true,memory:null,copy:true,value:-1,values:NaN,strategy:""constant"",verbose:0,features:null,categories:null,dtype:float64""},unknown:""ignore"",values:null,sparse:true,memory:null,alpha:934456399052303,binarize:0.0,prior:null,prior:true"
"9345009","sklearn.pipeline.Pipeline(columntransformer=sklearn.compose._column_transformer.ColumnTransformer(numeric=sklearn.pipeline.Pipeline(missingindicator=sklearn.impute.MissingIndicator,imputer=sklearn.preprocessing.imputation.Imputer,standardscaler=sklearn.preprocessing.data.StandardScaler),nominal=sklearn.pipeline.Pipeline(simpleimputer=sklearn.impute.SimpleImputer,onehotencoder=sklearn.preprocessing._encoders.OneHotEncoder)),bernoullinb=sklearn.naive_bayes.BernoulliNB)(1)","0.2988","jobs:null,remainder:""passthrough"",threshold:0.3,weights:null,memory:null,new:false,features:""missing-only"",values:NaN,sparse:""auto"",axis:0,copy:true,values:""NaN"",strategy:""mean"",verbose:0,copy:true,mean:true,std:true,memory:null,copy:true,value:-1,values:NaN,strategy:""constant"",verbose:0,features:null,categories:null,dtype:float64""},unknown:""ignore"",values:null,sparse:true,memory:null,alpha:861894291027063,binarize:0.0,prior:null,prior:true"
"9371329","sklearn.pipeline.Pipeline(columntransformer=sklearn.compose._column_transformer.ColumnTransformer(numeric=sklearn.pipeline.Pipeline(missingindicator=sklearn.impute.MissingIndicator,imputer=sklearn.preprocessing.imputation.Imputer,standardscaler=sklearn.preprocessing.data.StandardScaler),nominal=sklearn.pipeline.Pipeline(simpleimputer=sklearn.impute.SimpleImputer,onehotencoder=sklearn.preprocessing._encoders.OneHotEncoder)),bernoullinb=sklearn.naive_bayes.BernoulliNB)(1)","0.2988","jobs:null,remainder:""passthrough"",threshold:0.3,weights:null,memory:null,new:false,features:""missing-only"",values:NaN,sparse:""auto"",axis:0,copy:true,values:""NaN"",strategy:""mean"",verbose:0,copy:true,mean:true,std:true,memory:null,copy:true,value:-1,values:NaN,strategy:""constant"",verbose:0,features:null,categories:null,dtype:float64""},unknown:""ignore"",values:null,sparse:true,memory:null,alpha:625680196226668,binarize:0.0,prior:null,prior:true"
"9414210","sklearn.pipeline.Pipeline(columntransformer=sklearn.compose._column_transformer.ColumnTransformer(numeric=sklearn.pipeline.Pipeline(missingindicator=sklearn.impute.MissingIndicator,imputer=sklearn.preprocessing.imputation.Imputer,standardscaler=sklearn.preprocessing.data.StandardScaler),nominal=sklearn.pipeline.Pipeline(simpleimputer=sklearn.impute.SimpleImputer,onehotencoder=sklearn.preprocessing._encoders.OneHotEncoder)),bernoullinb=sklearn.naive_bayes.BernoulliNB)(1)","0.2988","jobs:null,remainder:""passthrough"",threshold:0.3,weights:null,memory:null,new:false,features:""missing-only"",values:NaN,sparse:""auto"",axis:0,copy:true,values:""NaN"",strategy:""mean"",verbose:0,copy:true,mean:true,std:true,memory:null,copy:true,value:-1,values:NaN,strategy:""constant"",verbose:0,features:null,categories:null,dtype:float64""},unknown:""ignore"",values:null,sparse:true,memory:null,alpha:157282791790215,binarize:0.0,prior:null,prior:true"
"9298344","sklearn.pipeline.Pipeline(columntransformer=sklearn.compose._column_transformer.ColumnTransformer(numeric=sklearn.pipeline.Pipeline(missingindicator=sklearn.impute.MissingIndicator,imputer=sklearn.preprocessing.imputation.Imputer,standardscaler=sklearn.preprocessing.data.StandardScaler),nominal=sklearn.pipeline.Pipeline(simpleimputer=sklearn.impute.SimpleImputer,onehotencoder=sklearn.preprocessing._encoders.OneHotEncoder)),bernoullinb=sklearn.naive_bayes.BernoulliNB)(1)","0.2988","jobs:null,remainder:""passthrough"",threshold:0.3,weights:null,memory:null,new:false,features:""missing-only"",values:NaN,sparse:""auto"",axis:0,copy:true,values:""NaN"",strategy:""mean"",verbose:0,copy:true,mean:true,std:true,memory:null,copy:true,value:-1,values:NaN,strategy:""constant"",verbose:0,features:null,categories:null,dtype:float64""},unknown:""ignore"",values:null,sparse:true,memory:null,alpha:051586295816088264,binarize:0.0,prior:null,prior:true"
"9284073","sklearn.pipeline.Pipeline(columntransformer=sklearn.compose._column_transformer.ColumnTransformer(numeric=sklearn.pipeline.Pipeline(missingindicator=sklearn.impute.MissingIndicator,imputer=sklearn.preprocessing.imputation.Imputer,standardscaler=sklearn.preprocessing.data.StandardScaler),nominal=sklearn.pipeline.Pipeline(simpleimputer=sklearn.impute.SimpleImputer,onehotencoder=sklearn.preprocessing._encoders.OneHotEncoder)),bernoullinb=sklearn.naive_bayes.BernoulliNB)(1)","0.2988","jobs:null,remainder:""passthrough"",threshold:0.3,weights:null,memory:null,new:false,features:""missing-only"",values:NaN,sparse:""auto"",axis:0,copy:true,values:""NaN"",strategy:""mean"",verbose:0,copy:true,mean:true,std:true,memory:null,copy:true,value:-1,values:NaN,strategy:""constant"",verbose:0,features:null,categories:null,dtype:float64""},unknown:""ignore"",values:null,sparse:true,memory:null,alpha:08816343125327954,binarize:0.0,prior:null,prior:true"
"9344905","sklearn.pipeline.Pipeline(columntransformer=sklearn.compose._column_transformer.ColumnTransformer(numeric=sklearn.pipeline.Pipeline(missingindicator=sklearn.impute.MissingIndicator,imputer=sklearn.preprocessing.imputation.Imputer,standardscaler=sklearn.preprocessing.data.StandardScaler),nominal=sklearn.pipeline.Pipeline(simpleimputer=sklearn.impute.SimpleImputer,onehotencoder=sklearn.preprocessing._encoders.OneHotEncoder)),bernoullinb=sklearn.naive_bayes.BernoulliNB)(1)","0.2988","jobs:null,remainder:""passthrough"",threshold:0.3,weights:null,memory:null,new:false,features:""missing-only"",values:NaN,sparse:""auto"",axis:0,copy:true,values:""NaN"",strategy:""median"",verbose:0,copy:true,mean:true,std:true,memory:null,copy:true,value:-1,values:NaN,strategy:""constant"",verbose:0,features:null,categories:null,dtype:float64""},unknown:""ignore"",values:null,sparse:true,memory:null,alpha:937070151918891,binarize:0.0,prior:null,prior:true"
"9389331","sklearn.pipeline.Pipeline(columntransformer=sklearn.compose._column_transformer.ColumnTransformer(numeric=sklearn.pipeline.Pipeline(missingindicator=sklearn.impute.MissingIndicator,imputer=sklearn.preprocessing.imputation.Imputer,standardscaler=sklearn.preprocessing.data.StandardScaler),nominal=sklearn.pipeline.Pipeline(simpleimputer=sklearn.impute.SimpleImputer,onehotencoder=sklearn.preprocessing._encoders.OneHotEncoder)),bernoullinb=sklearn.naive_bayes.BernoulliNB)(1)","0.2988","jobs:null,remainder:""passthrough"",threshold:0.3,weights:null,memory:null,new:false,features:""missing-only"",values:NaN,sparse:""auto"",axis:0,copy:true,values:""NaN"",strategy:""most_frequent"",verbose:0,copy:true,mean:true,std:true,memory:null,copy:true,value:-1,values:NaN,strategy:""constant"",verbose:0,features:null,categories:null,dtype:float64""},unknown:""ignore"",values:null,sparse:true,memory:null,alpha:17775566791586,binarize:0.0,prior:null,prior:false"
"9274931","sklearn.pipeline.Pipeline(columntransformer=sklearn.compose._column_transformer.ColumnTransformer(numeric=sklearn.pipeline.Pipeline(missingindicator=sklearn.impute.MissingIndicator,imputer=sklearn.preprocessing.imputation.Imputer,standardscaler=sklearn.preprocessing.data.StandardScaler),nominal=sklearn.pipeline.Pipeline(simpleimputer=sklearn.impute.SimpleImputer,onehotencoder=sklearn.preprocessing._encoders.OneHotEncoder)),bernoullinb=sklearn.naive_bayes.BernoulliNB)(1)","0.2988","jobs:null,remainder:""passthrough"",threshold:0.3,weights:null,memory:null,new:false,features:""missing-only"",values:NaN,sparse:""auto"",axis:0,copy:true,values:""NaN"",strategy:""mean"",verbose:0,copy:true,mean:true,std:true,memory:null,copy:true,value:-1,values:NaN,strategy:""constant"",verbose:0,features:null,categories:null,dtype:float64""},unknown:""ignore"",values:null,sparse:true,memory:null,alpha:6001094223285601,binarize:0.0,prior:null,prior:false"
"9400270","sklearn.pipeline.Pipeline(columntransformer=sklearn.compose._column_transformer.ColumnTransformer(numeric=sklearn.pipeline.Pipeline(missingindicator=sklearn.impute.MissingIndicator,imputer=sklearn.preprocessing.imputation.Imputer,standardscaler=sklearn.preprocessing.data.StandardScaler),nominal=sklearn.pipeline.Pipeline(simpleimputer=sklearn.impute.SimpleImputer,onehotencoder=sklearn.preprocessing._encoders.OneHotEncoder)),bernoullinb=sklearn.naive_bayes.BernoulliNB)(1)","0.2988","jobs:null,remainder:""passthrough"",threshold:0.3,weights:null,memory:null,new:false,features:""missing-only"",values:NaN,sparse:""auto"",axis:0,copy:true,values:""NaN"",strategy:""mean"",verbose:0,copy:true,mean:true,std:true,memory:null,copy:true,value:-1,values:NaN,strategy:""constant"",verbose:0,features:null,categories:null,dtype:float64""},unknown:""ignore"",values:null,sparse:true,memory:null,alpha:36103273999337,binarize:0.0,prior:null,prior:true"
"9526004","sklearn.pipeline.Pipeline(columntransformer=sklearn.compose._column_transformer.ColumnTransformer(numeric=sklearn.pipeline.Pipeline(missingindicator=sklearn.impute.MissingIndicator,imputer=sklearn.preprocessing.imputation.Imputer,standardscaler=sklearn.preprocessing.data.StandardScaler),nominal=sklearn.pipeline.Pipeline(simpleimputer=sklearn.impute.SimpleImputer,onehotencoder=sklearn.preprocessing._encoders.OneHotEncoder)),bernoullinb=sklearn.naive_bayes.BernoulliNB)(1)","0.2988","jobs:null,remainder:""passthrough"",threshold:0.3,weights:null,memory:null,new:false,features:""missing-only"",values:NaN,sparse:""auto"",axis:0,copy:true,values:""NaN"",strategy:""mean"",verbose:0,copy:true,mean:true,std:true,memory:null,copy:true,value:-1,values:NaN,strategy:""constant"",verbose:0,features:null,categories:null,dtype:float64""},unknown:""ignore"",values:null,sparse:true,memory:null,alpha:10171391260736592,binarize:0.0,prior:null,prior:false"
"9319123","sklearn.pipeline.Pipeline(columntransformer=sklearn.compose._column_transformer.ColumnTransformer(numeric=sklearn.pipeline.Pipeline(missingindicator=sklearn.impute.MissingIndicator,imputer=sklearn.preprocessing.imputation.Imputer,standardscaler=sklearn.preprocessing.data.StandardScaler),nominal=sklearn.pipeline.Pipeline(simpleimputer=sklearn.impute.SimpleImputer,onehotencoder=sklearn.preprocessing._encoders.OneHotEncoder)),bernoullinb=sklearn.naive_bayes.BernoulliNB)(1)","0.2988","jobs:null,remainder:""passthrough"",threshold:0.3,weights:null,memory:null,new:false,features:""missing-only"",values:NaN,sparse:""auto"",axis:0,copy:true,values:""NaN"",strategy:""median"",verbose:0,copy:true,mean:true,std:true,memory:null,copy:true,value:-1,values:NaN,strategy:""constant"",verbose:0,features:null,categories:null,dtype:float64""},unknown:""ignore"",values:null,sparse:true,memory:null,alpha:026983440945964624,binarize:0.0,prior:null,prior:true"
"9493837","sklearn.pipeline.Pipeline(columntransformer=sklearn.compose._column_transformer.ColumnTransformer(numeric=sklearn.pipeline.Pipeline(missingindicator=sklearn.impute.MissingIndicator,imputer=sklearn.preprocessing.imputation.Imputer,standardscaler=sklearn.preprocessing.data.StandardScaler),nominal=sklearn.pipeline.Pipeline(simpleimputer=sklearn.impute.SimpleImputer,onehotencoder=sklearn.preprocessing._encoders.OneHotEncoder)),randomforestclassifier=sklearn.ensemble.forest.RandomForestClassifier)(1)","0.2988","jobs:null,remainder:""passthrough"",threshold:0.3,weights:null,memory:null,new:false,features:""missing-only"",values:NaN,sparse:""auto"",axis:0,copy:true,values:""NaN"",strategy:""median"",verbose:0,copy:true,mean:true,std:true,memory:null,copy:true,value:-1,values:NaN,strategy:""constant"",verbose:0,features:null,categories:null,dtype:float64""},unknown:""ignore"",values:null,sparse:true,memory:null,bootstrap:true,weight:null,criterion:""entropy"",depth:null,features:1700005409062424,nodes:null,decrease:0.0,split:null,leaf:13,split:19,leaf:0.0,estimators:100,jobs:null,score:false,state:64142,verbose:0,start:false"
"9524812","sklearn.pipeline.Pipeline(columntransformer=sklearn.compose._column_transformer.ColumnTransformer(numeric=sklearn.pipeline.Pipeline(missingindicator=sklearn.impute.MissingIndicator,imputer=sklearn.preprocessing.imputation.Imputer,standardscaler=sklearn.preprocessing.data.StandardScaler),nominal=sklearn.pipeline.Pipeline(simpleimputer=sklearn.impute.SimpleImputer,onehotencoder=sklearn.preprocessing._encoders.OneHotEncoder)),randomforestclassifier=sklearn.ensemble.forest.RandomForestClassifier)(1)","0.2988","jobs:null,remainder:""passthrough"",threshold:0.3,weights:null,memory:null,new:false,features:""missing-only"",values:NaN,sparse:""auto"",axis:0,copy:true,values:""NaN"",strategy:""mean"",verbose:0,copy:true,mean:true,std:true,memory:null,copy:true,value:-1,values:NaN,strategy:""constant"",verbose:0,features:null,categories:null,dtype:float64""},unknown:""ignore"",values:null,sparse:true,memory:null,bootstrap:true,weight:null,criterion:""gini"",depth:null,features:6574321448215784,nodes:null,decrease:0.0,split:null,leaf:8,split:8,leaf:0.0,estimators:100,jobs:null,score:false,state:44037,verbose:0,start:false"
"9379536","sklearn.pipeline.Pipeline(columntransformer=sklearn.compose._column_transformer.ColumnTransformer(numeric=sklearn.pipeline.Pipeline(missingindicator=sklearn.impute.MissingIndicator,imputer=sklearn.preprocessing.imputation.Imputer,standardscaler=sklearn.preprocessing.data.StandardScaler),nominal=sklearn.pipeline.Pipeline(simpleimputer=sklearn.impute.SimpleImputer,onehotencoder=sklearn.preprocessing._encoders.OneHotEncoder)),randomforestclassifier=sklearn.ensemble.forest.RandomForestClassifier)(1)","0.2988","jobs:null,remainder:""passthrough"",threshold:0.3,weights:null,memory:null,new:false,features:""missing-only"",values:NaN,sparse:""auto"",axis:0,copy:true,values:""NaN"",strategy:""most_frequent"",verbose:0,copy:true,mean:true,std:true,memory:null,copy:true,value:-1,values:NaN,strategy:""constant"",verbose:0,features:null,categories:null,dtype:float64""},unknown:""ignore"",values:null,sparse:true,memory:null,bootstrap:true,weight:null,criterion:""entropy"",depth:null,features:8718940410345215,nodes:null,decrease:0.0,split:null,leaf:5,split:14,leaf:0.0,estimators:100,jobs:null,score:false,state:18407,verbose:0,start:false"
"9534027","sklearn.pipeline.Pipeline(columntransformer=sklearn.compose._column_transformer.ColumnTransformer(numeric=sklearn.pipeline.Pipeline(missingindicator=sklearn.impute.MissingIndicator,imputer=sklearn.preprocessing.imputation.Imputer,standardscaler=sklearn.preprocessing.data.StandardScaler),nominal=sklearn.pipeline.Pipeline(simpleimputer=sklearn.impute.SimpleImputer,onehotencoder=sklearn.preprocessing._encoders.OneHotEncoder)),randomforestclassifier=sklearn.ensemble.forest.RandomForestClassifier)(1)","0.2988","jobs:null,remainder:""passthrough"",threshold:0.3,weights:null,memory:null,new:false,features:""missing-only"",values:NaN,sparse:""auto"",axis:0,copy:true,values:""NaN"",strategy:""median"",verbose:0,copy:true,mean:true,std:true,memory:null,copy:true,value:-1,values:NaN,strategy:""constant"",verbose:0,features:null,categories:null,dtype:float64""},unknown:""ignore"",values:null,sparse:true,memory:null,bootstrap:true,weight:null,criterion:""entropy"",depth:null,features:8508471525135828,nodes:null,decrease:0.0,split:null,leaf:8,split:4,leaf:0.0,estimators:100,jobs:null,score:false,state:29791,verbose:0,start:false"
"9521994","sklearn.pipeline.Pipeline(columntransformer=sklearn.compose._column_transformer.ColumnTransformer(numeric=sklearn.pipeline.Pipeline(missingindicator=sklearn.impute.MissingIndicator,imputer=sklearn.preprocessing.imputation.Imputer,standardscaler=sklearn.preprocessing.data.StandardScaler),nominal=sklearn.pipeline.Pipeline(simpleimputer=sklearn.impute.SimpleImputer,onehotencoder=sklearn.preprocessing._encoders.OneHotEncoder)),randomforestclassifier=sklearn.ensemble.forest.RandomForestClassifier)(1)","0.2988","jobs:null,remainder:""passthrough"",threshold:0.3,weights:null,memory:null,new:false,features:""missing-only"",values:NaN,sparse:""auto"",axis:0,copy:true,values:""NaN"",strategy:""median"",verbose:0,copy:true,mean:true,std:true,memory:null,copy:true,value:-1,values:NaN,strategy:""constant"",verbose:0,features:null,categories:null,dtype:float64""},unknown:""ignore"",values:null,sparse:true,memory:null,bootstrap:false,weight:null,criterion:""entropy"",depth:null,features:3716462663664457,nodes:null,decrease:0.0,split:null,leaf:10,split:11,leaf:0.0,estimators:100,jobs:null,score:false,state:9565,verbose:0,start:false"
"9548718","sklearn.pipeline.Pipeline(columntransformer=sklearn.compose._column_transformer.ColumnTransformer(numeric=sklearn.pipeline.Pipeline(missingindicator=sklearn.impute.MissingIndicator,imputer=sklearn.preprocessing.imputation.Imputer,standardscaler=sklearn.preprocessing.data.StandardScaler),nominal=sklearn.pipeline.Pipeline(simpleimputer=sklearn.impute.SimpleImputer,onehotencoder=sklearn.preprocessing._encoders.OneHotEncoder)),randomforestclassifier=sklearn.ensemble.forest.RandomForestClassifier)(1)","0.2988","jobs:null,remainder:""passthrough"",threshold:0.3,weights:null,memory:null,new:false,features:""missing-only"",values:NaN,sparse:""auto"",axis:0,copy:true,values:""NaN"",strategy:""mean"",verbose:0,copy:true,mean:true,std:true,memory:null,copy:true,value:-1,values:NaN,strategy:""constant"",verbose:0,features:null,categories:null,dtype:float64""},unknown:""ignore"",values:null,sparse:true,memory:null,bootstrap:false,weight:null,criterion:""gini"",depth:null,features:34542062466758294,nodes:null,decrease:0.0,split:null,leaf:18,split:20,leaf:0.0,estimators:100,jobs:null,score:false,state:19828,verbose:0,start:false"
"9493111","sklearn.pipeline.Pipeline(columntransformer=sklearn.compose._column_transformer.ColumnTransformer(numeric=sklearn.pipeline.Pipeline(missingindicator=sklearn.impute.MissingIndicator,imputer=sklearn.preprocessing.imputation.Imputer,standardscaler=sklearn.preprocessing.data.StandardScaler),nominal=sklearn.pipeline.Pipeline(simpleimputer=sklearn.impute.SimpleImputer,onehotencoder=sklearn.preprocessing._encoders.OneHotEncoder)),randomforestclassifier=sklearn.ensemble.forest.RandomForestClassifier)(1)","0.2988","jobs:null,remainder:""passthrough"",threshold:0.3,weights:null,memory:null,new:false,features:""missing-only"",values:NaN,sparse:""auto"",axis:0,copy:true,values:""NaN"",strategy:""median"",verbose:0,copy:true,mean:true,std:true,memory:null,copy:true,value:-1,values:NaN,strategy:""constant"",verbose:0,features:null,categories:null,dtype:float64""},unknown:""ignore"",values:null,sparse:true,memory:null,bootstrap:true,weight:null,criterion:""gini"",depth:null,features:2607960184001932,nodes:null,decrease:0.0,split:null,leaf:5,split:2,leaf:0.0,estimators:100,jobs:null,score:false,state:49135,verbose:0,start:false"
"9476695","sklearn.pipeline.Pipeline(columntransformer=sklearn.compose._column_transformer.ColumnTransformer(numeric=sklearn.pipeline.Pipeline(missingindicator=sklearn.impute.MissingIndicator,imputer=sklearn.preprocessing.imputation.Imputer,standardscaler=sklearn.preprocessing.data.StandardScaler),nominal=sklearn.pipeline.Pipeline(simpleimputer=sklearn.impute.SimpleImputer,onehotencoder=sklearn.preprocessing._encoders.OneHotEncoder)),randomforestclassifier=sklearn.ensemble.forest.RandomForestClassifier)(1)","0.2988","jobs:null,remainder:""passthrough"",threshold:0.3,weights:null,memory:null,new:false,features:""missing-only"",values:NaN,sparse:""auto"",axis:0,copy:true,values:""NaN"",strategy:""mean"",verbose:0,copy:true,mean:true,std:true,memory:null,copy:true,value:-1,values:NaN,strategy:""constant"",verbose:0,features:null,categories:null,dtype:float64""},unknown:""ignore"",values:null,sparse:true,memory:null,bootstrap:true,weight:null,criterion:""gini"",depth:null,features:36303739077678143,nodes:null,decrease:0.0,split:null,leaf:14,split:11,leaf:0.0,estimators:100,jobs:null,score:false,state:30186,verbose:0,start:false"
"9390718","sklearn.pipeline.Pipeline(columntransformer=sklearn.compose._column_transformer.ColumnTransformer(numeric=sklearn.pipeline.Pipeline(missingindicator=sklearn.impute.MissingIndicator,imputer=sklearn.preprocessing.imputation.Imputer,standardscaler=sklearn.preprocessing.data.StandardScaler),nominal=sklearn.pipeline.Pipeline(simpleimputer=sklearn.impute.SimpleImputer,onehotencoder=sklearn.preprocessing._encoders.OneHotEncoder)),randomforestclassifier=sklearn.ensemble.forest.RandomForestClassifier)(1)","0.2988","jobs:null,remainder:""passthrough"",threshold:0.3,weights:null,memory:null,new:false,features:""missing-only"",values:NaN,sparse:""auto"",axis:0,copy:true,values:""NaN"",strategy:""median"",verbose:0,copy:true,mean:true,std:true,memory:null,copy:true,value:-1,values:NaN,strategy:""constant"",verbose:0,features:null,categories:null,dtype:float64""},unknown:""ignore"",values:null,sparse:true,memory:null,bootstrap:true,weight:null,criterion:""gini"",depth:null,features:32698841325939776,nodes:null,decrease:0.0,split:null,leaf:12,split:7,leaf:0.0,estimators:100,jobs:null,score:false,state:50190,verbose:0,start:false"
"9403681","sklearn.pipeline.Pipeline(columntransformer=sklearn.compose._column_transformer.ColumnTransformer(numeric=sklearn.pipeline.Pipeline(missingindicator=sklearn.impute.MissingIndicator,imputer=sklearn.preprocessing.imputation.Imputer,standardscaler=sklearn.preprocessing.data.StandardScaler),nominal=sklearn.pipeline.Pipeline(simpleimputer=sklearn.impute.SimpleImputer,onehotencoder=sklearn.preprocessing._encoders.OneHotEncoder)),randomforestclassifier=sklearn.ensemble.forest.RandomForestClassifier)(1)","0.2988","jobs:null,remainder:""passthrough"",threshold:0.3,weights:null,memory:null,new:false,features:""missing-only"",values:NaN,sparse:""auto"",axis:0,copy:true,values:""NaN"",strategy:""median"",verbose:0,copy:true,mean:true,std:true,memory:null,copy:true,value:-1,values:NaN,strategy:""constant"",verbose:0,features:null,categories:null,dtype:float64""},unknown:""ignore"",values:null,sparse:true,memory:null,bootstrap:true,weight:null,criterion:""gini"",depth:null,features:975426684272944,nodes:null,decrease:0.0,split:null,leaf:4,split:6,leaf:0.0,estimators:100,jobs:null,score:false,state:65522,verbose:0,start:false"
"9513145","sklearn.pipeline.Pipeline(columntransformer=sklearn.compose._column_transformer.ColumnTransformer(numeric=sklearn.pipeline.Pipeline(missingindicator=sklearn.impute.MissingIndicator,imputer=sklearn.preprocessing.imputation.Imputer,standardscaler=sklearn.preprocessing.data.StandardScaler),nominal=sklearn.pipeline.Pipeline(simpleimputer=sklearn.impute.SimpleImputer,onehotencoder=sklearn.preprocessing._encoders.OneHotEncoder)),randomforestclassifier=sklearn.ensemble.forest.RandomForestClassifier)(1)","0.2988","jobs:null,remainder:""passthrough"",threshold:0.3,weights:null,memory:null,new:false,features:""missing-only"",values:NaN,sparse:""auto"",axis:0,copy:true,values:""NaN"",strategy:""most_frequent"",verbose:0,copy:true,mean:true,std:true,memory:null,copy:true,value:-1,values:NaN,strategy:""constant"",verbose:0,features:null,categories:null,dtype:float64""},unknown:""ignore"",values:null,sparse:true,memory:null,bootstrap:true,weight:null,criterion:""gini"",depth:null,features:18290561719442056,nodes:null,decrease:0.0,split:null,leaf:15,split:15,leaf:0.0,estimators:100,jobs:null,score:false,state:28436,verbose:0,start:false"
"9537142","sklearn.pipeline.Pipeline(columntransformer=sklearn.compose._column_transformer.ColumnTransformer(numeric=sklearn.pipeline.Pipeline(missingindicator=sklearn.impute.MissingIndicator,imputer=sklearn.preprocessing.imputation.Imputer,standardscaler=sklearn.preprocessing.data.StandardScaler),nominal=sklearn.pipeline.Pipeline(simpleimputer=sklearn.impute.SimpleImputer,onehotencoder=sklearn.preprocessing._encoders.OneHotEncoder)),randomforestclassifier=sklearn.ensemble.forest.RandomForestClassifier)(1)","0.2988","jobs:null,remainder:""passthrough"",threshold:0.3,weights:null,memory:null,new:false,features:""missing-only"",values:NaN,sparse:""auto"",axis:0,copy:true,values:""NaN"",strategy:""mean"",verbose:0,copy:true,mean:true,std:true,memory:null,copy:true,value:-1,values:NaN,strategy:""constant"",verbose:0,features:null,categories:null,dtype:float64""},unknown:""ignore"",values:null,sparse:true,memory:null,bootstrap:true,weight:null,criterion:""entropy"",depth:null,features:277273869982671,nodes:null,decrease:0.0,split:null,leaf:13,split:17,leaf:0.0,estimators:100,jobs:null,score:false,state:59600,verbose:0,start:false"
"9279909","sklearn.pipeline.Pipeline(columntransformer=sklearn.compose._column_transformer.ColumnTransformer(numeric=sklearn.pipeline.Pipeline(missingindicator=sklearn.impute.MissingIndicator,imputer=sklearn.preprocessing.imputation.Imputer,standardscaler=sklearn.preprocessing.data.StandardScaler),nominal=sklearn.pipeline.Pipeline(simpleimputer=sklearn.impute.SimpleImputer,onehotencoder=sklearn.preprocessing._encoders.OneHotEncoder)),randomforestclassifier=sklearn.ensemble.forest.RandomForestClassifier)(1)","0.2988","jobs:null,remainder:""passthrough"",threshold:0.3,weights:null,memory:null,new:false,features:""missing-only"",values:NaN,sparse:""auto"",axis:0,copy:true,values:""NaN"",strategy:""mean"",verbose:0,copy:true,mean:true,std:true,memory:null,copy:true,value:-1,values:NaN,strategy:""constant"",verbose:0,features:null,categories:null,dtype:float64""},unknown:""ignore"",values:null,sparse:true,memory:null,bootstrap:false,weight:null,criterion:""entropy"",depth:null,features:6785136324120706,nodes:null,decrease:0.0,split:null,leaf:11,split:17,leaf:0.0,estimators:100,jobs:null,score:false,state:53959,verbose:0,start:false"
"9288627","sklearn.pipeline.Pipeline(columntransformer=sklearn.compose._column_transformer.ColumnTransformer(numeric=sklearn.pipeline.Pipeline(missingindicator=sklearn.impute.MissingIndicator,imputer=sklearn.preprocessing.imputation.Imputer,standardscaler=sklearn.preprocessing.data.StandardScaler),nominal=sklearn.pipeline.Pipeline(simpleimputer=sklearn.impute.SimpleImputer,onehotencoder=sklearn.preprocessing._encoders.OneHotEncoder)),randomforestclassifier=sklearn.ensemble.forest.RandomForestClassifier)(1)","0.2988","jobs:null,remainder:""passthrough"",threshold:0.3,weights:null,memory:null,new:false,features:""missing-only"",values:NaN,sparse:""auto"",axis:0,copy:true,values:""NaN"",strategy:""median"",verbose:0,copy:true,mean:true,std:true,memory:null,copy:true,value:-1,values:NaN,strategy:""constant"",verbose:0,features:null,categories:null,dtype:float64""},unknown:""ignore"",values:null,sparse:true,memory:null,bootstrap:true,weight:null,criterion:""entropy"",depth:null,features:7402816047587044,nodes:null,decrease:0.0,split:null,leaf:4,split:8,leaf:0.0,estimators:100,jobs:null,score:false,state:6210,verbose:0,start:false"
"9544456","sklearn.pipeline.Pipeline(columntransformer=sklearn.compose._column_transformer.ColumnTransformer(numeric=sklearn.pipeline.Pipeline(missingindicator=sklearn.impute.MissingIndicator,imputer=sklearn.preprocessing.imputation.Imputer,standardscaler=sklearn.preprocessing.data.StandardScaler),nominal=sklearn.pipeline.Pipeline(simpleimputer=sklearn.impute.SimpleImputer,onehotencoder=sklearn.preprocessing._encoders.OneHotEncoder)),randomforestclassifier=sklearn.ensemble.forest.RandomForestClassifier)(1)","0.2988","jobs:null,remainder:""passthrough"",threshold:0.3,weights:null,memory:null,new:false,features:""missing-only"",values:NaN,sparse:""auto"",axis:0,copy:true,values:""NaN"",strategy:""mean"",verbose:0,copy:true,mean:true,std:true,memory:null,copy:true,value:-1,values:NaN,strategy:""constant"",verbose:0,features:null,categories:null,dtype:float64""},unknown:""ignore"",values:null,sparse:true,memory:null,bootstrap:true,weight:null,criterion:""gini"",depth:null,features:7424510858743867,nodes:null,decrease:0.0,split:null,leaf:19,split:6,leaf:0.0,estimators:100,jobs:null,score:false,state:16004,verbose:0,start:false"
"9480019","sklearn.pipeline.Pipeline(columntransformer=sklearn.compose._column_transformer.ColumnTransformer(numeric=sklearn.pipeline.Pipeline(missingindicator=sklearn.impute.MissingIndicator,imputer=sklearn.preprocessing.imputation.Imputer,standardscaler=sklearn.preprocessing.data.StandardScaler),nominal=sklearn.pipeline.Pipeline(simpleimputer=sklearn.impute.SimpleImputer,onehotencoder=sklearn.preprocessing._encoders.OneHotEncoder)),randomforestclassifier=sklearn.ensemble.forest.RandomForestClassifier)(1)","0.2988","jobs:null,remainder:""passthrough"",threshold:0.3,weights:null,memory:null,new:false,features:""missing-only"",values:NaN,sparse:""auto"",axis:0,copy:true,values:""NaN"",strategy:""most_frequent"",verbose:0,copy:true,mean:true,std:true,memory:null,copy:true,value:-1,values:NaN,strategy:""constant"",verbose:0,features:null,categories:null,dtype:float64""},unknown:""ignore"",values:null,sparse:true,memory:null,bootstrap:false,weight:null,criterion:""entropy"",depth:null,features:4946131820501727,nodes:null,decrease:0.0,split:null,leaf:7,split:16,leaf:0.0,estimators:100,jobs:null,score:false,state:55336,verbose:0,start:false"
"9390107","sklearn.pipeline.Pipeline(columntransformer=sklearn.compose._column_transformer.ColumnTransformer(numeric=sklearn.pipeline.Pipeline(missingindicator=sklearn.impute.MissingIndicator,imputer=sklearn.preprocessing.imputation.Imputer,standardscaler=sklearn.preprocessing.data.StandardScaler),nominal=sklearn.pipeline.Pipeline(simpleimputer=sklearn.impute.SimpleImputer,onehotencoder=sklearn.preprocessing._encoders.OneHotEncoder)),randomforestclassifier=sklearn.ensemble.forest.RandomForestClassifier)(1)","0.2988","jobs:null,remainder:""passthrough"",threshold:0.3,weights:null,memory:null,new:false,features:""missing-only"",values:NaN,sparse:""auto"",axis:0,copy:true,values:""NaN"",strategy:""most_frequent"",verbose:0,copy:true,mean:true,std:true,memory:null,copy:true,value:-1,values:NaN,strategy:""constant"",verbose:0,features:null,categories:null,dtype:float64""},unknown:""ignore"",values:null,sparse:true,memory:null,bootstrap:true,weight:null,criterion:""gini"",depth:null,features:616646300738743,nodes:null,decrease:0.0,split:null,leaf:15,split:16,leaf:0.0,estimators:100,jobs:null,score:false,state:31518,verbose:0,start:false"
"9461024","sklearn.pipeline.Pipeline(columntransformer=sklearn.compose._column_transformer.ColumnTransformer(numeric=sklearn.pipeline.Pipeline(missingindicator=sklearn.impute.MissingIndicator,imputer=sklearn.preprocessing.imputation.Imputer,standardscaler=sklearn.preprocessing.data.StandardScaler),nominal=sklearn.pipeline.Pipeline(simpleimputer=sklearn.impute.SimpleImputer,onehotencoder=sklearn.preprocessing._encoders.OneHotEncoder)),randomforestclassifier=sklearn.ensemble.forest.RandomForestClassifier)(1)","0.2988","jobs:null,remainder:""passthrough"",threshold:0.3,weights:null,memory:null,new:false,features:""missing-only"",values:NaN,sparse:""auto"",axis:0,copy:true,values:""NaN"",strategy:""median"",verbose:0,copy:true,mean:true,std:true,memory:null,copy:true,value:-1,values:NaN,strategy:""constant"",verbose:0,features:null,categories:null,dtype:float64""},unknown:""ignore"",values:null,sparse:true,memory:null,bootstrap:true,weight:null,criterion:""entropy"",depth:null,features:13610293673708607,nodes:null,decrease:0.0,split:null,leaf:13,split:2,leaf:0.0,estimators:100,jobs:null,score:false,state:29751,verbose:0,start:false"
"9469750","sklearn.pipeline.Pipeline(columntransformer=sklearn.compose._column_transformer.ColumnTransformer(numeric=sklearn.pipeline.Pipeline(missingindicator=sklearn.impute.MissingIndicator,imputer=sklearn.preprocessing.imputation.Imputer,standardscaler=sklearn.preprocessing.data.StandardScaler),nominal=sklearn.pipeline.Pipeline(simpleimputer=sklearn.impute.SimpleImputer,onehotencoder=sklearn.preprocessing._encoders.OneHotEncoder)),randomforestclassifier=sklearn.ensemble.forest.RandomForestClassifier)(1)","0.2988","jobs:null,remainder:""passthrough"",threshold:0.3,weights:null,memory:null,new:false,features:""missing-only"",values:NaN,sparse:""auto"",axis:0,copy:true,values:""NaN"",strategy:""most_frequent"",verbose:0,copy:true,mean:true,std:true,memory:null,copy:true,value:-1,values:NaN,strategy:""constant"",verbose:0,features:null,categories:null,dtype:float64""},unknown:""ignore"",values:null,sparse:true,memory:null,bootstrap:true,weight:null,criterion:""gini"",depth:null,features:9529728970947267,nodes:null,decrease:0.0,split:null,leaf:7,split:5,leaf:0.0,estimators:100,jobs:null,score:false,state:56969,verbose:0,start:false"
"9361973","sklearn.pipeline.Pipeline(columntransformer=sklearn.compose._column_transformer.ColumnTransformer(numeric=sklearn.pipeline.Pipeline(missingindicator=sklearn.impute.MissingIndicator,imputer=sklearn.preprocessing.imputation.Imputer,standardscaler=sklearn.preprocessing.data.StandardScaler),nominal=sklearn.pipeline.Pipeline(simpleimputer=sklearn.impute.SimpleImputer,onehotencoder=sklearn.preprocessing._encoders.OneHotEncoder)),randomforestclassifier=sklearn.ensemble.forest.RandomForestClassifier)(1)","0.2988","jobs:null,remainder:""passthrough"",threshold:0.3,weights:null,memory:null,new:false,features:""missing-only"",values:NaN,sparse:""auto"",axis:0,copy:true,values:""NaN"",strategy:""median"",verbose:0,copy:true,mean:true,std:true,memory:null,copy:true,value:-1,values:NaN,strategy:""constant"",verbose:0,features:null,categories:null,dtype:float64""},unknown:""ignore"",values:null,sparse:true,memory:null,bootstrap:true,weight:null,criterion:""entropy"",depth:null,features:6597122089865537,nodes:null,decrease:0.0,split:null,leaf:19,split:17,leaf:0.0,estimators:100,jobs:null,score:false,state:12807,verbose:0,start:false"
"9382091","sklearn.pipeline.Pipeline(columntransformer=sklearn.compose._column_transformer.ColumnTransformer(numeric=sklearn.pipeline.Pipeline(missingindicator=sklearn.impute.MissingIndicator,imputer=sklearn.preprocessing.imputation.Imputer,standardscaler=sklearn.preprocessing.data.StandardScaler),nominal=sklearn.pipeline.Pipeline(simpleimputer=sklearn.impute.SimpleImputer,onehotencoder=sklearn.preprocessing._encoders.OneHotEncoder)),randomforestclassifier=sklearn.ensemble.forest.RandomForestClassifier)(1)","0.2988","jobs:null,remainder:""passthrough"",threshold:0.3,weights:null,memory:null,new:false,features:""missing-only"",values:NaN,sparse:""auto"",axis:0,copy:true,values:""NaN"",strategy:""mean"",verbose:0,copy:true,mean:true,std:true,memory:null,copy:true,value:-1,values:NaN,strategy:""constant"",verbose:0,features:null,categories:null,dtype:float64""},unknown:""ignore"",values:null,sparse:true,memory:null,bootstrap:false,weight:null,criterion:""gini"",depth:null,features:5853242748188461,nodes:null,decrease:0.0,split:null,leaf:7,split:3,leaf:0.0,estimators:100,jobs:null,score:false,state:20701,verbose:0,start:false"
"9493108","sklearn.pipeline.Pipeline(columntransformer=sklearn.compose._column_transformer.ColumnTransformer(numeric=sklearn.pipeline.Pipeline(missingindicator=sklearn.impute.MissingIndicator,imputer=sklearn.preprocessing.imputation.Imputer,standardscaler=sklearn.preprocessing.data.StandardScaler),nominal=sklearn.pipeline.Pipeline(simpleimputer=sklearn.impute.SimpleImputer,onehotencoder=sklearn.preprocessing._encoders.OneHotEncoder)),randomforestclassifier=sklearn.ensemble.forest.RandomForestClassifier)(1)","0.2988","jobs:null,remainder:""passthrough"",threshold:0.3,weights:null,memory:null,new:false,features:""missing-only"",values:NaN,sparse:""auto"",axis:0,copy:true,values:""NaN"",strategy:""mean"",verbose:0,copy:true,mean:true,std:true,memory:null,copy:true,value:-1,values:NaN,strategy:""constant"",verbose:0,features:null,categories:null,dtype:float64""},unknown:""ignore"",values:null,sparse:true,memory:null,bootstrap:true,weight:null,criterion:""gini"",depth:null,features:8884655102726726,nodes:null,decrease:0.0,split:null,leaf:5,split:11,leaf:0.0,estimators:100,jobs:null,score:false,state:46882,verbose:0,start:false"
"9403266","sklearn.pipeline.Pipeline(columntransformer=sklearn.compose._column_transformer.ColumnTransformer(numeric=sklearn.pipeline.Pipeline(missingindicator=sklearn.impute.MissingIndicator,imputer=sklearn.preprocessing.imputation.Imputer,standardscaler=sklearn.preprocessing.data.StandardScaler),nominal=sklearn.pipeline.Pipeline(simpleimputer=sklearn.impute.SimpleImputer,onehotencoder=sklearn.preprocessing._encoders.OneHotEncoder)),randomforestclassifier=sklearn.ensemble.forest.RandomForestClassifier)(1)","0.2988","jobs:null,remainder:""passthrough"",threshold:0.3,weights:null,memory:null,new:false,features:""missing-only"",values:NaN,sparse:""auto"",axis:0,copy:true,values:""NaN"",strategy:""most_frequent"",verbose:0,copy:true,mean:true,std:true,memory:null,copy:true,value:-1,values:NaN,strategy:""constant"",verbose:0,features:null,categories:null,dtype:float64""},unknown:""ignore"",values:null,sparse:true,memory:null,bootstrap:true,weight:null,criterion:""gini"",depth:null,features:5416529601110615,nodes:null,decrease:0.0,split:null,leaf:6,split:5,leaf:0.0,estimators:100,jobs:null,score:false,state:61823,verbose:0,start:false"
"9269549","sklearn.pipeline.Pipeline(columntransformer=sklearn.compose._column_transformer.ColumnTransformer(numeric=sklearn.pipeline.Pipeline(missingindicator=sklearn.impute.MissingIndicator,imputer=sklearn.preprocessing.imputation.Imputer,standardscaler=sklearn.preprocessing.data.StandardScaler),nominal=sklearn.pipeline.Pipeline(simpleimputer=sklearn.impute.SimpleImputer,onehotencoder=sklearn.preprocessing._encoders.OneHotEncoder)),randomforestclassifier=sklearn.ensemble.forest.RandomForestClassifier)(1)","0.2988","jobs:null,remainder:""passthrough"",threshold:0.3,weights:null,memory:null,new:false,features:""missing-only"",values:NaN,sparse:""auto"",axis:0,copy:true,values:""NaN"",strategy:""median"",verbose:0,copy:true,mean:true,std:true,memory:null,copy:true,value:-1,values:NaN,strategy:""constant"",verbose:0,features:null,categories:null,dtype:float64""},unknown:""ignore"",values:null,sparse:true,memory:null,bootstrap:false,weight:null,criterion:""entropy"",depth:null,features:9097535485069033,nodes:null,decrease:0.0,split:null,leaf:14,split:14,leaf:0.0,estimators:100,jobs:null,score:false,state:25853,verbose:0,start:false"
"9546956","sklearn.pipeline.Pipeline(columntransformer=sklearn.compose._column_transformer.ColumnTransformer(numeric=sklearn.pipeline.Pipeline(missingindicator=sklearn.impute.MissingIndicator,imputer=sklearn.preprocessing.imputation.Imputer,standardscaler=sklearn.preprocessing.data.StandardScaler),nominal=sklearn.pipeline.Pipeline(simpleimputer=sklearn.impute.SimpleImputer,onehotencoder=sklearn.preprocessing._encoders.OneHotEncoder)),randomforestclassifier=sklearn.ensemble.forest.RandomForestClassifier)(1)","0.2988","jobs:null,remainder:""passthrough"",threshold:0.3,weights:null,memory:null,new:false,features:""missing-only"",values:NaN,sparse:""auto"",axis:0,copy:true,values:""NaN"",strategy:""mean"",verbose:0,copy:true,mean:true,std:true,memory:null,copy:true,value:-1,values:NaN,strategy:""constant"",verbose:0,features:null,categories:null,dtype:float64""},unknown:""ignore"",values:null,sparse:true,memory:null,bootstrap:true,weight:null,criterion:""entropy"",depth:null,features:31109791235485484,nodes:null,decrease:0.0,split:null,leaf:1,split:16,leaf:0.0,estimators:100,jobs:null,score:false,state:65217,verbose:0,start:false"
"9517802","sklearn.pipeline.Pipeline(columntransformer=sklearn.compose._column_transformer.ColumnTransformer(numeric=sklearn.pipeline.Pipeline(missingindicator=sklearn.impute.MissingIndicator,imputer=sklearn.preprocessing.imputation.Imputer,standardscaler=sklearn.preprocessing.data.StandardScaler),nominal=sklearn.pipeline.Pipeline(simpleimputer=sklearn.impute.SimpleImputer,onehotencoder=sklearn.preprocessing._encoders.OneHotEncoder)),randomforestclassifier=sklearn.ensemble.forest.RandomForestClassifier)(1)","0.2988","jobs:null,remainder:""passthrough"",threshold:0.3,weights:null,memory:null,new:false,features:""missing-only"",values:NaN,sparse:""auto"",axis:0,copy:true,values:""NaN"",strategy:""mean"",verbose:0,copy:true,mean:true,std:true,memory:null,copy:true,value:-1,values:NaN,strategy:""constant"",verbose:0,features:null,categories:null,dtype:float64""},unknown:""ignore"",values:null,sparse:true,memory:null,bootstrap:true,weight:null,criterion:""gini"",depth:null,features:14745140351441277,nodes:null,decrease:0.0,split:null,leaf:5,split:11,leaf:0.0,estimators:100,jobs:null,score:false,state:29236,verbose:0,start:false"
"9382945","sklearn.pipeline.Pipeline(columntransformer=sklearn.compose._column_transformer.ColumnTransformer(numeric=sklearn.pipeline.Pipeline(missingindicator=sklearn.impute.MissingIndicator,imputer=sklearn.preprocessing.imputation.Imputer,standardscaler=sklearn.preprocessing.data.StandardScaler),nominal=sklearn.pipeline.Pipeline(simpleimputer=sklearn.impute.SimpleImputer,onehotencoder=sklearn.preprocessing._encoders.OneHotEncoder)),randomforestclassifier=sklearn.ensemble.forest.RandomForestClassifier)(1)","0.2988","jobs:null,remainder:""passthrough"",threshold:0.3,weights:null,memory:null,new:false,features:""missing-only"",values:NaN,sparse:""auto"",axis:0,copy:true,values:""NaN"",strategy:""median"",verbose:0,copy:true,mean:true,std:true,memory:null,copy:true,value:-1,values:NaN,strategy:""constant"",verbose:0,features:null,categories:null,dtype:float64""},unknown:""ignore"",values:null,sparse:true,memory:null,bootstrap:true,weight:null,criterion:""gini"",depth:null,features:6747522449735467,nodes:null,decrease:0.0,split:null,leaf:1,split:16,leaf:0.0,estimators:100,jobs:null,score:false,state:42333,verbose:0,start:false"
"9420693","sklearn.pipeline.Pipeline(columntransformer=sklearn.compose._column_transformer.ColumnTransformer(numeric=sklearn.pipeline.Pipeline(missingindicator=sklearn.impute.MissingIndicator,imputer=sklearn.preprocessing.imputation.Imputer,standardscaler=sklearn.preprocessing.data.StandardScaler),nominal=sklearn.pipeline.Pipeline(simpleimputer=sklearn.impute.SimpleImputer,onehotencoder=sklearn.preprocessing._encoders.OneHotEncoder)),randomforestclassifier=sklearn.ensemble.forest.RandomForestClassifier)(1)","0.2988","jobs:null,remainder:""passthrough"",threshold:0.3,weights:null,memory:null,new:false,features:""missing-only"",values:NaN,sparse:""auto"",axis:0,copy:true,values:""NaN"",strategy:""median"",verbose:0,copy:true,mean:true,std:true,memory:null,copy:true,value:-1,values:NaN,strategy:""constant"",verbose:0,features:null,categories:null,dtype:float64""},unknown:""ignore"",values:null,sparse:true,memory:null,bootstrap:true,weight:null,criterion:""gini"",depth:null,features:5334727628511878,nodes:null,decrease:0.0,split:null,leaf:11,split:8,leaf:0.0,estimators:100,jobs:null,score:false,state:16580,verbose:0,start:false"
"9543528","sklearn.pipeline.Pipeline(columntransformer=sklearn.compose._column_transformer.ColumnTransformer(numeric=sklearn.pipeline.Pipeline(missingindicator=sklearn.impute.MissingIndicator,imputer=sklearn.preprocessing.imputation.Imputer,standardscaler=sklearn.preprocessing.data.StandardScaler),nominal=sklearn.pipeline.Pipeline(simpleimputer=sklearn.impute.SimpleImputer,onehotencoder=sklearn.preprocessing._encoders.OneHotEncoder)),randomforestclassifier=sklearn.ensemble.forest.RandomForestClassifier)(1)","0.2988","jobs:null,remainder:""passthrough"",threshold:0.3,weights:null,memory:null,new:false,features:""missing-only"",values:NaN,sparse:""auto"",axis:0,copy:true,values:""NaN"",strategy:""mean"",verbose:0,copy:true,mean:true,std:true,memory:null,copy:true,value:-1,values:NaN,strategy:""constant"",verbose:0,features:null,categories:null,dtype:float64""},unknown:""ignore"",values:null,sparse:true,memory:null,bootstrap:true,weight:null,criterion:""entropy"",depth:null,features:18982175658035283,nodes:null,decrease:0.0,split:null,leaf:20,split:14,leaf:0.0,estimators:100,jobs:null,score:false,state:48416,verbose:0,start:false"
"9533797","sklearn.pipeline.Pipeline(columntransformer=sklearn.compose._column_transformer.ColumnTransformer(numeric=sklearn.pipeline.Pipeline(missingindicator=sklearn.impute.MissingIndicator,imputer=sklearn.preprocessing.imputation.Imputer,standardscaler=sklearn.preprocessing.data.StandardScaler),nominal=sklearn.pipeline.Pipeline(simpleimputer=sklearn.impute.SimpleImputer,onehotencoder=sklearn.preprocessing._encoders.OneHotEncoder)),randomforestclassifier=sklearn.ensemble.forest.RandomForestClassifier)(1)","0.2988","jobs:null,remainder:""passthrough"",threshold:0.3,weights:null,memory:null,new:false,features:""missing-only"",values:NaN,sparse:""auto"",axis:0,copy:true,values:""NaN"",strategy:""mean"",verbose:0,copy:true,mean:true,std:true,memory:null,copy:true,value:-1,values:NaN,strategy:""constant"",verbose:0,features:null,categories:null,dtype:float64""},unknown:""ignore"",values:null,sparse:true,memory:null,bootstrap:false,weight:null,criterion:""gini"",depth:null,features:5951912887196125,nodes:null,decrease:0.0,split:null,leaf:8,split:12,leaf:0.0,estimators:100,jobs:null,score:false,state:53728,verbose:0,start:false"
"9371708","sklearn.pipeline.Pipeline(columntransformer=sklearn.compose._column_transformer.ColumnTransformer(numeric=sklearn.pipeline.Pipeline(missingindicator=sklearn.impute.MissingIndicator,imputer=sklearn.preprocessing.imputation.Imputer,standardscaler=sklearn.preprocessing.data.StandardScaler),nominal=sklearn.pipeline.Pipeline(simpleimputer=sklearn.impute.SimpleImputer,onehotencoder=sklearn.preprocessing._encoders.OneHotEncoder)),randomforestclassifier=sklearn.ensemble.forest.RandomForestClassifier)(1)","0.2988","jobs:null,remainder:""passthrough"",threshold:0.3,weights:null,memory:null,new:false,features:""missing-only"",values:NaN,sparse:""auto"",axis:0,copy:true,values:""NaN"",strategy:""mean"",verbose:0,copy:true,mean:true,std:true,memory:null,copy:true,value:-1,values:NaN,strategy:""constant"",verbose:0,features:null,categories:null,dtype:float64""},unknown:""ignore"",values:null,sparse:true,memory:null,bootstrap:true,weight:null,criterion:""entropy"",depth:null,features:9897972432639873,nodes:null,decrease:0.0,split:null,leaf:6,split:7,leaf:0.0,estimators:100,jobs:null,score:false,state:44992,verbose:0,start:false"
"9269077","sklearn.pipeline.Pipeline(columntransformer=sklearn.compose._column_transformer.ColumnTransformer(numeric=sklearn.pipeline.Pipeline(missingindicator=sklearn.impute.MissingIndicator,imputer=sklearn.preprocessing.imputation.Imputer,standardscaler=sklearn.preprocessing.data.StandardScaler),nominal=sklearn.pipeline.Pipeline(simpleimputer=sklearn.impute.SimpleImputer,onehotencoder=sklearn.preprocessing._encoders.OneHotEncoder)),randomforestclassifier=sklearn.ensemble.forest.RandomForestClassifier)(1)","0.2988","jobs:null,remainder:""passthrough"",threshold:0.3,weights:null,memory:null,new:false,features:""missing-only"",values:NaN,sparse:""auto"",axis:0,copy:true,values:""NaN"",strategy:""median"",verbose:0,copy:true,mean:true,std:true,memory:null,copy:true,value:-1,values:NaN,strategy:""constant"",verbose:0,features:null,categories:null,dtype:float64""},unknown:""ignore"",values:null,sparse:true,memory:null,bootstrap:false,weight:null,criterion:""entropy"",depth:null,features:9119290811275865,nodes:null,decrease:0.0,split:null,leaf:11,split:20,leaf:0.0,estimators:100,jobs:null,score:false,state:16221,verbose:0,start:false"
"9403574","sklearn.pipeline.Pipeline(columntransformer=sklearn.compose._column_transformer.ColumnTransformer(numeric=sklearn.pipeline.Pipeline(missingindicator=sklearn.impute.MissingIndicator,imputer=sklearn.preprocessing.imputation.Imputer,standardscaler=sklearn.preprocessing.data.StandardScaler),nominal=sklearn.pipeline.Pipeline(simpleimputer=sklearn.impute.SimpleImputer,onehotencoder=sklearn.preprocessing._encoders.OneHotEncoder)),randomforestclassifier=sklearn.ensemble.forest.RandomForestClassifier)(1)","0.2988","jobs:null,remainder:""passthrough"",threshold:0.3,weights:null,memory:null,new:false,features:""missing-only"",values:NaN,sparse:""auto"",axis:0,copy:true,values:""NaN"",strategy:""median"",verbose:0,copy:true,mean:true,std:true,memory:null,copy:true,value:-1,values:NaN,strategy:""constant"",verbose:0,features:null,categories:null,dtype:float64""},unknown:""ignore"",values:null,sparse:true,memory:null,bootstrap:true,weight:null,criterion:""entropy"",depth:null,features:3721376516622701,nodes:null,decrease:0.0,split:null,leaf:11,split:12,leaf:0.0,estimators:100,jobs:null,score:false,state:31570,verbose:0,start:false"
"9416991","sklearn.pipeline.Pipeline(columntransformer=sklearn.compose._column_transformer.ColumnTransformer(numeric=sklearn.pipeline.Pipeline(missingindicator=sklearn.impute.MissingIndicator,imputer=sklearn.preprocessing.imputation.Imputer,standardscaler=sklearn.preprocessing.data.StandardScaler),nominal=sklearn.pipeline.Pipeline(simpleimputer=sklearn.impute.SimpleImputer,onehotencoder=sklearn.preprocessing._encoders.OneHotEncoder)),randomforestclassifier=sklearn.ensemble.forest.RandomForestClassifier)(1)","0.2988","jobs:null,remainder:""passthrough"",threshold:0.3,weights:null,memory:null,new:false,features:""missing-only"",values:NaN,sparse:""auto"",axis:0,copy:true,values:""NaN"",strategy:""mean"",verbose:0,copy:true,mean:true,std:true,memory:null,copy:true,value:-1,values:NaN,strategy:""constant"",verbose:0,features:null,categories:null,dtype:float64""},unknown:""ignore"",values:null,sparse:true,memory:null,bootstrap:true,weight:null,criterion:""gini"",depth:null,features:30084014673478143,nodes:null,decrease:0.0,split:null,leaf:12,split:8,leaf:0.0,estimators:100,jobs:null,score:false,state:31452,verbose:0,start:false"
"9485736","sklearn.pipeline.Pipeline(columntransformer=sklearn.compose._column_transformer.ColumnTransformer(numeric=sklearn.pipeline.Pipeline(missingindicator=sklearn.impute.MissingIndicator,imputer=sklearn.preprocessing.imputation.Imputer,standardscaler=sklearn.preprocessing.data.StandardScaler),nominal=sklearn.pipeline.Pipeline(simpleimputer=sklearn.impute.SimpleImputer,onehotencoder=sklearn.preprocessing._encoders.OneHotEncoder)),randomforestclassifier=sklearn.ensemble.forest.RandomForestClassifier)(1)","0.2988","jobs:null,remainder:""passthrough"",threshold:0.3,weights:null,memory:null,new:false,features:""missing-only"",values:NaN,sparse:""auto"",axis:0,copy:true,values:""NaN"",strategy:""mean"",verbose:0,copy:true,mean:true,std:true,memory:null,copy:true,value:-1,values:NaN,strategy:""constant"",verbose:0,features:null,categories:null,dtype:float64""},unknown:""ignore"",values:null,sparse:true,memory:null,bootstrap:true,weight:null,criterion:""entropy"",depth:null,features:3794264114395832,nodes:null,decrease:0.0,split:null,leaf:7,split:13,leaf:0.0,estimators:100,jobs:null,score:false,state:56557,verbose:0,start:false"
"9546487","sklearn.pipeline.Pipeline(columntransformer=sklearn.compose._column_transformer.ColumnTransformer(numeric=sklearn.pipeline.Pipeline(missingindicator=sklearn.impute.MissingIndicator,imputer=sklearn.preprocessing.imputation.Imputer,standardscaler=sklearn.preprocessing.data.StandardScaler),nominal=sklearn.pipeline.Pipeline(simpleimputer=sklearn.impute.SimpleImputer,onehotencoder=sklearn.preprocessing._encoders.OneHotEncoder)),randomforestclassifier=sklearn.ensemble.forest.RandomForestClassifier)(1)","0.2988","jobs:null,remainder:""passthrough"",threshold:0.3,weights:null,memory:null,new:false,features:""missing-only"",values:NaN,sparse:""auto"",axis:0,copy:true,values:""NaN"",strategy:""median"",verbose:0,copy:true,mean:true,std:true,memory:null,copy:true,value:-1,values:NaN,strategy:""constant"",verbose:0,features:null,categories:null,dtype:float64""},unknown:""ignore"",values:null,sparse:true,memory:null,bootstrap:false,weight:null,criterion:""gini"",depth:null,features:5687627962267766,nodes:null,decrease:0.0,split:null,leaf:7,split:3,leaf:0.0,estimators:100,jobs:null,score:false,state:20871,verbose:0,start:false"
"9299156","sklearn.pipeline.Pipeline(columntransformer=sklearn.compose._column_transformer.ColumnTransformer(numeric=sklearn.pipeline.Pipeline(missingindicator=sklearn.impute.MissingIndicator,imputer=sklearn.preprocessing.imputation.Imputer,standardscaler=sklearn.preprocessing.data.StandardScaler),nominal=sklearn.pipeline.Pipeline(simpleimputer=sklearn.impute.SimpleImputer,onehotencoder=sklearn.preprocessing._encoders.OneHotEncoder)),randomforestclassifier=sklearn.ensemble.forest.RandomForestClassifier)(1)","0.2988","jobs:null,remainder:""passthrough"",threshold:0.3,weights:null,memory:null,new:false,features:""missing-only"",values:NaN,sparse:""auto"",axis:0,copy:true,values:""NaN"",strategy:""most_frequent"",verbose:0,copy:true,mean:true,std:true,memory:null,copy:true,value:-1,values:NaN,strategy:""constant"",verbose:0,features:null,categories:null,dtype:float64""},unknown:""ignore"",values:null,sparse:true,memory:null,bootstrap:true,weight:null,criterion:""gini"",depth:null,features:9778537248183997,nodes:null,decrease:0.0,split:null,leaf:13,split:14,leaf:0.0,estimators:100,jobs:null,score:false,state:558,verbose:0,start:false"
"9414828","sklearn.pipeline.Pipeline(columntransformer=sklearn.compose._column_transformer.ColumnTransformer(numeric=sklearn.pipeline.Pipeline(missingindicator=sklearn.impute.MissingIndicator,imputer=sklearn.preprocessing.imputation.Imputer,standardscaler=sklearn.preprocessing.data.StandardScaler),nominal=sklearn.pipeline.Pipeline(simpleimputer=sklearn.impute.SimpleImputer,onehotencoder=sklearn.preprocessing._encoders.OneHotEncoder)),randomforestclassifier=sklearn.ensemble.forest.RandomForestClassifier)(1)","0.2988","jobs:null,remainder:""passthrough"",threshold:0.3,weights:null,memory:null,new:false,features:""missing-only"",values:NaN,sparse:""auto"",axis:0,copy:true,values:""NaN"",strategy:""median"",verbose:0,copy:true,mean:true,std:true,memory:null,copy:true,value:-1,values:NaN,strategy:""constant"",verbose:0,features:null,categories:null,dtype:float64""},unknown:""ignore"",values:null,sparse:true,memory:null,bootstrap:false,weight:null,criterion:""gini"",depth:null,features:8943053447459729,nodes:null,decrease:0.0,split:null,leaf:5,split:17,leaf:0.0,estimators:100,jobs:null,score:false,state:48654,verbose:0,start:false"
"9459181","sklearn.pipeline.Pipeline(columntransformer=sklearn.compose._column_transformer.ColumnTransformer(numeric=sklearn.pipeline.Pipeline(missingindicator=sklearn.impute.MissingIndicator,imputer=sklearn.preprocessing.imputation.Imputer,standardscaler=sklearn.preprocessing.data.StandardScaler),nominal=sklearn.pipeline.Pipeline(simpleimputer=sklearn.impute.SimpleImputer,onehotencoder=sklearn.preprocessing._encoders.OneHotEncoder)),randomforestclassifier=sklearn.ensemble.forest.RandomForestClassifier)(1)","0.2988","jobs:null,remainder:""passthrough"",threshold:0.3,weights:null,memory:null,new:false,features:""missing-only"",values:NaN,sparse:""auto"",axis:0,copy:true,values:""NaN"",strategy:""most_frequent"",verbose:0,copy:true,mean:true,std:true,memory:null,copy:true,value:-1,values:NaN,strategy:""constant"",verbose:0,features:null,categories:null,dtype:float64""},unknown:""ignore"",values:null,sparse:true,memory:null,bootstrap:false,weight:null,criterion:""gini"",depth:null,features:08396773993657958,nodes:null,decrease:0.0,split:null,leaf:8,split:16,leaf:0.0,estimators:100,jobs:null,score:false,state:6727,verbose:0,start:false"
"9504207","sklearn.pipeline.Pipeline(columntransformer=sklearn.compose._column_transformer.ColumnTransformer(numeric=sklearn.pipeline.Pipeline(missingindicator=sklearn.impute.MissingIndicator,imputer=sklearn.preprocessing.imputation.Imputer,standardscaler=sklearn.preprocessing.data.StandardScaler),nominal=sklearn.pipeline.Pipeline(simpleimputer=sklearn.impute.SimpleImputer,onehotencoder=sklearn.preprocessing._encoders.OneHotEncoder)),randomforestclassifier=sklearn.ensemble.forest.RandomForestClassifier)(1)","0.2988","jobs:null,remainder:""passthrough"",threshold:0.3,weights:null,memory:null,new:false,features:""missing-only"",values:NaN,sparse:""auto"",axis:0,copy:true,values:""NaN"",strategy:""median"",verbose:0,copy:true,mean:true,std:true,memory:null,copy:true,value:-1,values:NaN,strategy:""constant"",verbose:0,features:null,categories:null,dtype:float64""},unknown:""ignore"",values:null,sparse:true,memory:null,bootstrap:false,weight:null,criterion:""gini"",depth:null,features:8257984756812968,nodes:null,decrease:0.0,split:null,leaf:12,split:20,leaf:0.0,estimators:100,jobs:null,score:false,state:622,verbose:0,start:false"
"9285033","sklearn.pipeline.Pipeline(columntransformer=sklearn.compose._column_transformer.ColumnTransformer(numeric=sklearn.pipeline.Pipeline(missingindicator=sklearn.impute.MissingIndicator,imputer=sklearn.preprocessing.imputation.Imputer,standardscaler=sklearn.preprocessing.data.StandardScaler),nominal=sklearn.pipeline.Pipeline(simpleimputer=sklearn.impute.SimpleImputer,onehotencoder=sklearn.preprocessing._encoders.OneHotEncoder)),randomforestclassifier=sklearn.ensemble.forest.RandomForestClassifier)(1)","0.2988","jobs:null,remainder:""passthrough"",threshold:0.3,weights:null,memory:null,new:false,features:""missing-only"",values:NaN,sparse:""auto"",axis:0,copy:true,values:""NaN"",strategy:""most_frequent"",verbose:0,copy:true,mean:true,std:true,memory:null,copy:true,value:-1,values:NaN,strategy:""constant"",verbose:0,features:null,categories:null,dtype:float64""},unknown:""ignore"",values:null,sparse:true,memory:null,bootstrap:true,weight:null,criterion:""entropy"",depth:null,features:5343216955022887,nodes:null,decrease:0.0,split:null,leaf:14,split:16,leaf:0.0,estimators:100,jobs:null,score:false,state:54174,verbose:0,start:false"
"9379451","sklearn.pipeline.Pipeline(columntransformer=sklearn.compose._column_transformer.ColumnTransformer(numeric=sklearn.pipeline.Pipeline(missingindicator=sklearn.impute.MissingIndicator,imputer=sklearn.preprocessing.imputation.Imputer,standardscaler=sklearn.preprocessing.data.StandardScaler),nominal=sklearn.pipeline.Pipeline(simpleimputer=sklearn.impute.SimpleImputer,onehotencoder=sklearn.preprocessing._encoders.OneHotEncoder)),randomforestclassifier=sklearn.ensemble.forest.RandomForestClassifier)(1)","0.2988","jobs:null,remainder:""passthrough"",threshold:0.3,weights:null,memory:null,new:false,features:""missing-only"",values:NaN,sparse:""auto"",axis:0,copy:true,values:""NaN"",strategy:""mean"",verbose:0,copy:true,mean:true,std:true,memory:null,copy:true,value:-1,values:NaN,strategy:""constant"",verbose:0,features:null,categories:null,dtype:float64""},unknown:""ignore"",values:null,sparse:true,memory:null,bootstrap:true,weight:null,criterion:""gini"",depth:null,features:7671670705042589,nodes:null,decrease:0.0,split:null,leaf:16,split:14,leaf:0.0,estimators:100,jobs:null,score:false,state:12232,verbose:0,start:false"
"9533844","sklearn.pipeline.Pipeline(columntransformer=sklearn.compose._column_transformer.ColumnTransformer(numeric=sklearn.pipeline.Pipeline(missingindicator=sklearn.impute.MissingIndicator,imputer=sklearn.preprocessing.imputation.Imputer,standardscaler=sklearn.preprocessing.data.StandardScaler),nominal=sklearn.pipeline.Pipeline(simpleimputer=sklearn.impute.SimpleImputer,onehotencoder=sklearn.preprocessing._encoders.OneHotEncoder)),randomforestclassifier=sklearn.ensemble.forest.RandomForestClassifier)(1)","0.2988","jobs:null,remainder:""passthrough"",threshold:0.3,weights:null,memory:null,new:false,features:""missing-only"",values:NaN,sparse:""auto"",axis:0,copy:true,values:""NaN"",strategy:""most_frequent"",verbose:0,copy:true,mean:true,std:true,memory:null,copy:true,value:-1,values:NaN,strategy:""constant"",verbose:0,features:null,categories:null,dtype:float64""},unknown:""ignore"",values:null,sparse:true,memory:null,bootstrap:true,weight:null,criterion:""entropy"",depth:null,features:4223018045343899,nodes:null,decrease:0.0,split:null,leaf:11,split:4,leaf:0.0,estimators:100,jobs:null,score:false,state:64480,verbose:0,start:false"
"9337647","sklearn.pipeline.Pipeline(columntransformer=sklearn.compose._column_transformer.ColumnTransformer(numeric=sklearn.pipeline.Pipeline(missingindicator=sklearn.impute.MissingIndicator,imputer=sklearn.preprocessing.imputation.Imputer,standardscaler=sklearn.preprocessing.data.StandardScaler),nominal=sklearn.pipeline.Pipeline(simpleimputer=sklearn.impute.SimpleImputer,onehotencoder=sklearn.preprocessing._encoders.OneHotEncoder)),randomforestclassifier=sklearn.ensemble.forest.RandomForestClassifier)(1)","0.2988","jobs:null,remainder:""passthrough"",threshold:0.3,weights:null,memory:null,new:false,features:""missing-only"",values:NaN,sparse:""auto"",axis:0,copy:true,values:""NaN"",strategy:""median"",verbose:0,copy:true,mean:true,std:true,memory:null,copy:true,value:-1,values:NaN,strategy:""constant"",verbose:0,features:null,categories:null,dtype:float64""},unknown:""ignore"",values:null,sparse:true,memory:null,bootstrap:true,weight:null,criterion:""gini"",depth:null,features:09675386215350035,nodes:null,decrease:0.0,split:null,leaf:13,split:2,leaf:0.0,estimators:100,jobs:null,score:false,state:3122,verbose:0,start:false"
"9281485","sklearn.pipeline.Pipeline(columntransformer=sklearn.compose._column_transformer.ColumnTransformer(numeric=sklearn.pipeline.Pipeline(missingindicator=sklearn.impute.MissingIndicator,imputer=sklearn.preprocessing.imputation.Imputer,standardscaler=sklearn.preprocessing.data.StandardScaler),nominal=sklearn.pipeline.Pipeline(simpleimputer=sklearn.impute.SimpleImputer,onehotencoder=sklearn.preprocessing._encoders.OneHotEncoder)),randomforestclassifier=sklearn.ensemble.forest.RandomForestClassifier)(1)","0.2988","jobs:null,remainder:""passthrough"",threshold:0.3,weights:null,memory:null,new:false,features:""missing-only"",values:NaN,sparse:""auto"",axis:0,copy:true,values:""NaN"",strategy:""most_frequent"",verbose:0,copy:true,mean:true,std:true,memory:null,copy:true,value:-1,values:NaN,strategy:""constant"",verbose:0,features:null,categories:null,dtype:float64""},unknown:""ignore"",values:null,sparse:true,memory:null,bootstrap:false,weight:null,criterion:""gini"",depth:null,features:6526386147352109,nodes:null,decrease:0.0,split:null,leaf:5,split:9,leaf:0.0,estimators:100,jobs:null,score:false,state:5313,verbose:0,start:false"
"9381795","sklearn.pipeline.Pipeline(columntransformer=sklearn.compose._column_transformer.ColumnTransformer(numeric=sklearn.pipeline.Pipeline(missingindicator=sklearn.impute.MissingIndicator,imputer=sklearn.preprocessing.imputation.Imputer,standardscaler=sklearn.preprocessing.data.StandardScaler),nominal=sklearn.pipeline.Pipeline(simpleimputer=sklearn.impute.SimpleImputer,onehotencoder=sklearn.preprocessing._encoders.OneHotEncoder)),randomforestclassifier=sklearn.ensemble.forest.RandomForestClassifier)(1)","0.2988","jobs:null,remainder:""passthrough"",threshold:0.3,weights:null,memory:null,new:false,features:""missing-only"",values:NaN,sparse:""auto"",axis:0,copy:true,values:""NaN"",strategy:""median"",verbose:0,copy:true,mean:true,std:true,memory:null,copy:true,value:-1,values:NaN,strategy:""constant"",verbose:0,features:null,categories:null,dtype:float64""},unknown:""ignore"",values:null,sparse:true,memory:null,bootstrap:false,weight:null,criterion:""gini"",depth:null,features:48155474116758323,nodes:null,decrease:0.0,split:null,leaf:10,split:19,leaf:0.0,estimators:100,jobs:null,score:false,state:1086,verbose:0,start:false"
"9284824","sklearn.pipeline.Pipeline(columntransformer=sklearn.compose._column_transformer.ColumnTransformer(numeric=sklearn.pipeline.Pipeline(missingindicator=sklearn.impute.MissingIndicator,imputer=sklearn.preprocessing.imputation.Imputer,standardscaler=sklearn.preprocessing.data.StandardScaler),nominal=sklearn.pipeline.Pipeline(simpleimputer=sklearn.impute.SimpleImputer,onehotencoder=sklearn.preprocessing._encoders.OneHotEncoder)),randomforestclassifier=sklearn.ensemble.forest.RandomForestClassifier)(1)","0.2988","jobs:null,remainder:""passthrough"",threshold:0.3,weights:null,memory:null,new:false,features:""missing-only"",values:NaN,sparse:""auto"",axis:0,copy:true,values:""NaN"",strategy:""mean"",verbose:0,copy:true,mean:true,std:true,memory:null,copy:true,value:-1,values:NaN,strategy:""constant"",verbose:0,features:null,categories:null,dtype:float64""},unknown:""ignore"",values:null,sparse:true,memory:null,bootstrap:false,weight:null,criterion:""gini"",depth:null,features:3607837903674519,nodes:null,decrease:0.0,split:null,leaf:11,split:7,leaf:0.0,estimators:100,jobs:null,score:false,state:38181,verbose:0,start:false"
"9403582","sklearn.pipeline.Pipeline(columntransformer=sklearn.compose._column_transformer.ColumnTransformer(numeric=sklearn.pipeline.Pipeline(missingindicator=sklearn.impute.MissingIndicator,imputer=sklearn.preprocessing.imputation.Imputer,standardscaler=sklearn.preprocessing.data.StandardScaler),nominal=sklearn.pipeline.Pipeline(simpleimputer=sklearn.impute.SimpleImputer,onehotencoder=sklearn.preprocessing._encoders.OneHotEncoder)),randomforestclassifier=sklearn.ensemble.forest.RandomForestClassifier)(1)","0.2988","jobs:null,remainder:""passthrough"",threshold:0.3,weights:null,memory:null,new:false,features:""missing-only"",values:NaN,sparse:""auto"",axis:0,copy:true,values:""NaN"",strategy:""most_frequent"",verbose:0,copy:true,mean:true,std:true,memory:null,copy:true,value:-1,values:NaN,strategy:""constant"",verbose:0,features:null,categories:null,dtype:float64""},unknown:""ignore"",values:null,sparse:true,memory:null,bootstrap:true,weight:null,criterion:""entropy"",depth:null,features:8123867125019819,nodes:null,decrease:0.0,split:null,leaf:1,split:17,leaf:0.0,estimators:100,jobs:null,score:false,state:34552,verbose:0,start:false"
"9383031","sklearn.pipeline.Pipeline(columntransformer=sklearn.compose._column_transformer.ColumnTransformer(numeric=sklearn.pipeline.Pipeline(missingindicator=sklearn.impute.MissingIndicator,imputer=sklearn.preprocessing.imputation.Imputer,standardscaler=sklearn.preprocessing.data.StandardScaler),nominal=sklearn.pipeline.Pipeline(simpleimputer=sklearn.impute.SimpleImputer,onehotencoder=sklearn.preprocessing._encoders.OneHotEncoder)),randomforestclassifier=sklearn.ensemble.forest.RandomForestClassifier)(1)","0.2988","jobs:null,remainder:""passthrough"",threshold:0.3,weights:null,memory:null,new:false,features:""missing-only"",values:NaN,sparse:""auto"",axis:0,copy:true,values:""NaN"",strategy:""mean"",verbose:0,copy:true,mean:true,std:true,memory:null,copy:true,value:-1,values:NaN,strategy:""constant"",verbose:0,features:null,categories:null,dtype:float64""},unknown:""ignore"",values:null,sparse:true,memory:null,bootstrap:false,weight:null,criterion:""gini"",depth:null,features:5900710220524695,nodes:null,decrease:0.0,split:null,leaf:5,split:4,leaf:0.0,estimators:100,jobs:null,score:false,state:55921,verbose:0,start:false"
"9364430","sklearn.pipeline.Pipeline(columntransformer=sklearn.compose._column_transformer.ColumnTransformer(numeric=sklearn.pipeline.Pipeline(missingindicator=sklearn.impute.MissingIndicator,imputer=sklearn.preprocessing.imputation.Imputer,standardscaler=sklearn.preprocessing.data.StandardScaler),nominal=sklearn.pipeline.Pipeline(simpleimputer=sklearn.impute.SimpleImputer,onehotencoder=sklearn.preprocessing._encoders.OneHotEncoder)),randomforestclassifier=sklearn.ensemble.forest.RandomForestClassifier)(1)","0.2988","jobs:null,remainder:""passthrough"",threshold:0.3,weights:null,memory:null,new:false,features:""missing-only"",values:NaN,sparse:""auto"",axis:0,copy:true,values:""NaN"",strategy:""most_frequent"",verbose:0,copy:true,mean:true,std:true,memory:null,copy:true,value:-1,values:NaN,strategy:""constant"",verbose:0,features:null,categories:null,dtype:float64""},unknown:""ignore"",values:null,sparse:true,memory:null,bootstrap:false,weight:null,criterion:""entropy"",depth:null,features:4991059008026718,nodes:null,decrease:0.0,split:null,leaf:17,split:7,leaf:0.0,estimators:100,jobs:null,score:false,state:57357,verbose:0,start:false"
"9502420","sklearn.pipeline.Pipeline(columntransformer=sklearn.compose._column_transformer.ColumnTransformer(numeric=sklearn.pipeline.Pipeline(missingindicator=sklearn.impute.MissingIndicator,imputer=sklearn.preprocessing.imputation.Imputer,standardscaler=sklearn.preprocessing.data.StandardScaler),nominal=sklearn.pipeline.Pipeline(simpleimputer=sklearn.impute.SimpleImputer,onehotencoder=sklearn.preprocessing._encoders.OneHotEncoder)),randomforestclassifier=sklearn.ensemble.forest.RandomForestClassifier)(1)","0.2988","jobs:null,remainder:""passthrough"",threshold:0.3,weights:null,memory:null,new:false,features:""missing-only"",values:NaN,sparse:""auto"",axis:0,copy:true,values:""NaN"",strategy:""most_frequent"",verbose:0,copy:true,mean:true,std:true,memory:null,copy:true,value:-1,values:NaN,strategy:""constant"",verbose:0,features:null,categories:null,dtype:float64""},unknown:""ignore"",values:null,sparse:true,memory:null,bootstrap:true,weight:null,criterion:""gini"",depth:null,features:868831044420955,nodes:null,decrease:0.0,split:null,leaf:7,split:16,leaf:0.0,estimators:100,jobs:null,score:false,state:59495,verbose:0,start:false"
"9381517","sklearn.pipeline.Pipeline(columntransformer=sklearn.compose._column_transformer.ColumnTransformer(numeric=sklearn.pipeline.Pipeline(missingindicator=sklearn.impute.MissingIndicator,imputer=sklearn.preprocessing.imputation.Imputer,standardscaler=sklearn.preprocessing.data.StandardScaler),nominal=sklearn.pipeline.Pipeline(simpleimputer=sklearn.impute.SimpleImputer,onehotencoder=sklearn.preprocessing._encoders.OneHotEncoder)),randomforestclassifier=sklearn.ensemble.forest.RandomForestClassifier)(1)","0.2988","jobs:null,remainder:""passthrough"",threshold:0.3,weights:null,memory:null,new:false,features:""missing-only"",values:NaN,sparse:""auto"",axis:0,copy:true,values:""NaN"",strategy:""most_frequent"",verbose:0,copy:true,mean:true,std:true,memory:null,copy:true,value:-1,values:NaN,strategy:""constant"",verbose:0,features:null,categories:null,dtype:float64""},unknown:""ignore"",values:null,sparse:true,memory:null,bootstrap:true,weight:null,criterion:""entropy"",depth:null,features:011836914922031982,nodes:null,decrease:0.0,split:null,leaf:4,split:18,leaf:0.0,estimators:100,jobs:null,score:false,state:56879,verbose:0,start:false"
"9477147","sklearn.pipeline.Pipeline(columntransformer=sklearn.compose._column_transformer.ColumnTransformer(numeric=sklearn.pipeline.Pipeline(missingindicator=sklearn.impute.MissingIndicator,imputer=sklearn.preprocessing.imputation.Imputer,standardscaler=sklearn.preprocessing.data.StandardScaler),nominal=sklearn.pipeline.Pipeline(simpleimputer=sklearn.impute.SimpleImputer,onehotencoder=sklearn.preprocessing._encoders.OneHotEncoder)),randomforestclassifier=sklearn.ensemble.forest.RandomForestClassifier)(1)","0.2988","jobs:null,remainder:""passthrough"",threshold:0.3,weights:null,memory:null,new:false,features:""missing-only"",values:NaN,sparse:""auto"",axis:0,copy:true,values:""NaN"",strategy:""most_frequent"",verbose:0,copy:true,mean:true,std:true,memory:null,copy:true,value:-1,values:NaN,strategy:""constant"",verbose:0,features:null,categories:null,dtype:float64""},unknown:""ignore"",values:null,sparse:true,memory:null,bootstrap:false,weight:null,criterion:""entropy"",depth:null,features:30904940676577186,nodes:null,decrease:0.0,split:null,leaf:1,split:6,leaf:0.0,estimators:100,jobs:null,score:false,state:49485,verbose:0,start:false"
"9520323","sklearn.pipeline.Pipeline(columntransformer=sklearn.compose._column_transformer.ColumnTransformer(numeric=sklearn.pipeline.Pipeline(missingindicator=sklearn.impute.MissingIndicator,imputer=sklearn.preprocessing.imputation.Imputer,standardscaler=sklearn.preprocessing.data.StandardScaler),nominal=sklearn.pipeline.Pipeline(simpleimputer=sklearn.impute.SimpleImputer,onehotencoder=sklearn.preprocessing._encoders.OneHotEncoder)),randomforestclassifier=sklearn.ensemble.forest.RandomForestClassifier)(1)","0.2988","jobs:null,remainder:""passthrough"",threshold:0.3,weights:null,memory:null,new:false,features:""missing-only"",values:NaN,sparse:""auto"",axis:0,copy:true,values:""NaN"",strategy:""median"",verbose:0,copy:true,mean:true,std:true,memory:null,copy:true,value:-1,values:NaN,strategy:""constant"",verbose:0,features:null,categories:null,dtype:float64""},unknown:""ignore"",values:null,sparse:true,memory:null,bootstrap:true,weight:null,criterion:""entropy"",depth:null,features:7343632398944648,nodes:null,decrease:0.0,split:null,leaf:16,split:12,leaf:0.0,estimators:100,jobs:null,score:false,state:30525,verbose:0,start:false"
"9311904","sklearn.pipeline.Pipeline(columntransformer=sklearn.compose._column_transformer.ColumnTransformer(numeric=sklearn.pipeline.Pipeline(missingindicator=sklearn.impute.MissingIndicator,imputer=sklearn.preprocessing.imputation.Imputer,standardscaler=sklearn.preprocessing.data.StandardScaler),nominal=sklearn.pipeline.Pipeline(simpleimputer=sklearn.impute.SimpleImputer,onehotencoder=sklearn.preprocessing._encoders.OneHotEncoder)),randomforestclassifier=sklearn.ensemble.forest.RandomForestClassifier)(1)","0.2988","jobs:null,remainder:""passthrough"",threshold:0.3,weights:null,memory:null,new:false,features:""missing-only"",values:NaN,sparse:""auto"",axis:0,copy:true,values:""NaN"",strategy:""most_frequent"",verbose:0,copy:true,mean:true,std:true,memory:null,copy:true,value:-1,values:NaN,strategy:""constant"",verbose:0,features:null,categories:null,dtype:float64""},unknown:""ignore"",values:null,sparse:true,memory:null,bootstrap:true,weight:null,criterion:""entropy"",depth:null,features:8467589537543524,nodes:null,decrease:0.0,split:null,leaf:1,split:8,leaf:0.0,estimators:100,jobs:null,score:false,state:24329,verbose:0,start:false"
"9516585","sklearn.pipeline.Pipeline(columntransformer=sklearn.compose._column_transformer.ColumnTransformer(numeric=sklearn.pipeline.Pipeline(missingindicator=sklearn.impute.MissingIndicator,imputer=sklearn.preprocessing.imputation.Imputer,standardscaler=sklearn.preprocessing.data.StandardScaler),nominal=sklearn.pipeline.Pipeline(simpleimputer=sklearn.impute.SimpleImputer,onehotencoder=sklearn.preprocessing._encoders.OneHotEncoder)),randomforestclassifier=sklearn.ensemble.forest.RandomForestClassifier)(1)","0.2988","jobs:null,remainder:""passthrough"",threshold:0.3,weights:null,memory:null,new:false,features:""missing-only"",values:NaN,sparse:""auto"",axis:0,copy:true,values:""NaN"",strategy:""median"",verbose:0,copy:true,mean:true,std:true,memory:null,copy:true,value:-1,values:NaN,strategy:""constant"",verbose:0,features:null,categories:null,dtype:float64""},unknown:""ignore"",values:null,sparse:true,memory:null,bootstrap:false,weight:null,criterion:""gini"",depth:null,features:14311450847874252,nodes:null,decrease:0.0,split:null,leaf:19,split:18,leaf:0.0,estimators:100,jobs:null,score:false,state:55780,verbose:0,start:false"
"9320271","sklearn.pipeline.Pipeline(columntransformer=sklearn.compose._column_transformer.ColumnTransformer(numeric=sklearn.pipeline.Pipeline(missingindicator=sklearn.impute.MissingIndicator,imputer=sklearn.preprocessing.imputation.Imputer,standardscaler=sklearn.preprocessing.data.StandardScaler),nominal=sklearn.pipeline.Pipeline(simpleimputer=sklearn.impute.SimpleImputer,onehotencoder=sklearn.preprocessing._encoders.OneHotEncoder)),randomforestclassifier=sklearn.ensemble.forest.RandomForestClassifier)(1)","0.2988","jobs:null,remainder:""passthrough"",threshold:0.3,weights:null,memory:null,new:false,features:""missing-only"",values:NaN,sparse:""auto"",axis:0,copy:true,values:""NaN"",strategy:""mean"",verbose:0,copy:true,mean:true,std:true,memory:null,copy:true,value:-1,values:NaN,strategy:""constant"",verbose:0,features:null,categories:null,dtype:float64""},unknown:""ignore"",values:null,sparse:true,memory:null,bootstrap:true,weight:null,criterion:""entropy"",depth:null,features:6801976591304192,nodes:null,decrease:0.0,split:null,leaf:15,split:13,leaf:0.0,estimators:100,jobs:null,score:false,state:59027,verbose:0,start:false"
"9271556","sklearn.pipeline.Pipeline(columntransformer=sklearn.compose._column_transformer.ColumnTransformer(numeric=sklearn.pipeline.Pipeline(missingindicator=sklearn.impute.MissingIndicator,imputer=sklearn.preprocessing.imputation.Imputer,standardscaler=sklearn.preprocessing.data.StandardScaler),nominal=sklearn.pipeline.Pipeline(simpleimputer=sklearn.impute.SimpleImputer,onehotencoder=sklearn.preprocessing._encoders.OneHotEncoder)),randomforestclassifier=sklearn.ensemble.forest.RandomForestClassifier)(1)","0.2988","jobs:null,remainder:""passthrough"",threshold:0.3,weights:null,memory:null,new:false,features:""missing-only"",values:NaN,sparse:""auto"",axis:0,copy:true,values:""NaN"",strategy:""median"",verbose:0,copy:true,mean:true,std:true,memory:null,copy:true,value:-1,values:NaN,strategy:""constant"",verbose:0,features:null,categories:null,dtype:float64""},unknown:""ignore"",values:null,sparse:true,memory:null,bootstrap:true,weight:null,criterion:""entropy"",depth:null,features:7605536342343432,nodes:null,decrease:0.0,split:null,leaf:17,split:8,leaf:0.0,estimators:100,jobs:null,score:false,state:31363,verbose:0,start:false"
"9547682","sklearn.pipeline.Pipeline(columntransformer=sklearn.compose._column_transformer.ColumnTransformer(numeric=sklearn.pipeline.Pipeline(missingindicator=sklearn.impute.MissingIndicator,imputer=sklearn.preprocessing.imputation.Imputer,standardscaler=sklearn.preprocessing.data.StandardScaler),nominal=sklearn.pipeline.Pipeline(simpleimputer=sklearn.impute.SimpleImputer,onehotencoder=sklearn.preprocessing._encoders.OneHotEncoder)),randomforestclassifier=sklearn.ensemble.forest.RandomForestClassifier)(1)","0.2988","jobs:null,remainder:""passthrough"",threshold:0.3,weights:null,memory:null,new:false,features:""missing-only"",values:NaN,sparse:""auto"",axis:0,copy:true,values:""NaN"",strategy:""median"",verbose:0,copy:true,mean:true,std:true,memory:null,copy:true,value:-1,values:NaN,strategy:""constant"",verbose:0,features:null,categories:null,dtype:float64""},unknown:""ignore"",values:null,sparse:true,memory:null,bootstrap:true,weight:null,criterion:""gini"",depth:null,features:8528175336843328,nodes:null,decrease:0.0,split:null,leaf:1,split:2,leaf:0.0,estimators:100,jobs:null,score:false,state:32626,verbose:0,start:false"
"9420792","sklearn.pipeline.Pipeline(columntransformer=sklearn.compose._column_transformer.ColumnTransformer(numeric=sklearn.pipeline.Pipeline(missingindicator=sklearn.impute.MissingIndicator,imputer=sklearn.preprocessing.imputation.Imputer,standardscaler=sklearn.preprocessing.data.StandardScaler),nominal=sklearn.pipeline.Pipeline(simpleimputer=sklearn.impute.SimpleImputer,onehotencoder=sklearn.preprocessing._encoders.OneHotEncoder)),randomforestclassifier=sklearn.ensemble.forest.RandomForestClassifier)(1)","0.2988","jobs:null,remainder:""passthrough"",threshold:0.3,weights:null,memory:null,new:false,features:""missing-only"",values:NaN,sparse:""auto"",axis:0,copy:true,values:""NaN"",strategy:""most_frequent"",verbose:0,copy:true,mean:true,std:true,memory:null,copy:true,value:-1,values:NaN,strategy:""constant"",verbose:0,features:null,categories:null,dtype:float64""},unknown:""ignore"",values:null,sparse:true,memory:null,bootstrap:false,weight:null,criterion:""gini"",depth:null,features:5079727488021897,nodes:null,decrease:0.0,split:null,leaf:16,split:11,leaf:0.0,estimators:100,jobs:null,score:false,state:55401,verbose:0,start:false"
"9548297","sklearn.pipeline.Pipeline(columntransformer=sklearn.compose._column_transformer.ColumnTransformer(numeric=sklearn.pipeline.Pipeline(missingindicator=sklearn.impute.MissingIndicator,imputer=sklearn.preprocessing.imputation.Imputer,standardscaler=sklearn.preprocessing.data.StandardScaler),nominal=sklearn.pipeline.Pipeline(simpleimputer=sklearn.impute.SimpleImputer,onehotencoder=sklearn.preprocessing._encoders.OneHotEncoder)),randomforestclassifier=sklearn.ensemble.forest.RandomForestClassifier)(1)","0.2988","jobs:null,remainder:""passthrough"",threshold:0.3,weights:null,memory:null,new:false,features:""missing-only"",values:NaN,sparse:""auto"",axis:0,copy:true,values:""NaN"",strategy:""median"",verbose:0,copy:true,mean:true,std:true,memory:null,copy:true,value:-1,values:NaN,strategy:""constant"",verbose:0,features:null,categories:null,dtype:float64""},unknown:""ignore"",values:null,sparse:true,memory:null,bootstrap:true,weight:null,criterion:""gini"",depth:null,features:2638229885155573,nodes:null,decrease:0.0,split:null,leaf:6,split:4,leaf:0.0,estimators:100,jobs:null,score:false,state:13896,verbose:0,start:false"
"9448427","sklearn.pipeline.Pipeline(columntransformer=sklearn.compose._column_transformer.ColumnTransformer(numeric=sklearn.pipeline.Pipeline(missingindicator=sklearn.impute.MissingIndicator,imputer=sklearn.preprocessing.imputation.Imputer,standardscaler=sklearn.preprocessing.data.StandardScaler),nominal=sklearn.pipeline.Pipeline(simpleimputer=sklearn.impute.SimpleImputer,onehotencoder=sklearn.preprocessing._encoders.OneHotEncoder)),randomforestclassifier=sklearn.ensemble.forest.RandomForestClassifier)(1)","0.2988","jobs:null,remainder:""passthrough"",threshold:0.3,weights:null,memory:null,new:false,features:""missing-only"",values:NaN,sparse:""auto"",axis:0,copy:true,values:""NaN"",strategy:""median"",verbose:0,copy:true,mean:true,std:true,memory:null,copy:true,value:-1,values:NaN,strategy:""constant"",verbose:0,features:null,categories:null,dtype:float64""},unknown:""ignore"",values:null,sparse:true,memory:null,bootstrap:true,weight:null,criterion:""gini"",depth:null,features:9114858331692628,nodes:null,decrease:0.0,split:null,leaf:9,split:20,leaf:0.0,estimators:100,jobs:null,score:false,state:33818,verbose:0,start:false"
"9548913","sklearn.pipeline.Pipeline(columntransformer=sklearn.compose._column_transformer.ColumnTransformer(numeric=sklearn.pipeline.Pipeline(missingindicator=sklearn.impute.MissingIndicator,imputer=sklearn.preprocessing.imputation.Imputer,standardscaler=sklearn.preprocessing.data.StandardScaler),nominal=sklearn.pipeline.Pipeline(simpleimputer=sklearn.impute.SimpleImputer,onehotencoder=sklearn.preprocessing._encoders.OneHotEncoder)),randomforestclassifier=sklearn.ensemble.forest.RandomForestClassifier)(1)","0.2988","jobs:null,remainder:""passthrough"",threshold:0.3,weights:null,memory:null,new:false,features:""missing-only"",values:NaN,sparse:""auto"",axis:0,copy:true,values:""NaN"",strategy:""median"",verbose:0,copy:true,mean:true,std:true,memory:null,copy:true,value:-1,values:NaN,strategy:""constant"",verbose:0,features:null,categories:null,dtype:float64""},unknown:""ignore"",values:null,sparse:true,memory:null,bootstrap:true,weight:null,criterion:""entropy"",depth:null,features:7814252033687114,nodes:null,decrease:0.0,split:null,leaf:7,split:18,leaf:0.0,estimators:100,jobs:null,score:false,state:32643,verbose:0,start:false"
"9365708","sklearn.pipeline.Pipeline(columntransformer=sklearn.compose._column_transformer.ColumnTransformer(numeric=sklearn.pipeline.Pipeline(missingindicator=sklearn.impute.MissingIndicator,imputer=sklearn.preprocessing.imputation.Imputer,standardscaler=sklearn.preprocessing.data.StandardScaler),nominal=sklearn.pipeline.Pipeline(simpleimputer=sklearn.impute.SimpleImputer,onehotencoder=sklearn.preprocessing._encoders.OneHotEncoder)),randomforestclassifier=sklearn.ensemble.forest.RandomForestClassifier)(1)","0.2988","jobs:null,remainder:""passthrough"",threshold:0.3,weights:null,memory:null,new:false,features:""missing-only"",values:NaN,sparse:""auto"",axis:0,copy:true,values:""NaN"",strategy:""mean"",verbose:0,copy:true,mean:true,std:true,memory:null,copy:true,value:-1,values:NaN,strategy:""constant"",verbose:0,features:null,categories:null,dtype:float64""},unknown:""ignore"",values:null,sparse:true,memory:null,bootstrap:false,weight:null,criterion:""gini"",depth:null,features:04895250400581852,nodes:null,decrease:0.0,split:null,leaf:8,split:18,leaf:0.0,estimators:100,jobs:null,score:false,state:47145,verbose:0,start:false"
"9382913","sklearn.pipeline.Pipeline(columntransformer=sklearn.compose._column_transformer.ColumnTransformer(numeric=sklearn.pipeline.Pipeline(missingindicator=sklearn.impute.MissingIndicator,imputer=sklearn.preprocessing.imputation.Imputer,standardscaler=sklearn.preprocessing.data.StandardScaler),nominal=sklearn.pipeline.Pipeline(simpleimputer=sklearn.impute.SimpleImputer,onehotencoder=sklearn.preprocessing._encoders.OneHotEncoder)),randomforestclassifier=sklearn.ensemble.forest.RandomForestClassifier)(1)","0.2988","jobs:null,remainder:""passthrough"",threshold:0.3,weights:null,memory:null,new:false,features:""missing-only"",values:NaN,sparse:""auto"",axis:0,copy:true,values:""NaN"",strategy:""median"",verbose:0,copy:true,mean:true,std:true,memory:null,copy:true,value:-1,values:NaN,strategy:""constant"",verbose:0,features:null,categories:null,dtype:float64""},unknown:""ignore"",values:null,sparse:true,memory:null,bootstrap:false,weight:null,criterion:""entropy"",depth:null,features:763815867973831,nodes:null,decrease:0.0,split:null,leaf:10,split:4,leaf:0.0,estimators:100,jobs:null,score:false,state:7114,verbose:0,start:false"
"9537009","sklearn.pipeline.Pipeline(columntransformer=sklearn.compose._column_transformer.ColumnTransformer(numeric=sklearn.pipeline.Pipeline(missingindicator=sklearn.impute.MissingIndicator,imputer=sklearn.preprocessing.imputation.Imputer,standardscaler=sklearn.preprocessing.data.StandardScaler),nominal=sklearn.pipeline.Pipeline(simpleimputer=sklearn.impute.SimpleImputer,onehotencoder=sklearn.preprocessing._encoders.OneHotEncoder)),randomforestclassifier=sklearn.ensemble.forest.RandomForestClassifier)(1)","0.2988","jobs:null,remainder:""passthrough"",threshold:0.3,weights:null,memory:null,new:false,features:""missing-only"",values:NaN,sparse:""auto"",axis:0,copy:true,values:""NaN"",strategy:""mean"",verbose:0,copy:true,mean:true,std:true,memory:null,copy:true,value:-1,values:NaN,strategy:""constant"",verbose:0,features:null,categories:null,dtype:float64""},unknown:""ignore"",values:null,sparse:true,memory:null,bootstrap:false,weight:null,criterion:""gini"",depth:null,features:9981864694422582,nodes:null,decrease:0.0,split:null,leaf:15,split:5,leaf:0.0,estimators:100,jobs:null,score:false,state:65025,verbose:0,start:false"
"9533401","sklearn.pipeline.Pipeline(columntransformer=sklearn.compose._column_transformer.ColumnTransformer(numeric=sklearn.pipeline.Pipeline(missingindicator=sklearn.impute.MissingIndicator,imputer=sklearn.preprocessing.imputation.Imputer,standardscaler=sklearn.preprocessing.data.StandardScaler),nominal=sklearn.pipeline.Pipeline(simpleimputer=sklearn.impute.SimpleImputer,onehotencoder=sklearn.preprocessing._encoders.OneHotEncoder)),randomforestclassifier=sklearn.ensemble.forest.RandomForestClassifier)(1)","0.2988","jobs:null,remainder:""passthrough"",threshold:0.3,weights:null,memory:null,new:false,features:""missing-only"",values:NaN,sparse:""auto"",axis:0,copy:true,values:""NaN"",strategy:""most_frequent"",verbose:0,copy:true,mean:true,std:true,memory:null,copy:true,value:-1,values:NaN,strategy:""constant"",verbose:0,features:null,categories:null,dtype:float64""},unknown:""ignore"",values:null,sparse:true,memory:null,bootstrap:false,weight:null,criterion:""gini"",depth:null,features:5488537550056886,nodes:null,decrease:0.0,split:null,leaf:14,split:12,leaf:0.0,estimators:100,jobs:null,score:false,state:63755,verbose:0,start:false"
"9514358","sklearn.pipeline.Pipeline(columntransformer=sklearn.compose._column_transformer.ColumnTransformer(numeric=sklearn.pipeline.Pipeline(missingindicator=sklearn.impute.MissingIndicator,imputer=sklearn.preprocessing.imputation.Imputer,standardscaler=sklearn.preprocessing.data.StandardScaler),nominal=sklearn.pipeline.Pipeline(simpleimputer=sklearn.impute.SimpleImputer,onehotencoder=sklearn.preprocessing._encoders.OneHotEncoder)),randomforestclassifier=sklearn.ensemble.forest.RandomForestClassifier)(1)","0.2988","jobs:null,remainder:""passthrough"",threshold:0.3,weights:null,memory:null,new:false,features:""missing-only"",values:NaN,sparse:""auto"",axis:0,copy:true,values:""NaN"",strategy:""mean"",verbose:0,copy:true,mean:true,std:true,memory:null,copy:true,value:-1,values:NaN,strategy:""constant"",verbose:0,features:null,categories:null,dtype:float64""},unknown:""ignore"",values:null,sparse:true,memory:null,bootstrap:true,weight:null,criterion:""entropy"",depth:null,features:5147392911529685,nodes:null,decrease:0.0,split:null,leaf:2,split:8,leaf:0.0,estimators:100,jobs:null,score:false,state:3546,verbose:0,start:false"
"9380229","sklearn.pipeline.Pipeline(columntransformer=sklearn.compose._column_transformer.ColumnTransformer(numeric=sklearn.pipeline.Pipeline(missingindicator=sklearn.impute.MissingIndicator,imputer=sklearn.preprocessing.imputation.Imputer,standardscaler=sklearn.preprocessing.data.StandardScaler),nominal=sklearn.pipeline.Pipeline(simpleimputer=sklearn.impute.SimpleImputer,onehotencoder=sklearn.preprocessing._encoders.OneHotEncoder)),randomforestclassifier=sklearn.ensemble.forest.RandomForestClassifier)(1)","0.2988","jobs:null,remainder:""passthrough"",threshold:0.3,weights:null,memory:null,new:false,features:""missing-only"",values:NaN,sparse:""auto"",axis:0,copy:true,values:""NaN"",strategy:""most_frequent"",verbose:0,copy:true,mean:true,std:true,memory:null,copy:true,value:-1,values:NaN,strategy:""constant"",verbose:0,features:null,categories:null,dtype:float64""},unknown:""ignore"",values:null,sparse:true,memory:null,bootstrap:false,weight:null,criterion:""entropy"",depth:null,features:7426101345632315,nodes:null,decrease:0.0,split:null,leaf:1,split:10,leaf:0.0,estimators:100,jobs:null,score:false,state:41132,verbose:0,start:false"
"9482968","sklearn.pipeline.Pipeline(columntransformer=sklearn.compose._column_transformer.ColumnTransformer(numeric=sklearn.pipeline.Pipeline(missingindicator=sklearn.impute.MissingIndicator,imputer=sklearn.preprocessing.imputation.Imputer,standardscaler=sklearn.preprocessing.data.StandardScaler),nominal=sklearn.pipeline.Pipeline(simpleimputer=sklearn.impute.SimpleImputer,onehotencoder=sklearn.preprocessing._encoders.OneHotEncoder)),randomforestclassifier=sklearn.ensemble.forest.RandomForestClassifier)(1)","0.2988","jobs:null,remainder:""passthrough"",threshold:0.3,weights:null,memory:null,new:false,features:""missing-only"",values:NaN,sparse:""auto"",axis:0,copy:true,values:""NaN"",strategy:""most_frequent"",verbose:0,copy:true,mean:true,std:true,memory:null,copy:true,value:-1,values:NaN,strategy:""constant"",verbose:0,features:null,categories:null,dtype:float64""},unknown:""ignore"",values:null,sparse:true,memory:null,bootstrap:true,weight:null,criterion:""entropy"",depth:null,features:8533532165965877,nodes:null,decrease:0.0,split:null,leaf:18,split:13,leaf:0.0,estimators:100,jobs:null,score:false,state:20560,verbose:0,start:false"
"9381529","sklearn.pipeline.Pipeline(columntransformer=sklearn.compose._column_transformer.ColumnTransformer(numeric=sklearn.pipeline.Pipeline(missingindicator=sklearn.impute.MissingIndicator,imputer=sklearn.preprocessing.imputation.Imputer,standardscaler=sklearn.preprocessing.data.StandardScaler),nominal=sklearn.pipeline.Pipeline(simpleimputer=sklearn.impute.SimpleImputer,onehotencoder=sklearn.preprocessing._encoders.OneHotEncoder)),randomforestclassifier=sklearn.ensemble.forest.RandomForestClassifier)(1)","0.2988","jobs:null,remainder:""passthrough"",threshold:0.3,weights:null,memory:null,new:false,features:""missing-only"",values:NaN,sparse:""auto"",axis:0,copy:true,values:""NaN"",strategy:""mean"",verbose:0,copy:true,mean:true,std:true,memory:null,copy:true,value:-1,values:NaN,strategy:""constant"",verbose:0,features:null,categories:null,dtype:float64""},unknown:""ignore"",values:null,sparse:true,memory:null,bootstrap:true,weight:null,criterion:""gini"",depth:null,features:41252144234811905,nodes:null,decrease:0.0,split:null,leaf:8,split:6,leaf:0.0,estimators:100,jobs:null,score:false,state:16836,verbose:0,start:false"
"9300640","sklearn.pipeline.Pipeline(columntransformer=sklearn.compose._column_transformer.ColumnTransformer(numeric=sklearn.pipeline.Pipeline(missingindicator=sklearn.impute.MissingIndicator,imputer=sklearn.preprocessing.imputation.Imputer,standardscaler=sklearn.preprocessing.data.StandardScaler),nominal=sklearn.pipeline.Pipeline(simpleimputer=sklearn.impute.SimpleImputer,onehotencoder=sklearn.preprocessing._encoders.OneHotEncoder)),randomforestclassifier=sklearn.ensemble.forest.RandomForestClassifier)(1)","0.2988","jobs:null,remainder:""passthrough"",threshold:0.3,weights:null,memory:null,new:false,features:""missing-only"",values:NaN,sparse:""auto"",axis:0,copy:true,values:""NaN"",strategy:""mean"",verbose:0,copy:true,mean:true,std:true,memory:null,copy:true,value:-1,values:NaN,strategy:""constant"",verbose:0,features:null,categories:null,dtype:float64""},unknown:""ignore"",values:null,sparse:true,memory:null,bootstrap:false,weight:null,criterion:""entropy"",depth:null,features:23302087327711585,nodes:null,decrease:0.0,split:null,leaf:12,split:19,leaf:0.0,estimators:100,jobs:null,score:false,state:60757,verbose:0,start:false"
"9415448","sklearn.pipeline.Pipeline(columntransformer=sklearn.compose._column_transformer.ColumnTransformer(numeric=sklearn.pipeline.Pipeline(missingindicator=sklearn.impute.MissingIndicator,imputer=sklearn.preprocessing.imputation.Imputer,standardscaler=sklearn.preprocessing.data.StandardScaler),nominal=sklearn.pipeline.Pipeline(simpleimputer=sklearn.impute.SimpleImputer,onehotencoder=sklearn.preprocessing._encoders.OneHotEncoder)),randomforestclassifier=sklearn.ensemble.forest.RandomForestClassifier)(1)","0.2988","jobs:null,remainder:""passthrough"",threshold:0.3,weights:null,memory:null,new:false,features:""missing-only"",values:NaN,sparse:""auto"",axis:0,copy:true,values:""NaN"",strategy:""most_frequent"",verbose:0,copy:true,mean:true,std:true,memory:null,copy:true,value:-1,values:NaN,strategy:""constant"",verbose:0,features:null,categories:null,dtype:float64""},unknown:""ignore"",values:null,sparse:true,memory:null,bootstrap:true,weight:null,criterion:""entropy"",depth:null,features:2835474431161138,nodes:null,decrease:0.0,split:null,leaf:13,split:2,leaf:0.0,estimators:100,jobs:null,score:false,state:60806,verbose:0,start:false"
"9534099","sklearn.pipeline.Pipeline(columntransformer=sklearn.compose._column_transformer.ColumnTransformer(numeric=sklearn.pipeline.Pipeline(missingindicator=sklearn.impute.MissingIndicator,imputer=sklearn.preprocessing.imputation.Imputer,standardscaler=sklearn.preprocessing.data.StandardScaler),nominal=sklearn.pipeline.Pipeline(simpleimputer=sklearn.impute.SimpleImputer,onehotencoder=sklearn.preprocessing._encoders.OneHotEncoder)),randomforestclassifier=sklearn.ensemble.forest.RandomForestClassifier)(1)","0.2988","jobs:null,remainder:""passthrough"",threshold:0.3,weights:null,memory:null,new:false,features:""missing-only"",values:NaN,sparse:""auto"",axis:0,copy:true,values:""NaN"",strategy:""median"",verbose:0,copy:true,mean:true,std:true,memory:null,copy:true,value:-1,values:NaN,strategy:""constant"",verbose:0,features:null,categories:null,dtype:float64""},unknown:""ignore"",values:null,sparse:true,memory:null,bootstrap:true,weight:null,criterion:""entropy"",depth:null,features:5872132375047818,nodes:null,decrease:0.0,split:null,leaf:20,split:7,leaf:0.0,estimators:100,jobs:null,score:false,state:51633,verbose:0,start:false"
"9381260","sklearn.pipeline.Pipeline(columntransformer=sklearn.compose._column_transformer.ColumnTransformer(numeric=sklearn.pipeline.Pipeline(missingindicator=sklearn.impute.MissingIndicator,imputer=sklearn.preprocessing.imputation.Imputer,standardscaler=sklearn.preprocessing.data.StandardScaler),nominal=sklearn.pipeline.Pipeline(simpleimputer=sklearn.impute.SimpleImputer,onehotencoder=sklearn.preprocessing._encoders.OneHotEncoder)),randomforestclassifier=sklearn.ensemble.forest.RandomForestClassifier)(1)","0.2988","jobs:null,remainder:""passthrough"",threshold:0.3,weights:null,memory:null,new:false,features:""missing-only"",values:NaN,sparse:""auto"",axis:0,copy:true,values:""NaN"",strategy:""most_frequent"",verbose:0,copy:true,mean:true,std:true,memory:null,copy:true,value:-1,values:NaN,strategy:""constant"",verbose:0,features:null,categories:null,dtype:float64""},unknown:""ignore"",values:null,sparse:true,memory:null,bootstrap:true,weight:null,criterion:""entropy"",depth:null,features:9245518078378455,nodes:null,decrease:0.0,split:null,leaf:1,split:20,leaf:0.0,estimators:100,jobs:null,score:false,state:38495,verbose:0,start:false"
"9420638","sklearn.pipeline.Pipeline(columntransformer=sklearn.compose._column_transformer.ColumnTransformer(numeric=sklearn.pipeline.Pipeline(missingindicator=sklearn.impute.MissingIndicator,imputer=sklearn.preprocessing.imputation.Imputer,standardscaler=sklearn.preprocessing.data.StandardScaler),nominal=sklearn.pipeline.Pipeline(simpleimputer=sklearn.impute.SimpleImputer,onehotencoder=sklearn.preprocessing._encoders.OneHotEncoder)),randomforestclassifier=sklearn.ensemble.forest.RandomForestClassifier)(1)","0.2988","jobs:null,remainder:""passthrough"",threshold:0.3,weights:null,memory:null,new:false,features:""missing-only"",values:NaN,sparse:""auto"",axis:0,copy:true,values:""NaN"",strategy:""median"",verbose:0,copy:true,mean:true,std:true,memory:null,copy:true,value:-1,values:NaN,strategy:""constant"",verbose:0,features:null,categories:null,dtype:float64""},unknown:""ignore"",values:null,sparse:true,memory:null,bootstrap:false,weight:null,criterion:""gini"",depth:null,features:3490975081379618,nodes:null,decrease:0.0,split:null,leaf:6,split:10,leaf:0.0,estimators:100,jobs:null,score:false,state:12960,verbose:0,start:false"
"9383884","sklearn.pipeline.Pipeline(columntransformer=sklearn.compose._column_transformer.ColumnTransformer(numeric=sklearn.pipeline.Pipeline(missingindicator=sklearn.impute.MissingIndicator,imputer=sklearn.preprocessing.imputation.Imputer,standardscaler=sklearn.preprocessing.data.StandardScaler),nominal=sklearn.pipeline.Pipeline(simpleimputer=sklearn.impute.SimpleImputer,onehotencoder=sklearn.preprocessing._encoders.OneHotEncoder)),randomforestclassifier=sklearn.ensemble.forest.RandomForestClassifier)(1)","0.2988","jobs:null,remainder:""passthrough"",threshold:0.3,weights:null,memory:null,new:false,features:""missing-only"",values:NaN,sparse:""auto"",axis:0,copy:true,values:""NaN"",strategy:""median"",verbose:0,copy:true,mean:true,std:true,memory:null,copy:true,value:-1,values:NaN,strategy:""constant"",verbose:0,features:null,categories:null,dtype:float64""},unknown:""ignore"",values:null,sparse:true,memory:null,bootstrap:false,weight:null,criterion:""entropy"",depth:null,features:9430059556053784,nodes:null,decrease:0.0,split:null,leaf:19,split:9,leaf:0.0,estimators:100,jobs:null,score:false,state:46924,verbose:0,start:false"
"9405841","sklearn.pipeline.Pipeline(columntransformer=sklearn.compose._column_transformer.ColumnTransformer(numeric=sklearn.pipeline.Pipeline(missingindicator=sklearn.impute.MissingIndicator,imputer=sklearn.preprocessing.imputation.Imputer,standardscaler=sklearn.preprocessing.data.StandardScaler),nominal=sklearn.pipeline.Pipeline(simpleimputer=sklearn.impute.SimpleImputer,onehotencoder=sklearn.preprocessing._encoders.OneHotEncoder)),randomforestclassifier=sklearn.ensemble.forest.RandomForestClassifier)(1)","0.2988","jobs:null,remainder:""passthrough"",threshold:0.3,weights:null,memory:null,new:false,features:""missing-only"",values:NaN,sparse:""auto"",axis:0,copy:true,values:""NaN"",strategy:""median"",verbose:0,copy:true,mean:true,std:true,memory:null,copy:true,value:-1,values:NaN,strategy:""constant"",verbose:0,features:null,categories:null,dtype:float64""},unknown:""ignore"",values:null,sparse:true,memory:null,bootstrap:true,weight:null,criterion:""gini"",depth:null,features:45304016328832675,nodes:null,decrease:0.0,split:null,leaf:14,split:2,leaf:0.0,estimators:100,jobs:null,score:false,state:18588,verbose:0,start:false"
"9536022","sklearn.pipeline.Pipeline(columntransformer=sklearn.compose._column_transformer.ColumnTransformer(numeric=sklearn.pipeline.Pipeline(missingindicator=sklearn.impute.MissingIndicator,imputer=sklearn.preprocessing.imputation.Imputer,standardscaler=sklearn.preprocessing.data.StandardScaler),nominal=sklearn.pipeline.Pipeline(simpleimputer=sklearn.impute.SimpleImputer,onehotencoder=sklearn.preprocessing._encoders.OneHotEncoder)),randomforestclassifier=sklearn.ensemble.forest.RandomForestClassifier)(1)","0.2988","jobs:null,remainder:""passthrough"",threshold:0.3,weights:null,memory:null,new:false,features:""missing-only"",values:NaN,sparse:""auto"",axis:0,copy:true,values:""NaN"",strategy:""median"",verbose:0,copy:true,mean:true,std:true,memory:null,copy:true,value:-1,values:NaN,strategy:""constant"",verbose:0,features:null,categories:null,dtype:float64""},unknown:""ignore"",values:null,sparse:true,memory:null,bootstrap:false,weight:null,criterion:""entropy"",depth:null,features:21380931992564411,nodes:null,decrease:0.0,split:null,leaf:6,split:7,leaf:0.0,estimators:100,jobs:null,score:false,state:13160,verbose:0,start:false"
"9367965","sklearn.pipeline.Pipeline(columntransformer=sklearn.compose._column_transformer.ColumnTransformer(numeric=sklearn.pipeline.Pipeline(missingindicator=sklearn.impute.MissingIndicator,imputer=sklearn.preprocessing.imputation.Imputer,standardscaler=sklearn.preprocessing.data.StandardScaler),nominal=sklearn.pipeline.Pipeline(simpleimputer=sklearn.impute.SimpleImputer,onehotencoder=sklearn.preprocessing._encoders.OneHotEncoder)),randomforestclassifier=sklearn.ensemble.forest.RandomForestClassifier)(1)","0.2988","jobs:null,remainder:""passthrough"",threshold:0.3,weights:null,memory:null,new:false,features:""missing-only"",values:NaN,sparse:""auto"",axis:0,copy:true,values:""NaN"",strategy:""median"",verbose:0,copy:true,mean:true,std:true,memory:null,copy:true,value:-1,values:NaN,strategy:""constant"",verbose:0,features:null,categories:null,dtype:float64""},unknown:""ignore"",values:null,sparse:true,memory:null,bootstrap:false,weight:null,criterion:""gini"",depth:null,features:10138020546959325,nodes:null,decrease:0.0,split:null,leaf:3,split:13,leaf:0.0,estimators:100,jobs:null,score:false,state:53295,verbose:0,start:false"
"9548926","sklearn.pipeline.Pipeline(columntransformer=sklearn.compose._column_transformer.ColumnTransformer(numeric=sklearn.pipeline.Pipeline(missingindicator=sklearn.impute.MissingIndicator,imputer=sklearn.preprocessing.imputation.Imputer,standardscaler=sklearn.preprocessing.data.StandardScaler),nominal=sklearn.pipeline.Pipeline(simpleimputer=sklearn.impute.SimpleImputer,onehotencoder=sklearn.preprocessing._encoders.OneHotEncoder)),randomforestclassifier=sklearn.ensemble.forest.RandomForestClassifier)(1)","0.2988","jobs:null,remainder:""passthrough"",threshold:0.3,weights:null,memory:null,new:false,features:""missing-only"",values:NaN,sparse:""auto"",axis:0,copy:true,values:""NaN"",strategy:""mean"",verbose:0,copy:true,mean:true,std:true,memory:null,copy:true,value:-1,values:NaN,strategy:""constant"",verbose:0,features:null,categories:null,dtype:float64""},unknown:""ignore"",values:null,sparse:true,memory:null,bootstrap:false,weight:null,criterion:""entropy"",depth:null,features:09168817796508133,nodes:null,decrease:0.0,split:null,leaf:5,split:8,leaf:0.0,estimators:100,jobs:null,score:false,state:59398,verbose:0,start:false"
"9533018","sklearn.pipeline.Pipeline(columntransformer=sklearn.compose._column_transformer.ColumnTransformer(numeric=sklearn.pipeline.Pipeline(missingindicator=sklearn.impute.MissingIndicator,imputer=sklearn.preprocessing.imputation.Imputer,standardscaler=sklearn.preprocessing.data.StandardScaler),nominal=sklearn.pipeline.Pipeline(simpleimputer=sklearn.impute.SimpleImputer,onehotencoder=sklearn.preprocessing._encoders.OneHotEncoder)),randomforestclassifier=sklearn.ensemble.forest.RandomForestClassifier)(1)","0.2988","jobs:null,remainder:""passthrough"",threshold:0.3,weights:null,memory:null,new:false,features:""missing-only"",values:NaN,sparse:""auto"",axis:0,copy:true,values:""NaN"",strategy:""most_frequent"",verbose:0,copy:true,mean:true,std:true,memory:null,copy:true,value:-1,values:NaN,strategy:""constant"",verbose:0,features:null,categories:null,dtype:float64""},unknown:""ignore"",values:null,sparse:true,memory:null,bootstrap:true,weight:null,criterion:""gini"",depth:null,features:25552047967696045,nodes:null,decrease:0.0,split:null,leaf:8,split:19,leaf:0.0,estimators:100,jobs:null,score:false,state:20526,verbose:0,start:false"
"9513072","sklearn.pipeline.Pipeline(columntransformer=sklearn.compose._column_transformer.ColumnTransformer(numeric=sklearn.pipeline.Pipeline(missingindicator=sklearn.impute.MissingIndicator,imputer=sklearn.preprocessing.imputation.Imputer,standardscaler=sklearn.preprocessing.data.StandardScaler),nominal=sklearn.pipeline.Pipeline(simpleimputer=sklearn.impute.SimpleImputer,onehotencoder=sklearn.preprocessing._encoders.OneHotEncoder)),randomforestclassifier=sklearn.ensemble.forest.RandomForestClassifier)(1)","0.2988","jobs:null,remainder:""passthrough"",threshold:0.3,weights:null,memory:null,new:false,features:""missing-only"",values:NaN,sparse:""auto"",axis:0,copy:true,values:""NaN"",strategy:""mean"",verbose:0,copy:true,mean:true,std:true,memory:null,copy:true,value:-1,values:NaN,strategy:""constant"",verbose:0,features:null,categories:null,dtype:float64""},unknown:""ignore"",values:null,sparse:true,memory:null,bootstrap:false,weight:null,criterion:""gini"",depth:null,features:9677910457825541,nodes:null,decrease:0.0,split:null,leaf:11,split:17,leaf:0.0,estimators:100,jobs:null,score:false,state:21159,verbose:0,start:false"
"9423805","sklearn.pipeline.Pipeline(columntransformer=sklearn.compose._column_transformer.ColumnTransformer(numeric=sklearn.pipeline.Pipeline(missingindicator=sklearn.impute.MissingIndicator,imputer=sklearn.preprocessing.imputation.Imputer,standardscaler=sklearn.preprocessing.data.StandardScaler),nominal=sklearn.pipeline.Pipeline(simpleimputer=sklearn.impute.SimpleImputer,onehotencoder=sklearn.preprocessing._encoders.OneHotEncoder)),randomforestclassifier=sklearn.ensemble.forest.RandomForestClassifier)(1)","0.2988","jobs:null,remainder:""passthrough"",threshold:0.3,weights:null,memory:null,new:false,features:""missing-only"",values:NaN,sparse:""auto"",axis:0,copy:true,values:""NaN"",strategy:""mean"",verbose:0,copy:true,mean:true,std:true,memory:null,copy:true,value:-1,values:NaN,strategy:""constant"",verbose:0,features:null,categories:null,dtype:float64""},unknown:""ignore"",values:null,sparse:true,memory:null,bootstrap:true,weight:null,criterion:""gini"",depth:null,features:8801049090500656,nodes:null,decrease:0.0,split:null,leaf:19,split:8,leaf:0.0,estimators:100,jobs:null,score:false,state:30869,verbose:0,start:false"
"9361852","sklearn.pipeline.Pipeline(columntransformer=sklearn.compose._column_transformer.ColumnTransformer(numeric=sklearn.pipeline.Pipeline(missingindicator=sklearn.impute.MissingIndicator,imputer=sklearn.preprocessing.imputation.Imputer,standardscaler=sklearn.preprocessing.data.StandardScaler),nominal=sklearn.pipeline.Pipeline(simpleimputer=sklearn.impute.SimpleImputer,onehotencoder=sklearn.preprocessing._encoders.OneHotEncoder)),randomforestclassifier=sklearn.ensemble.forest.RandomForestClassifier)(1)","0.2988","jobs:null,remainder:""passthrough"",threshold:0.3,weights:null,memory:null,new:false,features:""missing-only"",values:NaN,sparse:""auto"",axis:0,copy:true,values:""NaN"",strategy:""mean"",verbose:0,copy:true,mean:true,std:true,memory:null,copy:true,value:-1,values:NaN,strategy:""constant"",verbose:0,features:null,categories:null,dtype:float64""},unknown:""ignore"",values:null,sparse:true,memory:null,bootstrap:true,weight:null,criterion:""gini"",depth:null,features:7923623381646108,nodes:null,decrease:0.0,split:null,leaf:3,split:14,leaf:0.0,estimators:100,jobs:null,score:false,state:36879,verbose:0,start:false"
"9265508","sklearn.pipeline.Pipeline(columntransformer=sklearn.compose._column_transformer.ColumnTransformer(numeric=sklearn.pipeline.Pipeline(missingindicator=sklearn.impute.MissingIndicator,imputer=sklearn.preprocessing.imputation.Imputer,standardscaler=sklearn.preprocessing.data.StandardScaler),nominal=sklearn.pipeline.Pipeline(simpleimputer=sklearn.impute.SimpleImputer,onehotencoder=sklearn.preprocessing._encoders.OneHotEncoder)),randomforestclassifier=sklearn.ensemble.forest.RandomForestClassifier)(1)","0.2988","jobs:null,remainder:""passthrough"",threshold:0.3,weights:null,memory:null,new:false,features:""missing-only"",values:NaN,sparse:""auto"",axis:0,copy:true,values:""NaN"",strategy:""mean"",verbose:0,copy:true,mean:true,std:true,memory:null,copy:true,value:-1,values:NaN,strategy:""constant"",verbose:0,features:null,categories:null,dtype:float64""},unknown:""ignore"",values:null,sparse:true,memory:null,bootstrap:false,weight:null,criterion:""entropy"",depth:null,features:46830997122133167,nodes:null,decrease:0.0,split:null,leaf:17,split:16,leaf:0.0,estimators:100,jobs:null,score:false,state:25684,verbose:0,start:false"
"9487806","sklearn.pipeline.Pipeline(columntransformer=sklearn.compose._column_transformer.ColumnTransformer(numeric=sklearn.pipeline.Pipeline(missingindicator=sklearn.impute.MissingIndicator,imputer=sklearn.preprocessing.imputation.Imputer,standardscaler=sklearn.preprocessing.data.StandardScaler),nominal=sklearn.pipeline.Pipeline(simpleimputer=sklearn.impute.SimpleImputer,onehotencoder=sklearn.preprocessing._encoders.OneHotEncoder)),randomforestclassifier=sklearn.ensemble.forest.RandomForestClassifier)(1)","0.2988","jobs:null,remainder:""passthrough"",threshold:0.3,weights:null,memory:null,new:false,features:""missing-only"",values:NaN,sparse:""auto"",axis:0,copy:true,values:""NaN"",strategy:""most_frequent"",verbose:0,copy:true,mean:true,std:true,memory:null,copy:true,value:-1,values:NaN,strategy:""constant"",verbose:0,features:null,categories:null,dtype:float64""},unknown:""ignore"",values:null,sparse:true,memory:null,bootstrap:false,weight:null,criterion:""entropy"",depth:null,features:6147328132369082,nodes:null,decrease:0.0,split:null,leaf:4,split:9,leaf:0.0,estimators:100,jobs:null,score:false,state:11720,verbose:0,start:false"
"9414699","sklearn.pipeline.Pipeline(columntransformer=sklearn.compose._column_transformer.ColumnTransformer(numeric=sklearn.pipeline.Pipeline(missingindicator=sklearn.impute.MissingIndicator,imputer=sklearn.preprocessing.imputation.Imputer,standardscaler=sklearn.preprocessing.data.StandardScaler),nominal=sklearn.pipeline.Pipeline(simpleimputer=sklearn.impute.SimpleImputer,onehotencoder=sklearn.preprocessing._encoders.OneHotEncoder)),randomforestclassifier=sklearn.ensemble.forest.RandomForestClassifier)(1)","0.2988","jobs:null,remainder:""passthrough"",threshold:0.3,weights:null,memory:null,new:false,features:""missing-only"",values:NaN,sparse:""auto"",axis:0,copy:true,values:""NaN"",strategy:""most_frequent"",verbose:0,copy:true,mean:true,std:true,memory:null,copy:true,value:-1,values:NaN,strategy:""constant"",verbose:0,features:null,categories:null,dtype:float64""},unknown:""ignore"",values:null,sparse:true,memory:null,bootstrap:false,weight:null,criterion:""gini"",depth:null,features:34205961310545296,nodes:null,decrease:0.0,split:null,leaf:16,split:20,leaf:0.0,estimators:100,jobs:null,score:false,state:14418,verbose:0,start:false"
"9403611","sklearn.pipeline.Pipeline(columntransformer=sklearn.compose._column_transformer.ColumnTransformer(numeric=sklearn.pipeline.Pipeline(missingindicator=sklearn.impute.MissingIndicator,imputer=sklearn.preprocessing.imputation.Imputer,standardscaler=sklearn.preprocessing.data.StandardScaler),nominal=sklearn.pipeline.Pipeline(simpleimputer=sklearn.impute.SimpleImputer,onehotencoder=sklearn.preprocessing._encoders.OneHotEncoder)),randomforestclassifier=sklearn.ensemble.forest.RandomForestClassifier)(1)","0.2988","jobs:null,remainder:""passthrough"",threshold:0.3,weights:null,memory:null,new:false,features:""missing-only"",values:NaN,sparse:""auto"",axis:0,copy:true,values:""NaN"",strategy:""most_frequent"",verbose:0,copy:true,mean:true,std:true,memory:null,copy:true,value:-1,values:NaN,strategy:""constant"",verbose:0,features:null,categories:null,dtype:float64""},unknown:""ignore"",values:null,sparse:true,memory:null,bootstrap:true,weight:null,criterion:""gini"",depth:null,features:9564529644767649,nodes:null,decrease:0.0,split:null,leaf:8,split:16,leaf:0.0,estimators:100,jobs:null,score:false,state:25896,verbose:0,start:false"
"9477024","sklearn.pipeline.Pipeline(columntransformer=sklearn.compose._column_transformer.ColumnTransformer(numeric=sklearn.pipeline.Pipeline(missingindicator=sklearn.impute.MissingIndicator,imputer=sklearn.preprocessing.imputation.Imputer,standardscaler=sklearn.preprocessing.data.StandardScaler),nominal=sklearn.pipeline.Pipeline(simpleimputer=sklearn.impute.SimpleImputer,onehotencoder=sklearn.preprocessing._encoders.OneHotEncoder)),randomforestclassifier=sklearn.ensemble.forest.RandomForestClassifier)(1)","0.2988","jobs:null,remainder:""passthrough"",threshold:0.3,weights:null,memory:null,new:false,features:""missing-only"",values:NaN,sparse:""auto"",axis:0,copy:true,values:""NaN"",strategy:""median"",verbose:0,copy:true,mean:true,std:true,memory:null,copy:true,value:-1,values:NaN,strategy:""constant"",verbose:0,features:null,categories:null,dtype:float64""},unknown:""ignore"",values:null,sparse:true,memory:null,bootstrap:true,weight:null,criterion:""gini"",depth:null,features:6578299122124167,nodes:null,decrease:0.0,split:null,leaf:13,split:18,leaf:0.0,estimators:100,jobs:null,score:false,state:33694,verbose:0,start:false"
"9394969","sklearn.pipeline.Pipeline(columntransformer=sklearn.compose._column_transformer.ColumnTransformer(numeric=sklearn.pipeline.Pipeline(missingindicator=sklearn.impute.MissingIndicator,imputer=sklearn.preprocessing.imputation.Imputer,standardscaler=sklearn.preprocessing.data.StandardScaler),nominal=sklearn.pipeline.Pipeline(simpleimputer=sklearn.impute.SimpleImputer,onehotencoder=sklearn.preprocessing._encoders.OneHotEncoder)),svc=sklearn.svm.classes.SVC)(1)","0.2988","jobs:null,remainder:""passthrough"",threshold:0.3,weights:null,memory:null,new:false,features:""missing-only"",values:NaN,sparse:""auto"",axis:0,copy:true,values:""NaN"",strategy:""most_frequent"",verbose:0,copy:true,mean:true,std:true,memory:null,copy:true,value:-1,values:NaN,strategy:""constant"",verbose:0,features:null,categories:null,dtype:float64""},unknown:""ignore"",values:null,sparse:true,memory:null,C:632147823397764,size:200,weight:null,coef0:0.0,shape:""ovr"",degree:3,gamma:058028076417253355,kernel:""rbf"",iter:-1,probability:false,state:34935,shrinking:false,tol:05242904908853257,verbose:false"
"9414888","sklearn.pipeline.Pipeline(columntransformer=sklearn.compose._column_transformer.ColumnTransformer(numeric=sklearn.pipeline.Pipeline(missingindicator=sklearn.impute.MissingIndicator,imputer=sklearn.preprocessing.imputation.Imputer,standardscaler=sklearn.preprocessing.data.StandardScaler),nominal=sklearn.pipeline.Pipeline(simpleimputer=sklearn.impute.SimpleImputer,onehotencoder=sklearn.preprocessing._encoders.OneHotEncoder)),svc=sklearn.svm.classes.SVC)(1)","0.2988","jobs:null,remainder:""passthrough"",threshold:0.3,weights:null,memory:null,new:false,features:""missing-only"",values:NaN,sparse:""auto"",axis:0,copy:true,values:""NaN"",strategy:""median"",verbose:0,copy:true,mean:true,std:true,memory:null,copy:true,value:-1,values:NaN,strategy:""constant"",verbose:0,features:null,categories:null,dtype:float64""},unknown:""ignore"",values:null,sparse:true,memory:null,C:2274506604394,size:200,weight:null,coef0:0352522599729006,shape:""ovr"",degree:3,gamma:0005600310102538123,kernel:""poly"",iter:-1,probability:false,state:32571,shrinking:true,tol:3410450482958575e-05,verbose:false"
"9443790","sklearn.pipeline.Pipeline(columntransformer=sklearn.compose._column_transformer.ColumnTransformer(numeric=sklearn.pipeline.Pipeline(missingindicator=sklearn.impute.MissingIndicator,imputer=sklearn.preprocessing.imputation.Imputer,standardscaler=sklearn.preprocessing.data.StandardScaler),nominal=sklearn.pipeline.Pipeline(simpleimputer=sklearn.impute.SimpleImputer,onehotencoder=sklearn.preprocessing._encoders.OneHotEncoder)),svc=sklearn.svm.classes.SVC)(1)","0.2988","jobs:null,remainder:""passthrough"",threshold:0.3,weights:null,memory:null,new:false,features:""missing-only"",values:NaN,sparse:""auto"",axis:0,copy:true,values:""NaN"",strategy:""mean"",verbose:0,copy:true,mean:true,std:true,memory:null,copy:true,value:-1,values:NaN,strategy:""constant"",verbose:0,features:null,categories:null,dtype:float64""},unknown:""ignore"",values:null,sparse:true,memory:null,C:6609201268904917,size:200,weight:null,coef0:0.0,shape:""ovr"",degree:3,gamma:831329345901502e-05,kernel:""rbf"",iter:-1,probability:false,state:23240,shrinking:true,tol:00011363689055970628,verbose:false"
"9519293","sklearn.pipeline.Pipeline(columntransformer=sklearn.compose._column_transformer.ColumnTransformer(numeric=sklearn.pipeline.Pipeline(missingindicator=sklearn.impute.MissingIndicator,imputer=sklearn.preprocessing.imputation.Imputer,standardscaler=sklearn.preprocessing.data.StandardScaler),nominal=sklearn.pipeline.Pipeline(simpleimputer=sklearn.impute.SimpleImputer,onehotencoder=sklearn.preprocessing._encoders.OneHotEncoder)),svc=sklearn.svm.classes.SVC)(1)","0.2988","jobs:null,remainder:""passthrough"",threshold:0.3,weights:null,memory:null,new:false,features:""missing-only"",values:NaN,sparse:""auto"",axis:0,copy:true,values:""NaN"",strategy:""most_frequent"",verbose:0,copy:true,mean:true,std:true,memory:null,copy:true,value:-1,values:NaN,strategy:""constant"",verbose:0,features:null,categories:null,dtype:float64""},unknown:""ignore"",values:null,sparse:true,memory:null,C:15162489441076854,size:200,weight:null,coef0:15516260491083567,shape:""ovr"",degree:3,gamma:6465485005759313,kernel:""sigmoid"",iter:-1,probability:false,state:52609,shrinking:true,tol:005754925824013493,verbose:false"
"9538726","sklearn.pipeline.Pipeline(columntransformer=sklearn.compose._column_transformer.ColumnTransformer(numeric=sklearn.pipeline.Pipeline(missingindicator=sklearn.impute.MissingIndicator,imputer=sklearn.preprocessing.imputation.Imputer,standardscaler=sklearn.preprocessing.data.StandardScaler),nominal=sklearn.pipeline.Pipeline(simpleimputer=sklearn.impute.SimpleImputer,onehotencoder=sklearn.preprocessing._encoders.OneHotEncoder)),svc=sklearn.svm.classes.SVC)(1)","0.2988","jobs:null,remainder:""passthrough"",threshold:0.3,weights:null,memory:null,new:false,features:""missing-only"",values:NaN,sparse:""auto"",axis:0,copy:true,values:""NaN"",strategy:""mean"",verbose:0,copy:true,mean:true,std:true,memory:null,copy:true,value:-1,values:NaN,strategy:""constant"",verbose:0,features:null,categories:null,dtype:float64""},unknown:""ignore"",values:null,sparse:true,memory:null,C:08792511319269208,size:200,weight:null,coef0:7745460695410877,shape:""ovr"",degree:3,gamma:177315056869052e-05,kernel:""sigmoid"",iter:-1,probability:false,state:33503,shrinking:false,tol:08077153535252402,verbose:false"
"9538664","sklearn.pipeline.Pipeline(columntransformer=sklearn.compose._column_transformer.ColumnTransformer(numeric=sklearn.pipeline.Pipeline(missingindicator=sklearn.impute.MissingIndicator,imputer=sklearn.preprocessing.imputation.Imputer,standardscaler=sklearn.preprocessing.data.StandardScaler),nominal=sklearn.pipeline.Pipeline(simpleimputer=sklearn.impute.SimpleImputer,onehotencoder=sklearn.preprocessing._encoders.OneHotEncoder)),svc=sklearn.svm.classes.SVC)(1)","0.2988","jobs:null,remainder:""passthrough"",threshold:0.3,weights:null,memory:null,new:false,features:""missing-only"",values:NaN,sparse:""auto"",axis:0,copy:true,values:""NaN"",strategy:""most_frequent"",verbose:0,copy:true,mean:true,std:true,memory:null,copy:true,value:-1,values:NaN,strategy:""constant"",verbose:0,features:null,categories:null,dtype:float64""},unknown:""ignore"",values:null,sparse:true,memory:null,C:88976662220471,size:200,weight:null,coef0:4570130006793096,shape:""ovr"",degree:2,gamma:3333496878028855,kernel:""poly"",iter:-1,probability:false,state:15502,shrinking:true,tol:0689117527762245e-05,verbose:false"
"9541051","sklearn.pipeline.Pipeline(columntransformer=sklearn.compose._column_transformer.ColumnTransformer(numeric=sklearn.pipeline.Pipeline(missingindicator=sklearn.impute.MissingIndicator,imputer=sklearn.preprocessing.imputation.Imputer,standardscaler=sklearn.preprocessing.data.StandardScaler),nominal=sklearn.pipeline.Pipeline(simpleimputer=sklearn.impute.SimpleImputer,onehotencoder=sklearn.preprocessing._encoders.OneHotEncoder)),svc=sklearn.svm.classes.SVC)(1)","0.2988","jobs:null,remainder:""passthrough"",threshold:0.3,weights:null,memory:null,new:false,features:""missing-only"",values:NaN,sparse:""auto"",axis:0,copy:true,values:""NaN"",strategy:""most_frequent"",verbose:0,copy:true,mean:true,std:true,memory:null,copy:true,value:-1,values:NaN,strategy:""constant"",verbose:0,features:null,categories:null,dtype:float64""},unknown:""ignore"",values:null,sparse:true,memory:null,C:299741223979,size:200,weight:null,coef0:597597094097607,shape:""ovr"",degree:3,gamma:7844605787678125,kernel:""sigmoid"",iter:-1,probability:false,state:53144,shrinking:true,tol:09763264142159875,verbose:false"
"9484050","sklearn.pipeline.Pipeline(columntransformer=sklearn.compose._column_transformer.ColumnTransformer(numeric=sklearn.pipeline.Pipeline(missingindicator=sklearn.impute.MissingIndicator,imputer=sklearn.preprocessing.imputation.Imputer,standardscaler=sklearn.preprocessing.data.StandardScaler),nominal=sklearn.pipeline.Pipeline(simpleimputer=sklearn.impute.SimpleImputer,onehotencoder=sklearn.preprocessing._encoders.OneHotEncoder)),svc=sklearn.svm.classes.SVC)(1)","0.2988","jobs:null,remainder:""passthrough"",threshold:0.3,weights:null,memory:null,new:false,features:""missing-only"",values:NaN,sparse:""auto"",axis:0,copy:true,values:""NaN"",strategy:""median"",verbose:0,copy:true,mean:true,std:true,memory:null,copy:true,value:-1,values:NaN,strategy:""constant"",verbose:0,features:null,categories:null,dtype:float64""},unknown:""ignore"",values:null,sparse:true,memory:null,C:961225662318476,size:200,weight:null,coef0:2420706011036602,shape:""ovr"",degree:3,gamma:0007502174909398207,kernel:""sigmoid"",iter:-1,probability:false,state:48049,shrinking:false,tol:138873534561603e-05,verbose:false"
"9465921","sklearn.pipeline.Pipeline(columntransformer=sklearn.compose._column_transformer.ColumnTransformer(numeric=sklearn.pipeline.Pipeline(missingindicator=sklearn.impute.MissingIndicator,imputer=sklearn.preprocessing.imputation.Imputer,standardscaler=sklearn.preprocessing.data.StandardScaler),nominal=sklearn.pipeline.Pipeline(simpleimputer=sklearn.impute.SimpleImputer,onehotencoder=sklearn.preprocessing._encoders.OneHotEncoder)),svc=sklearn.svm.classes.SVC)(1)","0.2988","jobs:null,remainder:""passthrough"",threshold:0.3,weights:null,memory:null,new:false,features:""missing-only"",values:NaN,sparse:""auto"",axis:0,copy:true,values:""NaN"",strategy:""mean"",verbose:0,copy:true,mean:true,std:true,memory:null,copy:true,value:-1,values:NaN,strategy:""constant"",verbose:0,features:null,categories:null,dtype:float64""},unknown:""ignore"",values:null,sparse:true,memory:null,C:8330045130219279,size:200,weight:null,coef0:35011728995407254,shape:""ovr"",degree:3,gamma:006164771109868907,kernel:""sigmoid"",iter:-1,probability:false,state:20003,shrinking:false,tol:0358104193952816e-05,verbose:false"
"9479282","sklearn.pipeline.Pipeline(columntransformer=sklearn.compose._column_transformer.ColumnTransformer(numeric=sklearn.pipeline.Pipeline(missingindicator=sklearn.impute.MissingIndicator,imputer=sklearn.preprocessing.imputation.Imputer,standardscaler=sklearn.preprocessing.data.StandardScaler),nominal=sklearn.pipeline.Pipeline(simpleimputer=sklearn.impute.SimpleImputer,onehotencoder=sklearn.preprocessing._encoders.OneHotEncoder)),svc=sklearn.svm.classes.SVC)(1)","0.2988","jobs:null,remainder:""passthrough"",threshold:0.3,weights:null,memory:null,new:false,features:""missing-only"",values:NaN,sparse:""auto"",axis:0,copy:true,values:""NaN"",strategy:""median"",verbose:0,copy:true,mean:true,std:true,memory:null,copy:true,value:-1,values:NaN,strategy:""constant"",verbose:0,features:null,categories:null,dtype:float64""},unknown:""ignore"",values:null,sparse:true,memory:null,C:86493945816,size:200,weight:null,coef0:0.0,shape:""ovr"",degree:3,gamma:016339573873011614,kernel:""rbf"",iter:-1,probability:false,state:23199,shrinking:true,tol:1663180687539908e-05,verbose:false"
"9520367","sklearn.pipeline.Pipeline(columntransformer=sklearn.compose._column_transformer.ColumnTransformer(numeric=sklearn.pipeline.Pipeline(missingindicator=sklearn.impute.MissingIndicator,imputer=sklearn.preprocessing.imputation.Imputer,standardscaler=sklearn.preprocessing.data.StandardScaler),nominal=sklearn.pipeline.Pipeline(simpleimputer=sklearn.impute.SimpleImputer,onehotencoder=sklearn.preprocessing._encoders.OneHotEncoder)),svc=sklearn.svm.classes.SVC)(1)","0.2988","jobs:null,remainder:""passthrough"",threshold:0.3,weights:null,memory:null,new:false,features:""missing-only"",values:NaN,sparse:""auto"",axis:0,copy:true,values:""NaN"",strategy:""median"",verbose:0,copy:true,mean:true,std:true,memory:null,copy:true,value:-1,values:NaN,strategy:""constant"",verbose:0,features:null,categories:null,dtype:float64""},unknown:""ignore"",values:null,sparse:true,memory:null,C:04274524054,size:200,weight:null,coef0:37054154774734904,shape:""ovr"",degree:3,gamma:0012591425544698888,kernel:""sigmoid"",iter:-1,probability:false,state:3389,shrinking:false,tol:0038096426412655426,verbose:false"
"9541505","sklearn.pipeline.Pipeline(columntransformer=sklearn.compose._column_transformer.ColumnTransformer(numeric=sklearn.pipeline.Pipeline(missingindicator=sklearn.impute.MissingIndicator,imputer=sklearn.preprocessing.imputation.Imputer,standardscaler=sklearn.preprocessing.data.StandardScaler),nominal=sklearn.pipeline.Pipeline(simpleimputer=sklearn.impute.SimpleImputer,onehotencoder=sklearn.preprocessing._encoders.OneHotEncoder)),svc=sklearn.svm.classes.SVC)(1)","0.2988","jobs:null,remainder:""passthrough"",threshold:0.3,weights:null,memory:null,new:false,features:""missing-only"",values:NaN,sparse:""auto"",axis:0,copy:true,values:""NaN"",strategy:""median"",verbose:0,copy:true,mean:true,std:true,memory:null,copy:true,value:-1,values:NaN,strategy:""constant"",verbose:0,features:null,categories:null,dtype:float64""},unknown:""ignore"",values:null,sparse:true,memory:null,C:03539893140163553,size:200,weight:null,coef0:49488205232158644,shape:""ovr"",degree:3,gamma:4505599015004869,kernel:""sigmoid"",iter:-1,probability:false,state:36981,shrinking:false,tol:024998498272721378,verbose:false"
"9541520","sklearn.pipeline.Pipeline(columntransformer=sklearn.compose._column_transformer.ColumnTransformer(numeric=sklearn.pipeline.Pipeline(missingindicator=sklearn.impute.MissingIndicator,imputer=sklearn.preprocessing.imputation.Imputer,standardscaler=sklearn.preprocessing.data.StandardScaler),nominal=sklearn.pipeline.Pipeline(simpleimputer=sklearn.impute.SimpleImputer,onehotencoder=sklearn.preprocessing._encoders.OneHotEncoder)),svc=sklearn.svm.classes.SVC)(1)","0.2988","jobs:null,remainder:""passthrough"",threshold:0.3,weights:null,memory:null,new:false,features:""missing-only"",values:NaN,sparse:""auto"",axis:0,copy:true,values:""NaN"",strategy:""median"",verbose:0,copy:true,mean:true,std:true,memory:null,copy:true,value:-1,values:NaN,strategy:""constant"",verbose:0,features:null,categories:null,dtype:float64""},unknown:""ignore"",values:null,sparse:true,memory:null,C:040095688781051374,size:200,weight:null,coef0:09276333163698625,shape:""ovr"",degree:1,gamma:0012950785224124287,kernel:""poly"",iter:-1,probability:false,state:41397,shrinking:true,tol:007049122850434888,verbose:false"
"9541485","sklearn.pipeline.Pipeline(columntransformer=sklearn.compose._column_transformer.ColumnTransformer(numeric=sklearn.pipeline.Pipeline(missingindicator=sklearn.impute.MissingIndicator,imputer=sklearn.preprocessing.imputation.Imputer,standardscaler=sklearn.preprocessing.data.StandardScaler),nominal=sklearn.pipeline.Pipeline(simpleimputer=sklearn.impute.SimpleImputer,onehotencoder=sklearn.preprocessing._encoders.OneHotEncoder)),svc=sklearn.svm.classes.SVC)(1)","0.2988","jobs:null,remainder:""passthrough"",threshold:0.3,weights:null,memory:null,new:false,features:""missing-only"",values:NaN,sparse:""auto"",axis:0,copy:true,values:""NaN"",strategy:""most_frequent"",verbose:0,copy:true,mean:true,std:true,memory:null,copy:true,value:-1,values:NaN,strategy:""constant"",verbose:0,features:null,categories:null,dtype:float64""},unknown:""ignore"",values:null,sparse:true,memory:null,C:039703308746759314,size:200,weight:null,coef0:33016135456051376,shape:""ovr"",degree:5,gamma:02195603556107182,kernel:""poly"",iter:-1,probability:false,state:12477,shrinking:true,tol:068233247487674e-05,verbose:false"
"9541677","sklearn.pipeline.Pipeline(columntransformer=sklearn.compose._column_transformer.ColumnTransformer(numeric=sklearn.pipeline.Pipeline(missingindicator=sklearn.impute.MissingIndicator,imputer=sklearn.preprocessing.imputation.Imputer,standardscaler=sklearn.preprocessing.data.StandardScaler),nominal=sklearn.pipeline.Pipeline(simpleimputer=sklearn.impute.SimpleImputer,onehotencoder=sklearn.preprocessing._encoders.OneHotEncoder)),svc=sklearn.svm.classes.SVC)(1)","0.2988","jobs:null,remainder:""passthrough"",threshold:0.3,weights:null,memory:null,new:false,features:""missing-only"",values:NaN,sparse:""auto"",axis:0,copy:true,values:""NaN"",strategy:""median"",verbose:0,copy:true,mean:true,std:true,memory:null,copy:true,value:-1,values:NaN,strategy:""constant"",verbose:0,features:null,categories:null,dtype:float64""},unknown:""ignore"",values:null,sparse:true,memory:null,C:08219269657170894,size:200,weight:null,coef0:606069459088193,shape:""ovr"",degree:3,gamma:00028629121565111045,kernel:""sigmoid"",iter:-1,probability:false,state:14284,shrinking:true,tol:010454805019158912,verbose:false"
"9540424","sklearn.pipeline.Pipeline(columntransformer=sklearn.compose._column_transformer.ColumnTransformer(numeric=sklearn.pipeline.Pipeline(missingindicator=sklearn.impute.MissingIndicator,imputer=sklearn.preprocessing.imputation.Imputer,standardscaler=sklearn.preprocessing.data.StandardScaler),nominal=sklearn.pipeline.Pipeline(simpleimputer=sklearn.impute.SimpleImputer,onehotencoder=sklearn.preprocessing._encoders.OneHotEncoder)),svc=sklearn.svm.classes.SVC)(1)","0.2988","jobs:null,remainder:""passthrough"",threshold:0.3,weights:null,memory:null,new:false,features:""missing-only"",values:NaN,sparse:""auto"",axis:0,copy:true,values:""NaN"",strategy:""mean"",verbose:0,copy:true,mean:true,std:true,memory:null,copy:true,value:-1,values:NaN,strategy:""constant"",verbose:0,features:null,categories:null,dtype:float64""},unknown:""ignore"",values:null,sparse:true,memory:null,C:2876609673778475,size:200,weight:null,coef0:3186946811977891,shape:""ovr"",degree:3,gamma:0003340154218589957,kernel:""sigmoid"",iter:-1,probability:false,state:62413,shrinking:true,tol:00010494303588895269,verbose:false"
"9539819","sklearn.pipeline.Pipeline(columntransformer=sklearn.compose._column_transformer.ColumnTransformer(numeric=sklearn.pipeline.Pipeline(missingindicator=sklearn.impute.MissingIndicator,imputer=sklearn.preprocessing.imputation.Imputer,standardscaler=sklearn.preprocessing.data.StandardScaler),nominal=sklearn.pipeline.Pipeline(simpleimputer=sklearn.impute.SimpleImputer,onehotencoder=sklearn.preprocessing._encoders.OneHotEncoder)),svc=sklearn.svm.classes.SVC)(1)","0.2988","jobs:null,remainder:""passthrough"",threshold:0.3,weights:null,memory:null,new:false,features:""missing-only"",values:NaN,sparse:""auto"",axis:0,copy:true,values:""NaN"",strategy:""mean"",verbose:0,copy:true,mean:true,std:true,memory:null,copy:true,value:-1,values:NaN,strategy:""constant"",verbose:0,features:null,categories:null,dtype:float64""},unknown:""ignore"",values:null,sparse:true,memory:null,C:17821227681831747,size:200,weight:null,coef0:0.0,shape:""ovr"",degree:3,gamma:223935782936165,kernel:""rbf"",iter:-1,probability:false,state:20530,shrinking:false,tol:0120651794062787e-05,verbose:false"
"9539918","sklearn.pipeline.Pipeline(columntransformer=sklearn.compose._column_transformer.ColumnTransformer(numeric=sklearn.pipeline.Pipeline(missingindicator=sklearn.impute.MissingIndicator,imputer=sklearn.preprocessing.imputation.Imputer,standardscaler=sklearn.preprocessing.data.StandardScaler),nominal=sklearn.pipeline.Pipeline(simpleimputer=sklearn.impute.SimpleImputer,onehotencoder=sklearn.preprocessing._encoders.OneHotEncoder)),svc=sklearn.svm.classes.SVC)(1)","0.2988","jobs:null,remainder:""passthrough"",threshold:0.3,weights:null,memory:null,new:false,features:""missing-only"",values:NaN,sparse:""auto"",axis:0,copy:true,values:""NaN"",strategy:""mean"",verbose:0,copy:true,mean:true,std:true,memory:null,copy:true,value:-1,values:NaN,strategy:""constant"",verbose:0,features:null,categories:null,dtype:float64""},unknown:""ignore"",values:null,sparse:true,memory:null,C:964258241635,size:200,weight:null,coef0:0.0,shape:""ovr"",degree:3,gamma:000779218197691401,kernel:""rbf"",iter:-1,probability:false,state:14110,shrinking:true,tol:533188704496069e-05,verbose:false"
"9547909","sklearn.pipeline.Pipeline(columntransformer=sklearn.compose._column_transformer.ColumnTransformer(numeric=sklearn.pipeline.Pipeline(missingindicator=sklearn.impute.MissingIndicator,imputer=sklearn.preprocessing.imputation.Imputer,standardscaler=sklearn.preprocessing.data.StandardScaler),nominal=sklearn.pipeline.Pipeline(simpleimputer=sklearn.impute.SimpleImputer,onehotencoder=sklearn.preprocessing._encoders.OneHotEncoder)),svc=sklearn.svm.classes.SVC)(1)","0.2988","jobs:null,remainder:""passthrough"",threshold:0.3,weights:null,memory:null,new:false,features:""missing-only"",values:NaN,sparse:""auto"",axis:0,copy:true,values:""NaN"",strategy:""median"",verbose:0,copy:true,mean:true,std:true,memory:null,copy:true,value:-1,values:NaN,strategy:""constant"",verbose:0,features:null,categories:null,dtype:float64""},unknown:""ignore"",values:null,sparse:true,memory:null,C:15494647363914,size:200,weight:null,coef0:9788517017911045,shape:""ovr"",degree:3,gamma:0006649120915080605,kernel:""sigmoid"",iter:-1,probability:false,state:9158,shrinking:false,tol:0006608127436314613,verbose:false"
"9547054","sklearn.pipeline.Pipeline(columntransformer=sklearn.compose._column_transformer.ColumnTransformer(numeric=sklearn.pipeline.Pipeline(missingindicator=sklearn.impute.MissingIndicator,imputer=sklearn.preprocessing.imputation.Imputer,standardscaler=sklearn.preprocessing.data.StandardScaler),nominal=sklearn.pipeline.Pipeline(simpleimputer=sklearn.impute.SimpleImputer,onehotencoder=sklearn.preprocessing._encoders.OneHotEncoder)),svc=sklearn.svm.classes.SVC)(1)","0.2988","jobs:null,remainder:""passthrough"",threshold:0.3,weights:null,memory:null,new:false,features:""missing-only"",values:NaN,sparse:""auto"",axis:0,copy:true,values:""NaN"",strategy:""mean"",verbose:0,copy:true,mean:true,std:true,memory:null,copy:true,value:-1,values:NaN,strategy:""constant"",verbose:0,features:null,categories:null,dtype:float64""},unknown:""ignore"",values:null,sparse:true,memory:null,C:2477161673747,size:200,weight:null,coef0:0.0,shape:""ovr"",degree:3,gamma:6170895714673804,kernel:""rbf"",iter:-1,probability:false,state:20163,shrinking:true,tol:067142068875624e-05,verbose:false"
"9546722","sklearn.pipeline.Pipeline(columntransformer=sklearn.compose._column_transformer.ColumnTransformer(numeric=sklearn.pipeline.Pipeline(missingindicator=sklearn.impute.MissingIndicator,imputer=sklearn.preprocessing.imputation.Imputer,standardscaler=sklearn.preprocessing.data.StandardScaler),nominal=sklearn.pipeline.Pipeline(simpleimputer=sklearn.impute.SimpleImputer,onehotencoder=sklearn.preprocessing._encoders.OneHotEncoder)),svc=sklearn.svm.classes.SVC)(1)","0.2988","jobs:null,remainder:""passthrough"",threshold:0.3,weights:null,memory:null,new:false,features:""missing-only"",values:NaN,sparse:""auto"",axis:0,copy:true,values:""NaN"",strategy:""mean"",verbose:0,copy:true,mean:true,std:true,memory:null,copy:true,value:-1,values:NaN,strategy:""constant"",verbose:0,features:null,categories:null,dtype:float64""},unknown:""ignore"",values:null,sparse:true,memory:null,C:09926825942367899,size:200,weight:null,coef0:8582201763850559,shape:""ovr"",degree:3,gamma:00047527659922495254,kernel:""sigmoid"",iter:-1,probability:false,state:28757,shrinking:true,tol:0003445172218979324,verbose:false"
"9546641","sklearn.pipeline.Pipeline(columntransformer=sklearn.compose._column_transformer.ColumnTransformer(numeric=sklearn.pipeline.Pipeline(missingindicator=sklearn.impute.MissingIndicator,imputer=sklearn.preprocessing.imputation.Imputer,standardscaler=sklearn.preprocessing.data.StandardScaler),nominal=sklearn.pipeline.Pipeline(simpleimputer=sklearn.impute.SimpleImputer,onehotencoder=sklearn.preprocessing._encoders.OneHotEncoder)),svc=sklearn.svm.classes.SVC)(1)","0.2988","jobs:null,remainder:""passthrough"",threshold:0.3,weights:null,memory:null,new:false,features:""missing-only"",values:NaN,sparse:""auto"",axis:0,copy:true,values:""NaN"",strategy:""mean"",verbose:0,copy:true,mean:true,std:true,memory:null,copy:true,value:-1,values:NaN,strategy:""constant"",verbose:0,features:null,categories:null,dtype:float64""},unknown:""ignore"",values:null,sparse:true,memory:null,C:8850478464120876,size:200,weight:null,coef0:24795797821781695,shape:""ovr"",degree:3,gamma:0004917614450627793,kernel:""poly"",iter:-1,probability:false,state:60798,shrinking:false,tol:034419927251391265,verbose:false"
"9546603","sklearn.pipeline.Pipeline(columntransformer=sklearn.compose._column_transformer.ColumnTransformer(numeric=sklearn.pipeline.Pipeline(missingindicator=sklearn.impute.MissingIndicator,imputer=sklearn.preprocessing.imputation.Imputer,standardscaler=sklearn.preprocessing.data.StandardScaler),nominal=sklearn.pipeline.Pipeline(simpleimputer=sklearn.impute.SimpleImputer,onehotencoder=sklearn.preprocessing._encoders.OneHotEncoder)),svc=sklearn.svm.classes.SVC)(1)","0.2988","jobs:null,remainder:""passthrough"",threshold:0.3,weights:null,memory:null,new:false,features:""missing-only"",values:NaN,sparse:""auto"",axis:0,copy:true,values:""NaN"",strategy:""mean"",verbose:0,copy:true,mean:true,std:true,memory:null,copy:true,value:-1,values:NaN,strategy:""constant"",verbose:0,features:null,categories:null,dtype:float64""},unknown:""ignore"",values:null,sparse:true,memory:null,C:1343907626839914,size:200,weight:null,coef0:14799988166319356,shape:""ovr"",degree:2,gamma:00020500059778698725,kernel:""poly"",iter:-1,probability:false,state:58964,shrinking:true,tol:0021366801143455584,verbose:false"
"9546899","sklearn.pipeline.Pipeline(columntransformer=sklearn.compose._column_transformer.ColumnTransformer(numeric=sklearn.pipeline.Pipeline(missingindicator=sklearn.impute.MissingIndicator,imputer=sklearn.preprocessing.imputation.Imputer,standardscaler=sklearn.preprocessing.data.StandardScaler),nominal=sklearn.pipeline.Pipeline(simpleimputer=sklearn.impute.SimpleImputer,onehotencoder=sklearn.preprocessing._encoders.OneHotEncoder)),svc=sklearn.svm.classes.SVC)(1)","0.2988","jobs:null,remainder:""passthrough"",threshold:0.3,weights:null,memory:null,new:false,features:""missing-only"",values:NaN,sparse:""auto"",axis:0,copy:true,values:""NaN"",strategy:""mean"",verbose:0,copy:true,mean:true,std:true,memory:null,copy:true,value:-1,values:NaN,strategy:""constant"",verbose:0,features:null,categories:null,dtype:float64""},unknown:""ignore"",values:null,sparse:true,memory:null,C:22961079988937555,size:200,weight:null,coef0:0.0,shape:""ovr"",degree:3,gamma:02012589070513099,kernel:""rbf"",iter:-1,probability:false,state:3571,shrinking:true,tol:642201627329457e-05,verbose:false"
"9547169","sklearn.pipeline.Pipeline(columntransformer=sklearn.compose._column_transformer.ColumnTransformer(numeric=sklearn.pipeline.Pipeline(missingindicator=sklearn.impute.MissingIndicator,imputer=sklearn.preprocessing.imputation.Imputer,standardscaler=sklearn.preprocessing.data.StandardScaler),nominal=sklearn.pipeline.Pipeline(simpleimputer=sklearn.impute.SimpleImputer,onehotencoder=sklearn.preprocessing._encoders.OneHotEncoder)),svc=sklearn.svm.classes.SVC)(1)","0.2988","jobs:null,remainder:""passthrough"",threshold:0.3,weights:null,memory:null,new:false,features:""missing-only"",values:NaN,sparse:""auto"",axis:0,copy:true,values:""NaN"",strategy:""mean"",verbose:0,copy:true,mean:true,std:true,memory:null,copy:true,value:-1,values:NaN,strategy:""constant"",verbose:0,features:null,categories:null,dtype:float64""},unknown:""ignore"",values:null,sparse:true,memory:null,C:2606375563714,size:200,weight:null,coef0:539105693377326,shape:""ovr"",degree:5,gamma:036447215623545345,kernel:""poly"",iter:-1,probability:false,state:23635,shrinking:true,tol:001335772056694196,verbose:false"
"9485572","sklearn.pipeline.Pipeline(columntransformer=sklearn.compose._column_transformer.ColumnTransformer(numeric=sklearn.pipeline.Pipeline(missingindicator=sklearn.impute.MissingIndicator,imputer=sklearn.preprocessing.imputation.Imputer,standardscaler=sklearn.preprocessing.data.StandardScaler),nominal=sklearn.pipeline.Pipeline(simpleimputer=sklearn.impute.SimpleImputer,onehotencoder=sklearn.preprocessing._encoders.OneHotEncoder)),svc=sklearn.svm.classes.SVC)(1)","0.2988","jobs:null,remainder:""passthrough"",threshold:0.3,weights:null,memory:null,new:false,features:""missing-only"",values:NaN,sparse:""auto"",axis:0,copy:true,values:""NaN"",strategy:""mean"",verbose:0,copy:true,mean:true,std:true,memory:null,copy:true,value:-1,values:NaN,strategy:""constant"",verbose:0,features:null,categories:null,dtype:float64""},unknown:""ignore"",values:null,sparse:true,memory:null,C:638559236374,size:200,weight:null,coef0:0.0,shape:""ovr"",degree:3,gamma:7044274402764366e-05,kernel:""rbf"",iter:-1,probability:false,state:57428,shrinking:false,tol:0009975648141045605,verbose:false"
"9486459","sklearn.pipeline.Pipeline(columntransformer=sklearn.compose._column_transformer.ColumnTransformer(numeric=sklearn.pipeline.Pipeline(missingindicator=sklearn.impute.MissingIndicator,imputer=sklearn.preprocessing.imputation.Imputer,standardscaler=sklearn.preprocessing.data.StandardScaler),nominal=sklearn.pipeline.Pipeline(simpleimputer=sklearn.impute.SimpleImputer,onehotencoder=sklearn.preprocessing._encoders.OneHotEncoder)),svc=sklearn.svm.classes.SVC)(1)","0.2988","jobs:null,remainder:""passthrough"",threshold:0.3,weights:null,memory:null,new:false,features:""missing-only"",values:NaN,sparse:""auto"",axis:0,copy:true,values:""NaN"",strategy:""median"",verbose:0,copy:true,mean:true,std:true,memory:null,copy:true,value:-1,values:NaN,strategy:""constant"",verbose:0,features:null,categories:null,dtype:float64""},unknown:""ignore"",values:null,sparse:true,memory:null,C:15533621292873281,size:200,weight:null,coef0:0009449132643077895,shape:""ovr"",degree:3,gamma:0009272243082774796,kernel:""poly"",iter:-1,probability:false,state:61855,shrinking:true,tol:07798068606704103,verbose:false"
"9462348","sklearn.pipeline.Pipeline(columntransformer=sklearn.compose._column_transformer.ColumnTransformer(numeric=sklearn.pipeline.Pipeline(missingindicator=sklearn.impute.MissingIndicator,imputer=sklearn.preprocessing.imputation.Imputer,standardscaler=sklearn.preprocessing.data.StandardScaler),nominal=sklearn.pipeline.Pipeline(simpleimputer=sklearn.impute.SimpleImputer,onehotencoder=sklearn.preprocessing._encoders.OneHotEncoder)),svc=sklearn.svm.classes.SVC)(1)","0.2988","jobs:null,remainder:""passthrough"",threshold:0.3,weights:null,memory:null,new:false,features:""missing-only"",values:NaN,sparse:""auto"",axis:0,copy:true,values:""NaN"",strategy:""most_frequent"",verbose:0,copy:true,mean:true,std:true,memory:null,copy:true,value:-1,values:NaN,strategy:""constant"",verbose:0,features:null,categories:null,dtype:float64""},unknown:""ignore"",values:null,sparse:true,memory:null,C:438349327279,size:200,weight:null,coef0:7457532969314014,shape:""ovr"",degree:3,gamma:001645834528185918,kernel:""sigmoid"",iter:-1,probability:false,state:5794,shrinking:true,tol:04222744567688878,verbose:false"
"9469945","sklearn.pipeline.Pipeline(columntransformer=sklearn.compose._column_transformer.ColumnTransformer(numeric=sklearn.pipeline.Pipeline(missingindicator=sklearn.impute.MissingIndicator,imputer=sklearn.preprocessing.imputation.Imputer,standardscaler=sklearn.preprocessing.data.StandardScaler),nominal=sklearn.pipeline.Pipeline(simpleimputer=sklearn.impute.SimpleImputer,onehotencoder=sklearn.preprocessing._encoders.OneHotEncoder)),svc=sklearn.svm.classes.SVC)(1)","0.2988","jobs:null,remainder:""passthrough"",threshold:0.3,weights:null,memory:null,new:false,features:""missing-only"",values:NaN,sparse:""auto"",axis:0,copy:true,values:""NaN"",strategy:""mean"",verbose:0,copy:true,mean:true,std:true,memory:null,copy:true,value:-1,values:NaN,strategy:""constant"",verbose:0,features:null,categories:null,dtype:float64""},unknown:""ignore"",values:null,sparse:true,memory:null,C:09190579027003433,size:200,weight:null,coef0:22245111259062678,shape:""ovr"",degree:3,gamma:13801633209837755,kernel:""sigmoid"",iter:-1,probability:false,state:23247,shrinking:false,tol:04845188389796249,verbose:false"
"9524673","sklearn.pipeline.Pipeline(columntransformer=sklearn.compose._column_transformer.ColumnTransformer(numeric=sklearn.pipeline.Pipeline(missingindicator=sklearn.impute.MissingIndicator,imputer=sklearn.preprocessing.imputation.Imputer,standardscaler=sklearn.preprocessing.data.StandardScaler),nominal=sklearn.pipeline.Pipeline(simpleimputer=sklearn.impute.SimpleImputer,onehotencoder=sklearn.preprocessing._encoders.OneHotEncoder)),svc=sklearn.svm.classes.SVC)(1)","0.2988","jobs:null,remainder:""passthrough"",threshold:0.3,weights:null,memory:null,new:false,features:""missing-only"",values:NaN,sparse:""auto"",axis:0,copy:true,values:""NaN"",strategy:""most_frequent"",verbose:0,copy:true,mean:true,std:true,memory:null,copy:true,value:-1,values:NaN,strategy:""constant"",verbose:0,features:null,categories:null,dtype:float64""},unknown:""ignore"",values:null,sparse:true,memory:null,C:7531110862922,size:200,weight:null,coef0:0.0,shape:""ovr"",degree:3,gamma:02288489445069222,kernel:""rbf"",iter:-1,probability:false,state:4260,shrinking:false,tol:030640500719182062,verbose:false"
"9526412","sklearn.pipeline.Pipeline(columntransformer=sklearn.compose._column_transformer.ColumnTransformer(numeric=sklearn.pipeline.Pipeline(missingindicator=sklearn.impute.MissingIndicator,imputer=sklearn.preprocessing.imputation.Imputer,standardscaler=sklearn.preprocessing.data.StandardScaler),nominal=sklearn.pipeline.Pipeline(simpleimputer=sklearn.impute.SimpleImputer,onehotencoder=sklearn.preprocessing._encoders.OneHotEncoder)),svc=sklearn.svm.classes.SVC)(1)","0.2988","jobs:null,remainder:""passthrough"",threshold:0.3,weights:null,memory:null,new:false,features:""missing-only"",values:NaN,sparse:""auto"",axis:0,copy:true,values:""NaN"",strategy:""mean"",verbose:0,copy:true,mean:true,std:true,memory:null,copy:true,value:-1,values:NaN,strategy:""constant"",verbose:0,features:null,categories:null,dtype:float64""},unknown:""ignore"",values:null,sparse:true,memory:null,C:2172178019787,size:200,weight:null,coef0:0.0,shape:""ovr"",degree:3,gamma:007108933509868592,kernel:""rbf"",iter:-1,probability:false,state:52043,shrinking:false,tol:4013763477218515e-05,verbose:false"
"9538544","sklearn.pipeline.Pipeline(columntransformer=sklearn.compose._column_transformer.ColumnTransformer(numeric=sklearn.pipeline.Pipeline(missingindicator=sklearn.impute.MissingIndicator,imputer=sklearn.preprocessing.imputation.Imputer,standardscaler=sklearn.preprocessing.data.StandardScaler),nominal=sklearn.pipeline.Pipeline(simpleimputer=sklearn.impute.SimpleImputer,onehotencoder=sklearn.preprocessing._encoders.OneHotEncoder)),svc=sklearn.svm.classes.SVC)(1)","0.2988","jobs:null,remainder:""passthrough"",threshold:0.3,weights:null,memory:null,new:false,features:""missing-only"",values:NaN,sparse:""auto"",axis:0,copy:true,values:""NaN"",strategy:""most_frequent"",verbose:0,copy:true,mean:true,std:true,memory:null,copy:true,value:-1,values:NaN,strategy:""constant"",verbose:0,features:null,categories:null,dtype:float64""},unknown:""ignore"",values:null,sparse:true,memory:null,C:3430232683064,size:200,weight:null,coef0:0.0,shape:""ovr"",degree:3,gamma:7359464754681263,kernel:""rbf"",iter:-1,probability:false,state:11862,shrinking:true,tol:01616586541652718,verbose:false"
"9538486","sklearn.pipeline.Pipeline(columntransformer=sklearn.compose._column_transformer.ColumnTransformer(numeric=sklearn.pipeline.Pipeline(missingindicator=sklearn.impute.MissingIndicator,imputer=sklearn.preprocessing.imputation.Imputer,standardscaler=sklearn.preprocessing.data.StandardScaler),nominal=sklearn.pipeline.Pipeline(simpleimputer=sklearn.impute.SimpleImputer,onehotencoder=sklearn.preprocessing._encoders.OneHotEncoder)),svc=sklearn.svm.classes.SVC)(1)","0.2988","jobs:null,remainder:""passthrough"",threshold:0.3,weights:null,memory:null,new:false,features:""missing-only"",values:NaN,sparse:""auto"",axis:0,copy:true,values:""NaN"",strategy:""most_frequent"",verbose:0,copy:true,mean:true,std:true,memory:null,copy:true,value:-1,values:NaN,strategy:""constant"",verbose:0,features:null,categories:null,dtype:float64""},unknown:""ignore"",values:null,sparse:true,memory:null,C:104659399679703,size:200,weight:null,coef0:0.0,shape:""ovr"",degree:3,gamma:0014257781396342696,kernel:""rbf"",iter:-1,probability:false,state:15665,shrinking:false,tol:006903279135224552,verbose:false"
"9529964","sklearn.pipeline.Pipeline(columntransformer=sklearn.compose._column_transformer.ColumnTransformer(numeric=sklearn.pipeline.Pipeline(missingindicator=sklearn.impute.MissingIndicator,imputer=sklearn.preprocessing.imputation.Imputer,standardscaler=sklearn.preprocessing.data.StandardScaler),nominal=sklearn.pipeline.Pipeline(simpleimputer=sklearn.impute.SimpleImputer,onehotencoder=sklearn.preprocessing._encoders.OneHotEncoder)),svc=sklearn.svm.classes.SVC)(1)","0.2988","jobs:null,remainder:""passthrough"",threshold:0.3,weights:null,memory:null,new:false,features:""missing-only"",values:NaN,sparse:""auto"",axis:0,copy:true,values:""NaN"",strategy:""most_frequent"",verbose:0,copy:true,mean:true,std:true,memory:null,copy:true,value:-1,values:NaN,strategy:""constant"",verbose:0,features:null,categories:null,dtype:float64""},unknown:""ignore"",values:null,sparse:true,memory:null,C:37223435071035915,size:200,weight:null,coef0:5459390212077022,shape:""ovr"",degree:3,gamma:0011383317259353208,kernel:""sigmoid"",iter:-1,probability:false,state:18477,shrinking:false,tol:005980593483920586,verbose:false"
"9530017","sklearn.pipeline.Pipeline(columntransformer=sklearn.compose._column_transformer.ColumnTransformer(numeric=sklearn.pipeline.Pipeline(missingindicator=sklearn.impute.MissingIndicator,imputer=sklearn.preprocessing.imputation.Imputer,standardscaler=sklearn.preprocessing.data.StandardScaler),nominal=sklearn.pipeline.Pipeline(simpleimputer=sklearn.impute.SimpleImputer,onehotencoder=sklearn.preprocessing._encoders.OneHotEncoder)),svc=sklearn.svm.classes.SVC)(1)","0.2988","jobs:null,remainder:""passthrough"",threshold:0.3,weights:null,memory:null,new:false,features:""missing-only"",values:NaN,sparse:""auto"",axis:0,copy:true,values:""NaN"",strategy:""most_frequent"",verbose:0,copy:true,mean:true,std:true,memory:null,copy:true,value:-1,values:NaN,strategy:""constant"",verbose:0,features:null,categories:null,dtype:float64""},unknown:""ignore"",values:null,sparse:true,memory:null,C:704929039503683,size:200,weight:null,coef0:9010913806892042,shape:""ovr"",degree:3,gamma:23741236408192165,kernel:""sigmoid"",iter:-1,probability:false,state:59927,shrinking:false,tol:03225261375761524,verbose:false"
"9531071","sklearn.pipeline.Pipeline(columntransformer=sklearn.compose._column_transformer.ColumnTransformer(numeric=sklearn.pipeline.Pipeline(missingindicator=sklearn.impute.MissingIndicator,imputer=sklearn.preprocessing.imputation.Imputer,standardscaler=sklearn.preprocessing.data.StandardScaler),nominal=sklearn.pipeline.Pipeline(simpleimputer=sklearn.impute.SimpleImputer,onehotencoder=sklearn.preprocessing._encoders.OneHotEncoder)),svc=sklearn.svm.classes.SVC)(1)","0.2988","jobs:null,remainder:""passthrough"",threshold:0.3,weights:null,memory:null,new:false,features:""missing-only"",values:NaN,sparse:""auto"",axis:0,copy:true,values:""NaN"",strategy:""mean"",verbose:0,copy:true,mean:true,std:true,memory:null,copy:true,value:-1,values:NaN,strategy:""constant"",verbose:0,features:null,categories:null,dtype:float64""},unknown:""ignore"",values:null,sparse:true,memory:null,C:07016821363096905,size:200,weight:null,coef0:21641496515195846,shape:""ovr"",degree:4,gamma:6051402402489405,kernel:""poly"",iter:-1,probability:false,state:1092,shrinking:false,tol:001332828935128633,verbose:false"
"9537611","sklearn.pipeline.Pipeline(columntransformer=sklearn.compose._column_transformer.ColumnTransformer(numeric=sklearn.pipeline.Pipeline(missingindicator=sklearn.impute.MissingIndicator,imputer=sklearn.preprocessing.imputation.Imputer,standardscaler=sklearn.preprocessing.data.StandardScaler),nominal=sklearn.pipeline.Pipeline(simpleimputer=sklearn.impute.SimpleImputer,onehotencoder=sklearn.preprocessing._encoders.OneHotEncoder)),svc=sklearn.svm.classes.SVC)(1)","0.2988","jobs:null,remainder:""passthrough"",threshold:0.3,weights:null,memory:null,new:false,features:""missing-only"",values:NaN,sparse:""auto"",axis:0,copy:true,values:""NaN"",strategy:""median"",verbose:0,copy:true,mean:true,std:true,memory:null,copy:true,value:-1,values:NaN,strategy:""constant"",verbose:0,features:null,categories:null,dtype:float64""},unknown:""ignore"",values:null,sparse:true,memory:null,C:70932438458,size:200,weight:null,coef0:3816131969574379,shape:""ovr"",degree:3,gamma:0002971200629350363,kernel:""sigmoid"",iter:-1,probability:false,state:43790,shrinking:false,tol:003433312178845407,verbose:false"
"9537574","sklearn.pipeline.Pipeline(columntransformer=sklearn.compose._column_transformer.ColumnTransformer(numeric=sklearn.pipeline.Pipeline(missingindicator=sklearn.impute.MissingIndicator,imputer=sklearn.preprocessing.imputation.Imputer,standardscaler=sklearn.preprocessing.data.StandardScaler),nominal=sklearn.pipeline.Pipeline(simpleimputer=sklearn.impute.SimpleImputer,onehotencoder=sklearn.preprocessing._encoders.OneHotEncoder)),svc=sklearn.svm.classes.SVC)(1)","0.2988","jobs:null,remainder:""passthrough"",threshold:0.3,weights:null,memory:null,new:false,features:""missing-only"",values:NaN,sparse:""auto"",axis:0,copy:true,values:""NaN"",strategy:""most_frequent"",verbose:0,copy:true,mean:true,std:true,memory:null,copy:true,value:-1,values:NaN,strategy:""constant"",verbose:0,features:null,categories:null,dtype:float64""},unknown:""ignore"",values:null,sparse:true,memory:null,C:283056357152,size:200,weight:null,coef0:2048805246599925,shape:""ovr"",degree:3,gamma:023181759303516982,kernel:""sigmoid"",iter:-1,probability:false,state:34302,shrinking:false,tol:4604566694994827e-05,verbose:false"
"9535118","sklearn.pipeline.Pipeline(columntransformer=sklearn.compose._column_transformer.ColumnTransformer(numeric=sklearn.pipeline.Pipeline(missingindicator=sklearn.impute.MissingIndicator,imputer=sklearn.preprocessing.imputation.Imputer,standardscaler=sklearn.preprocessing.data.StandardScaler),nominal=sklearn.pipeline.Pipeline(simpleimputer=sklearn.impute.SimpleImputer,onehotencoder=sklearn.preprocessing._encoders.OneHotEncoder)),svc=sklearn.svm.classes.SVC)(1)","0.2988","jobs:null,remainder:""passthrough"",threshold:0.3,weights:null,memory:null,new:false,features:""missing-only"",values:NaN,sparse:""auto"",axis:0,copy:true,values:""NaN"",strategy:""mean"",verbose:0,copy:true,mean:true,std:true,memory:null,copy:true,value:-1,values:NaN,strategy:""constant"",verbose:0,features:null,categories:null,dtype:float64""},unknown:""ignore"",values:null,sparse:true,memory:null,C:3075907525844,size:200,weight:null,coef0:07806831689321436,shape:""ovr"",degree:4,gamma:004365881046989,kernel:""poly"",iter:-1,probability:false,state:41327,shrinking:true,tol:027886411826453572,verbose:false"
"9536275","sklearn.pipeline.Pipeline(columntransformer=sklearn.compose._column_transformer.ColumnTransformer(numeric=sklearn.pipeline.Pipeline(missingindicator=sklearn.impute.MissingIndicator,imputer=sklearn.preprocessing.imputation.Imputer,standardscaler=sklearn.preprocessing.data.StandardScaler),nominal=sklearn.pipeline.Pipeline(simpleimputer=sklearn.impute.SimpleImputer,onehotencoder=sklearn.preprocessing._encoders.OneHotEncoder)),svc=sklearn.svm.classes.SVC)(1)","0.2988","jobs:null,remainder:""passthrough"",threshold:0.3,weights:null,memory:null,new:false,features:""missing-only"",values:NaN,sparse:""auto"",axis:0,copy:true,values:""NaN"",strategy:""most_frequent"",verbose:0,copy:true,mean:true,std:true,memory:null,copy:true,value:-1,values:NaN,strategy:""constant"",verbose:0,features:null,categories:null,dtype:float64""},unknown:""ignore"",values:null,sparse:true,memory:null,C:03524167333816307,size:200,weight:null,coef0:8556081214965152,shape:""ovr"",degree:3,gamma:006471542778691824,kernel:""sigmoid"",iter:-1,probability:false,state:11019,shrinking:true,tol:00020859785879585456,verbose:false"
"9536524","sklearn.pipeline.Pipeline(columntransformer=sklearn.compose._column_transformer.ColumnTransformer(numeric=sklearn.pipeline.Pipeline(missingindicator=sklearn.impute.MissingIndicator,imputer=sklearn.preprocessing.imputation.Imputer,standardscaler=sklearn.preprocessing.data.StandardScaler),nominal=sklearn.pipeline.Pipeline(simpleimputer=sklearn.impute.SimpleImputer,onehotencoder=sklearn.preprocessing._encoders.OneHotEncoder)),svc=sklearn.svm.classes.SVC)(1)","0.2988","jobs:null,remainder:""passthrough"",threshold:0.3,weights:null,memory:null,new:false,features:""missing-only"",values:NaN,sparse:""auto"",axis:0,copy:true,values:""NaN"",strategy:""most_frequent"",verbose:0,copy:true,mean:true,std:true,memory:null,copy:true,value:-1,values:NaN,strategy:""constant"",verbose:0,features:null,categories:null,dtype:float64""},unknown:""ignore"",values:null,sparse:true,memory:null,C:1992463872485684,size:200,weight:null,coef0:3987545947597919,shape:""ovr"",degree:5,gamma:08401029300519527,kernel:""poly"",iter:-1,probability:false,state:59809,shrinking:false,tol:637185471970081e-05,verbose:false"
"9538265","sklearn.pipeline.Pipeline(columntransformer=sklearn.compose._column_transformer.ColumnTransformer(numeric=sklearn.pipeline.Pipeline(missingindicator=sklearn.impute.MissingIndicator,imputer=sklearn.preprocessing.imputation.Imputer,standardscaler=sklearn.preprocessing.data.StandardScaler),nominal=sklearn.pipeline.Pipeline(simpleimputer=sklearn.impute.SimpleImputer,onehotencoder=sklearn.preprocessing._encoders.OneHotEncoder)),svc=sklearn.svm.classes.SVC)(1)","0.2988","jobs:null,remainder:""passthrough"",threshold:0.3,weights:null,memory:null,new:false,features:""missing-only"",values:NaN,sparse:""auto"",axis:0,copy:true,values:""NaN"",strategy:""median"",verbose:0,copy:true,mean:true,std:true,memory:null,copy:true,value:-1,values:NaN,strategy:""constant"",verbose:0,features:null,categories:null,dtype:float64""},unknown:""ignore"",values:null,sparse:true,memory:null,C:4373339953427474,size:200,weight:null,coef0:41672963479134606,shape:""ovr"",degree:3,gamma:10191288504924595,kernel:""sigmoid"",iter:-1,probability:false,state:21491,shrinking:true,tol:318232701245176e-05,verbose:false"
"9538121","sklearn.pipeline.Pipeline(columntransformer=sklearn.compose._column_transformer.ColumnTransformer(numeric=sklearn.pipeline.Pipeline(missingindicator=sklearn.impute.MissingIndicator,imputer=sklearn.preprocessing.imputation.Imputer,standardscaler=sklearn.preprocessing.data.StandardScaler),nominal=sklearn.pipeline.Pipeline(simpleimputer=sklearn.impute.SimpleImputer,onehotencoder=sklearn.preprocessing._encoders.OneHotEncoder)),svc=sklearn.svm.classes.SVC)(1)","0.2988","jobs:null,remainder:""passthrough"",threshold:0.3,weights:null,memory:null,new:false,features:""missing-only"",values:NaN,sparse:""auto"",axis:0,copy:true,values:""NaN"",strategy:""most_frequent"",verbose:0,copy:true,mean:true,std:true,memory:null,copy:true,value:-1,values:NaN,strategy:""constant"",verbose:0,features:null,categories:null,dtype:float64""},unknown:""ignore"",values:null,sparse:true,memory:null,C:640804943625,size:200,weight:null,coef0:250109673335154,shape:""ovr"",degree:3,gamma:06882578227148084,kernel:""sigmoid"",iter:-1,probability:false,state:18674,shrinking:false,tol:307693644121903e-05,verbose:false"
"9537938","sklearn.pipeline.Pipeline(columntransformer=sklearn.compose._column_transformer.ColumnTransformer(numeric=sklearn.pipeline.Pipeline(missingindicator=sklearn.impute.MissingIndicator,imputer=sklearn.preprocessing.imputation.Imputer,standardscaler=sklearn.preprocessing.data.StandardScaler),nominal=sklearn.pipeline.Pipeline(simpleimputer=sklearn.impute.SimpleImputer,onehotencoder=sklearn.preprocessing._encoders.OneHotEncoder)),svc=sklearn.svm.classes.SVC)(1)","0.2988","jobs:null,remainder:""passthrough"",threshold:0.3,weights:null,memory:null,new:false,features:""missing-only"",values:NaN,sparse:""auto"",axis:0,copy:true,values:""NaN"",strategy:""mean"",verbose:0,copy:true,mean:true,std:true,memory:null,copy:true,value:-1,values:NaN,strategy:""constant"",verbose:0,features:null,categories:null,dtype:float64""},unknown:""ignore"",values:null,sparse:true,memory:null,C:9726065001486562,size:200,weight:null,coef0:7155371752905157,shape:""ovr"",degree:3,gamma:8340591229120536,kernel:""sigmoid"",iter:-1,probability:false,state:30941,shrinking:true,tol:851195952255607e-05,verbose:false"
"9537778","sklearn.pipeline.Pipeline(columntransformer=sklearn.compose._column_transformer.ColumnTransformer(numeric=sklearn.pipeline.Pipeline(missingindicator=sklearn.impute.MissingIndicator,imputer=sklearn.preprocessing.imputation.Imputer,standardscaler=sklearn.preprocessing.data.StandardScaler),nominal=sklearn.pipeline.Pipeline(simpleimputer=sklearn.impute.SimpleImputer,onehotencoder=sklearn.preprocessing._encoders.OneHotEncoder)),svc=sklearn.svm.classes.SVC)(1)","0.2988","jobs:null,remainder:""passthrough"",threshold:0.3,weights:null,memory:null,new:false,features:""missing-only"",values:NaN,sparse:""auto"",axis:0,copy:true,values:""NaN"",strategy:""most_frequent"",verbose:0,copy:true,mean:true,std:true,memory:null,copy:true,value:-1,values:NaN,strategy:""constant"",verbose:0,features:null,categories:null,dtype:float64""},unknown:""ignore"",values:null,sparse:true,memory:null,C:2897359316294,size:200,weight:null,coef0:22036184707970596,shape:""ovr"",degree:3,gamma:00018309614462302923,kernel:""sigmoid"",iter:-1,probability:false,state:50166,shrinking:false,tol:00010418412698035776,verbose:false"
"9472409","sklearn.pipeline.Pipeline(columntransformer=sklearn.compose._column_transformer.ColumnTransformer(numeric=sklearn.pipeline.Pipeline(missingindicator=sklearn.impute.MissingIndicator,imputer=sklearn.preprocessing.imputation.Imputer,standardscaler=sklearn.preprocessing.data.StandardScaler),nominal=sklearn.pipeline.Pipeline(simpleimputer=sklearn.impute.SimpleImputer,onehotencoder=sklearn.preprocessing._encoders.OneHotEncoder)),svc=sklearn.svm.classes.SVC)(1)","0.2988","jobs:null,remainder:""passthrough"",threshold:0.3,weights:null,memory:null,new:false,features:""missing-only"",values:NaN,sparse:""auto"",axis:0,copy:true,values:""NaN"",strategy:""mean"",verbose:0,copy:true,mean:true,std:true,memory:null,copy:true,value:-1,values:NaN,strategy:""constant"",verbose:0,features:null,categories:null,dtype:float64""},unknown:""ignore"",values:null,sparse:true,memory:null,C:499097658192,size:200,weight:null,coef0:29787758024332955,shape:""ovr"",degree:3,gamma:040732935530913554,kernel:""sigmoid"",iter:-1,probability:false,state:30491,shrinking:true,tol:867315244411464e-05,verbose:false"
"9473458","sklearn.pipeline.Pipeline(columntransformer=sklearn.compose._column_transformer.ColumnTransformer(numeric=sklearn.pipeline.Pipeline(missingindicator=sklearn.impute.MissingIndicator,imputer=sklearn.preprocessing.imputation.Imputer,standardscaler=sklearn.preprocessing.data.StandardScaler),nominal=sklearn.pipeline.Pipeline(simpleimputer=sklearn.impute.SimpleImputer,onehotencoder=sklearn.preprocessing._encoders.OneHotEncoder)),svc=sklearn.svm.classes.SVC)(1)","0.2988","jobs:null,remainder:""passthrough"",threshold:0.3,weights:null,memory:null,new:false,features:""missing-only"",values:NaN,sparse:""auto"",axis:0,copy:true,values:""NaN"",strategy:""most_frequent"",verbose:0,copy:true,mean:true,std:true,memory:null,copy:true,value:-1,values:NaN,strategy:""constant"",verbose:0,features:null,categories:null,dtype:float64""},unknown:""ignore"",values:null,sparse:true,memory:null,C:785108316664015,size:200,weight:null,coef0:35524133453531936,shape:""ovr"",degree:3,gamma:8880695176081802,kernel:""sigmoid"",iter:-1,probability:false,state:17657,shrinking:false,tol:00010148707039033261,verbose:false"
"9473767","sklearn.pipeline.Pipeline(columntransformer=sklearn.compose._column_transformer.ColumnTransformer(numeric=sklearn.pipeline.Pipeline(missingindicator=sklearn.impute.MissingIndicator,imputer=sklearn.preprocessing.imputation.Imputer,standardscaler=sklearn.preprocessing.data.StandardScaler),nominal=sklearn.pipeline.Pipeline(simpleimputer=sklearn.impute.SimpleImputer,onehotencoder=sklearn.preprocessing._encoders.OneHotEncoder)),svc=sklearn.svm.classes.SVC)(1)","0.2988","jobs:null,remainder:""passthrough"",threshold:0.3,weights:null,memory:null,new:false,features:""missing-only"",values:NaN,sparse:""auto"",axis:0,copy:true,values:""NaN"",strategy:""median"",verbose:0,copy:true,mean:true,std:true,memory:null,copy:true,value:-1,values:NaN,strategy:""constant"",verbose:0,features:null,categories:null,dtype:float64""},unknown:""ignore"",values:null,sparse:true,memory:null,C:111335571895,size:200,weight:null,coef0:03261028991851189,shape:""ovr"",degree:4,gamma:035998732777633,kernel:""poly"",iter:-1,probability:false,state:47300,shrinking:false,tol:0013789767810618372,verbose:false"
"9480463","sklearn.pipeline.Pipeline(columntransformer=sklearn.compose._column_transformer.ColumnTransformer(numeric=sklearn.pipeline.Pipeline(missingindicator=sklearn.impute.MissingIndicator,imputer=sklearn.preprocessing.imputation.Imputer,standardscaler=sklearn.preprocessing.data.StandardScaler),nominal=sklearn.pipeline.Pipeline(simpleimputer=sklearn.impute.SimpleImputer,onehotencoder=sklearn.preprocessing._encoders.OneHotEncoder)),svc=sklearn.svm.classes.SVC)(1)","0.2988","jobs:null,remainder:""passthrough"",threshold:0.3,weights:null,memory:null,new:false,features:""missing-only"",values:NaN,sparse:""auto"",axis:0,copy:true,values:""NaN"",strategy:""mean"",verbose:0,copy:true,mean:true,std:true,memory:null,copy:true,value:-1,values:NaN,strategy:""constant"",verbose:0,features:null,categories:null,dtype:float64""},unknown:""ignore"",values:null,sparse:true,memory:null,C:0839767835349101,size:200,weight:null,coef0:0.0,shape:""ovr"",degree:3,gamma:671228891298998e-05,kernel:""rbf"",iter:-1,probability:false,state:25096,shrinking:true,tol:010140148942268994,verbose:false"
"9480788","sklearn.pipeline.Pipeline(columntransformer=sklearn.compose._column_transformer.ColumnTransformer(numeric=sklearn.pipeline.Pipeline(missingindicator=sklearn.impute.MissingIndicator,imputer=sklearn.preprocessing.imputation.Imputer,standardscaler=sklearn.preprocessing.data.StandardScaler),nominal=sklearn.pipeline.Pipeline(simpleimputer=sklearn.impute.SimpleImputer,onehotencoder=sklearn.preprocessing._encoders.OneHotEncoder)),svc=sklearn.svm.classes.SVC)(1)","0.2988","jobs:null,remainder:""passthrough"",threshold:0.3,weights:null,memory:null,new:false,features:""missing-only"",values:NaN,sparse:""auto"",axis:0,copy:true,values:""NaN"",strategy:""median"",verbose:0,copy:true,mean:true,std:true,memory:null,copy:true,value:-1,values:NaN,strategy:""constant"",verbose:0,features:null,categories:null,dtype:float64""},unknown:""ignore"",values:null,sparse:true,memory:null,C:10543992055823,size:200,weight:null,coef0:8091534894158832,shape:""ovr"",degree:3,gamma:972870633689118e-05,kernel:""sigmoid"",iter:-1,probability:false,state:57711,shrinking:false,tol:172427700371583e-05,verbose:false"
"9491525","sklearn.pipeline.Pipeline(columntransformer=sklearn.compose._column_transformer.ColumnTransformer(numeric=sklearn.pipeline.Pipeline(missingindicator=sklearn.impute.MissingIndicator,imputer=sklearn.preprocessing.imputation.Imputer,standardscaler=sklearn.preprocessing.data.StandardScaler),nominal=sklearn.pipeline.Pipeline(simpleimputer=sklearn.impute.SimpleImputer,onehotencoder=sklearn.preprocessing._encoders.OneHotEncoder)),svc=sklearn.svm.classes.SVC)(1)","0.2988","jobs:null,remainder:""passthrough"",threshold:0.3,weights:null,memory:null,new:false,features:""missing-only"",values:NaN,sparse:""auto"",axis:0,copy:true,values:""NaN"",strategy:""mean"",verbose:0,copy:true,mean:true,std:true,memory:null,copy:true,value:-1,values:NaN,strategy:""constant"",verbose:0,features:null,categories:null,dtype:float64""},unknown:""ignore"",values:null,sparse:true,memory:null,C:193706372178,size:200,weight:null,coef0:6718880955097111,shape:""ovr"",degree:2,gamma:09589150363105291,kernel:""poly"",iter:-1,probability:false,state:27551,shrinking:false,tol:8461414796706806e-05,verbose:false"
"9493948","sklearn.pipeline.Pipeline(columntransformer=sklearn.compose._column_transformer.ColumnTransformer(numeric=sklearn.pipeline.Pipeline(missingindicator=sklearn.impute.MissingIndicator,imputer=sklearn.preprocessing.imputation.Imputer,standardscaler=sklearn.preprocessing.data.StandardScaler),nominal=sklearn.pipeline.Pipeline(simpleimputer=sklearn.impute.SimpleImputer,onehotencoder=sklearn.preprocessing._encoders.OneHotEncoder)),svc=sklearn.svm.classes.SVC)(1)","0.2988","jobs:null,remainder:""passthrough"",threshold:0.3,weights:null,memory:null,new:false,features:""missing-only"",values:NaN,sparse:""auto"",axis:0,copy:true,values:""NaN"",strategy:""most_frequent"",verbose:0,copy:true,mean:true,std:true,memory:null,copy:true,value:-1,values:NaN,strategy:""constant"",verbose:0,features:null,categories:null,dtype:float64""},unknown:""ignore"",values:null,sparse:true,memory:null,C:454125700681263,size:200,weight:null,coef0:294178280035434,shape:""ovr"",degree:2,gamma:0008280061071425865,kernel:""poly"",iter:-1,probability:false,state:52198,shrinking:true,tol:013659700129273748,verbose:false"
"9471938","sklearn.pipeline.Pipeline(columntransformer=sklearn.compose._column_transformer.ColumnTransformer(numeric=sklearn.pipeline.Pipeline(missingindicator=sklearn.impute.MissingIndicator,imputer=sklearn.preprocessing.imputation.Imputer,standardscaler=sklearn.preprocessing.data.StandardScaler),nominal=sklearn.pipeline.Pipeline(simpleimputer=sklearn.impute.SimpleImputer,onehotencoder=sklearn.preprocessing._encoders.OneHotEncoder)),svc=sklearn.svm.classes.SVC)(1)","0.2988","jobs:null,remainder:""passthrough"",threshold:0.3,weights:null,memory:null,new:false,features:""missing-only"",values:NaN,sparse:""auto"",axis:0,copy:true,values:""NaN"",strategy:""most_frequent"",verbose:0,copy:true,mean:true,std:true,memory:null,copy:true,value:-1,values:NaN,strategy:""constant"",verbose:0,features:null,categories:null,dtype:float64""},unknown:""ignore"",values:null,sparse:true,memory:null,C:8009467854154063,size:200,weight:null,coef0:0.0,shape:""ovr"",degree:3,gamma:0007848182296982194,kernel:""rbf"",iter:-1,probability:false,state:23163,shrinking:true,tol:0002370974412046202,verbose:false"
"9514813","sklearn.pipeline.Pipeline(columntransformer=sklearn.compose._column_transformer.ColumnTransformer(numeric=sklearn.pipeline.Pipeline(missingindicator=sklearn.impute.MissingIndicator,imputer=sklearn.preprocessing.imputation.Imputer,standardscaler=sklearn.preprocessing.data.StandardScaler),nominal=sklearn.pipeline.Pipeline(simpleimputer=sklearn.impute.SimpleImputer,onehotencoder=sklearn.preprocessing._encoders.OneHotEncoder)),svc=sklearn.svm.classes.SVC)(1)","0.2988","jobs:null,remainder:""passthrough"",threshold:0.3,weights:null,memory:null,new:false,features:""missing-only"",values:NaN,sparse:""auto"",axis:0,copy:true,values:""NaN"",strategy:""median"",verbose:0,copy:true,mean:true,std:true,memory:null,copy:true,value:-1,values:NaN,strategy:""constant"",verbose:0,features:null,categories:null,dtype:float64""},unknown:""ignore"",values:null,sparse:true,memory:null,C:340246385883,size:200,weight:null,coef0:18892909963984716,shape:""ovr"",degree:3,gamma:26996334879363104,kernel:""sigmoid"",iter:-1,probability:false,state:45526,shrinking:false,tol:0009920756542323474,verbose:false"
"9507334","sklearn.pipeline.Pipeline(columntransformer=sklearn.compose._column_transformer.ColumnTransformer(numeric=sklearn.pipeline.Pipeline(missingindicator=sklearn.impute.MissingIndicator,imputer=sklearn.preprocessing.imputation.Imputer,standardscaler=sklearn.preprocessing.data.StandardScaler),nominal=sklearn.pipeline.Pipeline(simpleimputer=sklearn.impute.SimpleImputer,onehotencoder=sklearn.preprocessing._encoders.OneHotEncoder)),svc=sklearn.svm.classes.SVC)(1)","0.2988","jobs:null,remainder:""passthrough"",threshold:0.3,weights:null,memory:null,new:false,features:""missing-only"",values:NaN,sparse:""auto"",axis:0,copy:true,values:""NaN"",strategy:""most_frequent"",verbose:0,copy:true,mean:true,std:true,memory:null,copy:true,value:-1,values:NaN,strategy:""constant"",verbose:0,features:null,categories:null,dtype:float64""},unknown:""ignore"",values:null,sparse:true,memory:null,C:7569911004122712,size:200,weight:null,coef0:29212229407637724,shape:""ovr"",degree:3,gamma:8621530920042183,kernel:""sigmoid"",iter:-1,probability:false,state:3468,shrinking:true,tol:0001475508084002769,verbose:false"
"9545564","sklearn.pipeline.Pipeline(columntransformer=sklearn.compose._column_transformer.ColumnTransformer(numeric=sklearn.pipeline.Pipeline(missingindicator=sklearn.impute.MissingIndicator,imputer=sklearn.preprocessing.imputation.Imputer,standardscaler=sklearn.preprocessing.data.StandardScaler),nominal=sklearn.pipeline.Pipeline(simpleimputer=sklearn.impute.SimpleImputer,onehotencoder=sklearn.preprocessing._encoders.OneHotEncoder)),svc=sklearn.svm.classes.SVC)(1)","0.2988","jobs:null,remainder:""passthrough"",threshold:0.3,weights:null,memory:null,new:false,features:""missing-only"",values:NaN,sparse:""auto"",axis:0,copy:true,values:""NaN"",strategy:""median"",verbose:0,copy:true,mean:true,std:true,memory:null,copy:true,value:-1,values:NaN,strategy:""constant"",verbose:0,features:null,categories:null,dtype:float64""},unknown:""ignore"",values:null,sparse:true,memory:null,C:7404991402432928,size:200,weight:null,coef0:0.0,shape:""ovr"",degree:3,gamma:008469732112600782,kernel:""rbf"",iter:-1,probability:false,state:16615,shrinking:false,tol:002931355874682913,verbose:false"
"9545631","sklearn.pipeline.Pipeline(columntransformer=sklearn.compose._column_transformer.ColumnTransformer(numeric=sklearn.pipeline.Pipeline(missingindicator=sklearn.impute.MissingIndicator,imputer=sklearn.preprocessing.imputation.Imputer,standardscaler=sklearn.preprocessing.data.StandardScaler),nominal=sklearn.pipeline.Pipeline(simpleimputer=sklearn.impute.SimpleImputer,onehotencoder=sklearn.preprocessing._encoders.OneHotEncoder)),svc=sklearn.svm.classes.SVC)(1)","0.2988","jobs:null,remainder:""passthrough"",threshold:0.3,weights:null,memory:null,new:false,features:""missing-only"",values:NaN,sparse:""auto"",axis:0,copy:true,values:""NaN"",strategy:""median"",verbose:0,copy:true,mean:true,std:true,memory:null,copy:true,value:-1,values:NaN,strategy:""constant"",verbose:0,features:null,categories:null,dtype:float64""},unknown:""ignore"",values:null,sparse:true,memory:null,C:46908494538497364,size:200,weight:null,coef0:8480272982325405,shape:""ovr"",degree:2,gamma:020289189531715546,kernel:""poly"",iter:-1,probability:false,state:31478,shrinking:true,tol:0017014427206903655,verbose:false"
"9546234","sklearn.pipeline.Pipeline(columntransformer=sklearn.compose._column_transformer.ColumnTransformer(numeric=sklearn.pipeline.Pipeline(missingindicator=sklearn.impute.MissingIndicator,imputer=sklearn.preprocessing.imputation.Imputer,standardscaler=sklearn.preprocessing.data.StandardScaler),nominal=sklearn.pipeline.Pipeline(simpleimputer=sklearn.impute.SimpleImputer,onehotencoder=sklearn.preprocessing._encoders.OneHotEncoder)),svc=sklearn.svm.classes.SVC)(1)","0.2988","jobs:null,remainder:""passthrough"",threshold:0.3,weights:null,memory:null,new:false,features:""missing-only"",values:NaN,sparse:""auto"",axis:0,copy:true,values:""NaN"",strategy:""mean"",verbose:0,copy:true,mean:true,std:true,memory:null,copy:true,value:-1,values:NaN,strategy:""constant"",verbose:0,features:null,categories:null,dtype:float64""},unknown:""ignore"",values:null,sparse:true,memory:null,C:57914051753794,size:200,weight:null,coef0:0.0,shape:""ovr"",degree:3,gamma:8969895174009692,kernel:""rbf"",iter:-1,probability:false,state:15578,shrinking:true,tol:7936280095263805e-05,verbose:false"
"9545107","sklearn.pipeline.Pipeline(columntransformer=sklearn.compose._column_transformer.ColumnTransformer(numeric=sklearn.pipeline.Pipeline(missingindicator=sklearn.impute.MissingIndicator,imputer=sklearn.preprocessing.imputation.Imputer,standardscaler=sklearn.preprocessing.data.StandardScaler),nominal=sklearn.pipeline.Pipeline(simpleimputer=sklearn.impute.SimpleImputer,onehotencoder=sklearn.preprocessing._encoders.OneHotEncoder)),svc=sklearn.svm.classes.SVC)(1)","0.2988","jobs:null,remainder:""passthrough"",threshold:0.3,weights:null,memory:null,new:false,features:""missing-only"",values:NaN,sparse:""auto"",axis:0,copy:true,values:""NaN"",strategy:""median"",verbose:0,copy:true,mean:true,std:true,memory:null,copy:true,value:-1,values:NaN,strategy:""constant"",verbose:0,features:null,categories:null,dtype:float64""},unknown:""ignore"",values:null,sparse:true,memory:null,C:0585849383965,size:200,weight:null,coef0:0.0,shape:""ovr"",degree:3,gamma:404447986066142,kernel:""rbf"",iter:-1,probability:false,state:13039,shrinking:false,tol:349221390179208e-05,verbose:false"
"9544998","sklearn.pipeline.Pipeline(columntransformer=sklearn.compose._column_transformer.ColumnTransformer(numeric=sklearn.pipeline.Pipeline(missingindicator=sklearn.impute.MissingIndicator,imputer=sklearn.preprocessing.imputation.Imputer,standardscaler=sklearn.preprocessing.data.StandardScaler),nominal=sklearn.pipeline.Pipeline(simpleimputer=sklearn.impute.SimpleImputer,onehotencoder=sklearn.preprocessing._encoders.OneHotEncoder)),svc=sklearn.svm.classes.SVC)(1)","0.2988","jobs:null,remainder:""passthrough"",threshold:0.3,weights:null,memory:null,new:false,features:""missing-only"",values:NaN,sparse:""auto"",axis:0,copy:true,values:""NaN"",strategy:""mean"",verbose:0,copy:true,mean:true,std:true,memory:null,copy:true,value:-1,values:NaN,strategy:""constant"",verbose:0,features:null,categories:null,dtype:float64""},unknown:""ignore"",values:null,sparse:true,memory:null,C:55838500969807,size:200,weight:null,coef0:0.0,shape:""ovr"",degree:3,gamma:07316570934867694,kernel:""rbf"",iter:-1,probability:false,state:16099,shrinking:false,tol:09614436101486908,verbose:false"
"9545054","sklearn.pipeline.Pipeline(columntransformer=sklearn.compose._column_transformer.ColumnTransformer(numeric=sklearn.pipeline.Pipeline(missingindicator=sklearn.impute.MissingIndicator,imputer=sklearn.preprocessing.imputation.Imputer,standardscaler=sklearn.preprocessing.data.StandardScaler),nominal=sklearn.pipeline.Pipeline(simpleimputer=sklearn.impute.SimpleImputer,onehotencoder=sklearn.preprocessing._encoders.OneHotEncoder)),svc=sklearn.svm.classes.SVC)(1)","0.2988","jobs:null,remainder:""passthrough"",threshold:0.3,weights:null,memory:null,new:false,features:""missing-only"",values:NaN,sparse:""auto"",axis:0,copy:true,values:""NaN"",strategy:""mean"",verbose:0,copy:true,mean:true,std:true,memory:null,copy:true,value:-1,values:NaN,strategy:""constant"",verbose:0,features:null,categories:null,dtype:float64""},unknown:""ignore"",values:null,sparse:true,memory:null,C:1782858703625,size:200,weight:null,coef0:0.0,shape:""ovr"",degree:3,gamma:1148624425511127,kernel:""rbf"",iter:-1,probability:false,state:63986,shrinking:true,tol:07553831141398983,verbose:false"
"9545151","sklearn.pipeline.Pipeline(columntransformer=sklearn.compose._column_transformer.ColumnTransformer(numeric=sklearn.pipeline.Pipeline(missingindicator=sklearn.impute.MissingIndicator,imputer=sklearn.preprocessing.imputation.Imputer,standardscaler=sklearn.preprocessing.data.StandardScaler),nominal=sklearn.pipeline.Pipeline(simpleimputer=sklearn.impute.SimpleImputer,onehotencoder=sklearn.preprocessing._encoders.OneHotEncoder)),svc=sklearn.svm.classes.SVC)(1)","0.2988","jobs:null,remainder:""passthrough"",threshold:0.3,weights:null,memory:null,new:false,features:""missing-only"",values:NaN,sparse:""auto"",axis:0,copy:true,values:""NaN"",strategy:""most_frequent"",verbose:0,copy:true,mean:true,std:true,memory:null,copy:true,value:-1,values:NaN,strategy:""constant"",verbose:0,features:null,categories:null,dtype:float64""},unknown:""ignore"",values:null,sparse:true,memory:null,C:6519053774479039,size:200,weight:null,coef0:9044705113539324,shape:""ovr"",degree:2,gamma:0010620562998213102,kernel:""poly"",iter:-1,probability:false,state:28131,shrinking:false,tol:843709520423784e-05,verbose:false"
"9542857","sklearn.pipeline.Pipeline(columntransformer=sklearn.compose._column_transformer.ColumnTransformer(numeric=sklearn.pipeline.Pipeline(missingindicator=sklearn.impute.MissingIndicator,imputer=sklearn.preprocessing.imputation.Imputer,standardscaler=sklearn.preprocessing.data.StandardScaler),nominal=sklearn.pipeline.Pipeline(simpleimputer=sklearn.impute.SimpleImputer,onehotencoder=sklearn.preprocessing._encoders.OneHotEncoder)),svc=sklearn.svm.classes.SVC)(1)","0.2988","jobs:null,remainder:""passthrough"",threshold:0.3,weights:null,memory:null,new:false,features:""missing-only"",values:NaN,sparse:""auto"",axis:0,copy:true,values:""NaN"",strategy:""most_frequent"",verbose:0,copy:true,mean:true,std:true,memory:null,copy:true,value:-1,values:NaN,strategy:""constant"",verbose:0,features:null,categories:null,dtype:float64""},unknown:""ignore"",values:null,sparse:true,memory:null,C:494351397454,size:200,weight:null,coef0:7149012209670407,shape:""ovr"",degree:3,gamma:4346019836050617,kernel:""sigmoid"",iter:-1,probability:false,state:49887,shrinking:true,tol:000408028121694938,verbose:false"
"9540040","sklearn.pipeline.Pipeline(columntransformer=sklearn.compose._column_transformer.ColumnTransformer(numeric=sklearn.pipeline.Pipeline(missingindicator=sklearn.impute.MissingIndicator,imputer=sklearn.preprocessing.imputation.Imputer,standardscaler=sklearn.preprocessing.data.StandardScaler),nominal=sklearn.pipeline.Pipeline(simpleimputer=sklearn.impute.SimpleImputer,onehotencoder=sklearn.preprocessing._encoders.OneHotEncoder)),svc=sklearn.svm.classes.SVC)(1)","0.2988","jobs:null,remainder:""passthrough"",threshold:0.3,weights:null,memory:null,new:false,features:""missing-only"",values:NaN,sparse:""auto"",axis:0,copy:true,values:""NaN"",strategy:""mean"",verbose:0,copy:true,mean:true,std:true,memory:null,copy:true,value:-1,values:NaN,strategy:""constant"",verbose:0,features:null,categories:null,dtype:float64""},unknown:""ignore"",values:null,sparse:true,memory:null,C:730677313387443,size:200,weight:null,coef0:0.0,shape:""ovr"",degree:3,gamma:2850339855279549,kernel:""rbf"",iter:-1,probability:false,state:49219,shrinking:true,tol:003603975089204317,verbose:false"
"9539058","sklearn.pipeline.Pipeline(columntransformer=sklearn.compose._column_transformer.ColumnTransformer(numeric=sklearn.pipeline.Pipeline(missingindicator=sklearn.impute.MissingIndicator,imputer=sklearn.preprocessing.imputation.Imputer,standardscaler=sklearn.preprocessing.data.StandardScaler),nominal=sklearn.pipeline.Pipeline(simpleimputer=sklearn.impute.SimpleImputer,onehotencoder=sklearn.preprocessing._encoders.OneHotEncoder)),svc=sklearn.svm.classes.SVC)(1)","0.2988","jobs:null,remainder:""passthrough"",threshold:0.3,weights:null,memory:null,new:false,features:""missing-only"",values:NaN,sparse:""auto"",axis:0,copy:true,values:""NaN"",strategy:""most_frequent"",verbose:0,copy:true,mean:true,std:true,memory:null,copy:true,value:-1,values:NaN,strategy:""constant"",verbose:0,features:null,categories:null,dtype:float64""},unknown:""ignore"",values:null,sparse:true,memory:null,C:760283572148293,size:200,weight:null,coef0:8910788825300207,shape:""ovr"",degree:3,gamma:014170542647922875,kernel:""poly"",iter:-1,probability:false,state:6028,shrinking:false,tol:065014826229292e-05,verbose:false"
"9539339","sklearn.pipeline.Pipeline(columntransformer=sklearn.compose._column_transformer.ColumnTransformer(numeric=sklearn.pipeline.Pipeline(missingindicator=sklearn.impute.MissingIndicator,imputer=sklearn.preprocessing.imputation.Imputer,standardscaler=sklearn.preprocessing.data.StandardScaler),nominal=sklearn.pipeline.Pipeline(simpleimputer=sklearn.impute.SimpleImputer,onehotencoder=sklearn.preprocessing._encoders.OneHotEncoder)),svc=sklearn.svm.classes.SVC)(1)","0.2988","jobs:null,remainder:""passthrough"",threshold:0.3,weights:null,memory:null,new:false,features:""missing-only"",values:NaN,sparse:""auto"",axis:0,copy:true,values:""NaN"",strategy:""most_frequent"",verbose:0,copy:true,mean:true,std:true,memory:null,copy:true,value:-1,values:NaN,strategy:""constant"",verbose:0,features:null,categories:null,dtype:float64""},unknown:""ignore"",values:null,sparse:true,memory:null,C:02767930525648,size:200,weight:null,coef0:3575738155246022,shape:""ovr"",degree:3,gamma:0014444035051522197,kernel:""sigmoid"",iter:-1,probability:false,state:55261,shrinking:false,tol:732360766971829e-05,verbose:false"
"9546259","sklearn.pipeline.Pipeline(columntransformer=sklearn.compose._column_transformer.ColumnTransformer(numeric=sklearn.pipeline.Pipeline(missingindicator=sklearn.impute.MissingIndicator,imputer=sklearn.preprocessing.imputation.Imputer,standardscaler=sklearn.preprocessing.data.StandardScaler),nominal=sklearn.pipeline.Pipeline(simpleimputer=sklearn.impute.SimpleImputer,onehotencoder=sklearn.preprocessing._encoders.OneHotEncoder)),svc=sklearn.svm.classes.SVC)(1)","0.2988","jobs:null,remainder:""passthrough"",threshold:0.3,weights:null,memory:null,new:false,features:""missing-only"",values:NaN,sparse:""auto"",axis:0,copy:true,values:""NaN"",strategy:""median"",verbose:0,copy:true,mean:true,std:true,memory:null,copy:true,value:-1,values:NaN,strategy:""constant"",verbose:0,features:null,categories:null,dtype:float64""},unknown:""ignore"",values:null,sparse:true,memory:null,C:4475269199968,size:200,weight:null,coef0:8025679350998325,shape:""ovr"",degree:5,gamma:008850098397539762,kernel:""poly"",iter:-1,probability:false,state:41814,shrinking:true,tol:0007782832211998682,verbose:false"
"9536804","sklearn.pipeline.Pipeline(columntransformer=sklearn.compose._column_transformer.ColumnTransformer(numeric=sklearn.pipeline.Pipeline(missingindicator=sklearn.impute.MissingIndicator,imputer=sklearn.preprocessing.imputation.Imputer,standardscaler=sklearn.preprocessing.data.StandardScaler),nominal=sklearn.pipeline.Pipeline(simpleimputer=sklearn.impute.SimpleImputer,onehotencoder=sklearn.preprocessing._encoders.OneHotEncoder)),svc=sklearn.svm.classes.SVC)(1)","0.2988","jobs:null,remainder:""passthrough"",threshold:0.3,weights:null,memory:null,new:false,features:""missing-only"",values:NaN,sparse:""auto"",axis:0,copy:true,values:""NaN"",strategy:""most_frequent"",verbose:0,copy:true,mean:true,std:true,memory:null,copy:true,value:-1,values:NaN,strategy:""constant"",verbose:0,features:null,categories:null,dtype:float64""},unknown:""ignore"",values:null,sparse:true,memory:null,C:3279318452092,size:200,weight:null,coef0:3117941528468544,shape:""ovr"",degree:2,gamma:15244950955171083,kernel:""poly"",iter:-1,probability:false,state:41984,shrinking:true,tol:08116069837565225,verbose:false"
"9539678","sklearn.pipeline.Pipeline(columntransformer=sklearn.compose._column_transformer.ColumnTransformer(numeric=sklearn.pipeline.Pipeline(missingindicator=sklearn.impute.MissingIndicator,imputer=sklearn.preprocessing.imputation.Imputer,standardscaler=sklearn.preprocessing.data.StandardScaler),nominal=sklearn.pipeline.Pipeline(simpleimputer=sklearn.impute.SimpleImputer,onehotencoder=sklearn.preprocessing._encoders.OneHotEncoder)),svc=sklearn.svm.classes.SVC)(1)","0.2988","jobs:null,remainder:""passthrough"",threshold:0.3,weights:null,memory:null,new:false,features:""missing-only"",values:NaN,sparse:""auto"",axis:0,copy:true,values:""NaN"",strategy:""most_frequent"",verbose:0,copy:true,mean:true,std:true,memory:null,copy:true,value:-1,values:NaN,strategy:""constant"",verbose:0,features:null,categories:null,dtype:float64""},unknown:""ignore"",values:null,sparse:true,memory:null,C:772233800289,size:200,weight:null,coef0:08309047293425009,shape:""ovr"",degree:3,gamma:178342557351487e-05,kernel:""sigmoid"",iter:-1,probability:false,state:3709,shrinking:false,tol:0005801359963136032,verbose:false"
"9410452","sklearn.pipeline.Pipeline(columntransformer=sklearn.compose._column_transformer.ColumnTransformer(numeric=sklearn.pipeline.Pipeline(missingindicator=sklearn.impute.MissingIndicator,imputer=sklearn.preprocessing.imputation.Imputer,standardscaler=sklearn.preprocessing.data.StandardScaler),nominal=sklearn.pipeline.Pipeline(simpleimputer=sklearn.impute.SimpleImputer,onehotencoder=sklearn.preprocessing._encoders.OneHotEncoder)),svc=sklearn.svm.classes.SVC)(1)","0.2988","jobs:null,remainder:""passthrough"",threshold:0.3,weights:null,memory:null,new:false,features:""missing-only"",values:NaN,sparse:""auto"",axis:0,copy:true,values:""NaN"",strategy:""median"",verbose:0,copy:true,mean:true,std:true,memory:null,copy:true,value:-1,values:NaN,strategy:""constant"",verbose:0,features:null,categories:null,dtype:float64""},unknown:""ignore"",values:null,sparse:true,memory:null,C:128172202640202,size:200,weight:null,coef0:5066011503039192,shape:""ovr"",degree:3,gamma:07969189772454566,kernel:""sigmoid"",iter:-1,probability:false,state:51682,shrinking:false,tol:1205656290534239e-05,verbose:false"
"9411326","sklearn.pipeline.Pipeline(columntransformer=sklearn.compose._column_transformer.ColumnTransformer(numeric=sklearn.pipeline.Pipeline(missingindicator=sklearn.impute.MissingIndicator,imputer=sklearn.preprocessing.imputation.Imputer,standardscaler=sklearn.preprocessing.data.StandardScaler),nominal=sklearn.pipeline.Pipeline(simpleimputer=sklearn.impute.SimpleImputer,onehotencoder=sklearn.preprocessing._encoders.OneHotEncoder)),svc=sklearn.svm.classes.SVC)(1)","0.2988","jobs:null,remainder:""passthrough"",threshold:0.3,weights:null,memory:null,new:false,features:""missing-only"",values:NaN,sparse:""auto"",axis:0,copy:true,values:""NaN"",strategy:""most_frequent"",verbose:0,copy:true,mean:true,std:true,memory:null,copy:true,value:-1,values:NaN,strategy:""constant"",verbose:0,features:null,categories:null,dtype:float64""},unknown:""ignore"",values:null,sparse:true,memory:null,C:06918192693327,size:200,weight:null,coef0:0.0,shape:""ovr"",degree:3,gamma:07497781903697068,kernel:""rbf"",iter:-1,probability:false,state:22203,shrinking:true,tol:6342436073478912e-05,verbose:false"
"9395532","sklearn.pipeline.Pipeline(columntransformer=sklearn.compose._column_transformer.ColumnTransformer(numeric=sklearn.pipeline.Pipeline(missingindicator=sklearn.impute.MissingIndicator,imputer=sklearn.preprocessing.imputation.Imputer,standardscaler=sklearn.preprocessing.data.StandardScaler),nominal=sklearn.pipeline.Pipeline(simpleimputer=sklearn.impute.SimpleImputer,onehotencoder=sklearn.preprocessing._encoders.OneHotEncoder)),svc=sklearn.svm.classes.SVC)(1)","0.2988","jobs:null,remainder:""passthrough"",threshold:0.3,weights:null,memory:null,new:false,features:""missing-only"",values:NaN,sparse:""auto"",axis:0,copy:true,values:""NaN"",strategy:""most_frequent"",verbose:0,copy:true,mean:true,std:true,memory:null,copy:true,value:-1,values:NaN,strategy:""constant"",verbose:0,features:null,categories:null,dtype:float64""},unknown:""ignore"",values:null,sparse:true,memory:null,C:07765465198805639,size:200,weight:null,coef0:15904794148097268,shape:""ovr"",degree:5,gamma:00500576885933904,kernel:""poly"",iter:-1,probability:false,state:25520,shrinking:false,tol:00034903226053666526,verbose:false"
"9395315","sklearn.pipeline.Pipeline(columntransformer=sklearn.compose._column_transformer.ColumnTransformer(numeric=sklearn.pipeline.Pipeline(missingindicator=sklearn.impute.MissingIndicator,imputer=sklearn.preprocessing.imputation.Imputer,standardscaler=sklearn.preprocessing.data.StandardScaler),nominal=sklearn.pipeline.Pipeline(simpleimputer=sklearn.impute.SimpleImputer,onehotencoder=sklearn.preprocessing._encoders.OneHotEncoder)),svc=sklearn.svm.classes.SVC)(1)","0.2988","jobs:null,remainder:""passthrough"",threshold:0.3,weights:null,memory:null,new:false,features:""missing-only"",values:NaN,sparse:""auto"",axis:0,copy:true,values:""NaN"",strategy:""mean"",verbose:0,copy:true,mean:true,std:true,memory:null,copy:true,value:-1,values:NaN,strategy:""constant"",verbose:0,features:null,categories:null,dtype:float64""},unknown:""ignore"",values:null,sparse:true,memory:null,C:36480161799741,size:200,weight:null,coef0:0.0,shape:""ovr"",degree:3,gamma:2858658799335685,kernel:""rbf"",iter:-1,probability:false,state:53176,shrinking:true,tol:0001467053427915531,verbose:false"
"9490554","sklearn.pipeline.Pipeline(columntransformer=sklearn.compose._column_transformer.ColumnTransformer(numeric=sklearn.pipeline.Pipeline(missingindicator=sklearn.impute.MissingIndicator,imputer=sklearn.preprocessing.imputation.Imputer,standardscaler=sklearn.preprocessing.data.StandardScaler),nominal=sklearn.pipeline.Pipeline(simpleimputer=sklearn.impute.SimpleImputer,onehotencoder=sklearn.preprocessing._encoders.OneHotEncoder)),svc=sklearn.svm.classes.SVC)(1)","0.2988","jobs:null,remainder:""passthrough"",threshold:0.3,weights:null,memory:null,new:false,features:""missing-only"",values:NaN,sparse:""auto"",axis:0,copy:true,values:""NaN"",strategy:""most_frequent"",verbose:0,copy:true,mean:true,std:true,memory:null,copy:true,value:-1,values:NaN,strategy:""constant"",verbose:0,features:null,categories:null,dtype:float64""},unknown:""ignore"",values:null,sparse:true,memory:null,C:3239721633026,size:200,weight:null,coef0:0.0,shape:""ovr"",degree:3,gamma:04024567225055177,kernel:""rbf"",iter:-1,probability:false,state:35226,shrinking:true,tol:047089652885770494,verbose:false"
"9453529","sklearn.pipeline.Pipeline(columntransformer=sklearn.compose._column_transformer.ColumnTransformer(numeric=sklearn.pipeline.Pipeline(missingindicator=sklearn.impute.MissingIndicator,imputer=sklearn.preprocessing.imputation.Imputer,standardscaler=sklearn.preprocessing.data.StandardScaler),nominal=sklearn.pipeline.Pipeline(simpleimputer=sklearn.impute.SimpleImputer,onehotencoder=sklearn.preprocessing._encoders.OneHotEncoder)),svc=sklearn.svm.classes.SVC)(1)","0.2988","jobs:null,remainder:""passthrough"",threshold:0.3,weights:null,memory:null,new:false,features:""missing-only"",values:NaN,sparse:""auto"",axis:0,copy:true,values:""NaN"",strategy:""mean"",verbose:0,copy:true,mean:true,std:true,memory:null,copy:true,value:-1,values:NaN,strategy:""constant"",verbose:0,features:null,categories:null,dtype:float64""},unknown:""ignore"",values:null,sparse:true,memory:null,C:74049579168582,size:200,weight:null,coef0:3634961341704248,shape:""ovr"",degree:2,gamma:00039456218947834436,kernel:""poly"",iter:-1,probability:false,state:10792,shrinking:false,tol:0004110058018984021,verbose:false"
"9492285","sklearn.pipeline.Pipeline(columntransformer=sklearn.compose._column_transformer.ColumnTransformer(numeric=sklearn.pipeline.Pipeline(missingindicator=sklearn.impute.MissingIndicator,imputer=sklearn.preprocessing.imputation.Imputer,standardscaler=sklearn.preprocessing.data.StandardScaler),nominal=sklearn.pipeline.Pipeline(simpleimputer=sklearn.impute.SimpleImputer,onehotencoder=sklearn.preprocessing._encoders.OneHotEncoder)),svc=sklearn.svm.classes.SVC)(1)","0.2988","jobs:null,remainder:""passthrough"",threshold:0.3,weights:null,memory:null,new:false,features:""missing-only"",values:NaN,sparse:""auto"",axis:0,copy:true,values:""NaN"",strategy:""mean"",verbose:0,copy:true,mean:true,std:true,memory:null,copy:true,value:-1,values:NaN,strategy:""constant"",verbose:0,features:null,categories:null,dtype:float64""},unknown:""ignore"",values:null,sparse:true,memory:null,C:03632449744478,size:200,weight:null,coef0:9179619010714968,shape:""ovr"",degree:3,gamma:45821075044819226,kernel:""sigmoid"",iter:-1,probability:false,state:56473,shrinking:false,tol:06569555542192385,verbose:false"
"9459869","sklearn.pipeline.Pipeline(columntransformer=sklearn.compose._column_transformer.ColumnTransformer(numeric=sklearn.pipeline.Pipeline(missingindicator=sklearn.impute.MissingIndicator,imputer=sklearn.preprocessing.imputation.Imputer,standardscaler=sklearn.preprocessing.data.StandardScaler),nominal=sklearn.pipeline.Pipeline(simpleimputer=sklearn.impute.SimpleImputer,onehotencoder=sklearn.preprocessing._encoders.OneHotEncoder)),svc=sklearn.svm.classes.SVC)(1)","0.2988","jobs:null,remainder:""passthrough"",threshold:0.3,weights:null,memory:null,new:false,features:""missing-only"",values:NaN,sparse:""auto"",axis:0,copy:true,values:""NaN"",strategy:""most_frequent"",verbose:0,copy:true,mean:true,std:true,memory:null,copy:true,value:-1,values:NaN,strategy:""constant"",verbose:0,features:null,categories:null,dtype:float64""},unknown:""ignore"",values:null,sparse:true,memory:null,C:17381298245056,size:200,weight:null,coef0:0.0,shape:""ovr"",degree:3,gamma:04740663000802206,kernel:""rbf"",iter:-1,probability:false,state:52766,shrinking:true,tol:00046317274911009614,verbose:false"
"9463601","sklearn.pipeline.Pipeline(columntransformer=sklearn.compose._column_transformer.ColumnTransformer(numeric=sklearn.pipeline.Pipeline(missingindicator=sklearn.impute.MissingIndicator,imputer=sklearn.preprocessing.imputation.Imputer,standardscaler=sklearn.preprocessing.data.StandardScaler),nominal=sklearn.pipeline.Pipeline(simpleimputer=sklearn.impute.SimpleImputer,onehotencoder=sklearn.preprocessing._encoders.OneHotEncoder)),extratreesclassifier=sklearn.ensemble.forest.ExtraTreesClassifier)(1)","0.2988","jobs:null,remainder:""passthrough"",threshold:0.3,weights:null,memory:null,new:false,features:""missing-only"",values:NaN,sparse:""auto"",axis:0,copy:true,values:""NaN"",strategy:""most_frequent"",verbose:0,copy:true,mean:true,std:true,memory:null,copy:true,value:-1,values:NaN,strategy:""constant"",verbose:0,features:null,categories:null,dtype:float64""},unknown:""ignore"",values:null,sparse:true,memory:null,bootstrap:false,weight:null,criterion:""gini"",depth:null,features:8870536751664923,nodes:null,decrease:0.0,split:null,leaf:13,split:18,leaf:0.0,estimators:100,jobs:null,score:false,state:55295,verbose:0,start:false"
"9509360","sklearn.pipeline.Pipeline(columntransformer=sklearn.compose._column_transformer.ColumnTransformer(numeric=sklearn.pipeline.Pipeline(missingindicator=sklearn.impute.MissingIndicator,imputer=sklearn.preprocessing.imputation.Imputer,standardscaler=sklearn.preprocessing.data.StandardScaler),nominal=sklearn.pipeline.Pipeline(simpleimputer=sklearn.impute.SimpleImputer,onehotencoder=sklearn.preprocessing._encoders.OneHotEncoder)),extratreesclassifier=sklearn.ensemble.forest.ExtraTreesClassifier)(1)","0.2988","jobs:null,remainder:""passthrough"",threshold:0.3,weights:null,memory:null,new:false,features:""missing-only"",values:NaN,sparse:""auto"",axis:0,copy:true,values:""NaN"",strategy:""most_frequent"",verbose:0,copy:true,mean:true,std:true,memory:null,copy:true,value:-1,values:NaN,strategy:""constant"",verbose:0,features:null,categories:null,dtype:float64""},unknown:""ignore"",values:null,sparse:true,memory:null,bootstrap:false,weight:null,criterion:""entropy"",depth:null,features:7067193936065013,nodes:null,decrease:0.0,split:null,leaf:3,split:14,leaf:0.0,estimators:100,jobs:null,score:false,state:62536,verbose:0,start:false"
"9493475","sklearn.pipeline.Pipeline(columntransformer=sklearn.compose._column_transformer.ColumnTransformer(numeric=sklearn.pipeline.Pipeline(missingindicator=sklearn.impute.MissingIndicator,imputer=sklearn.preprocessing.imputation.Imputer,standardscaler=sklearn.preprocessing.data.StandardScaler),nominal=sklearn.pipeline.Pipeline(simpleimputer=sklearn.impute.SimpleImputer,onehotencoder=sklearn.preprocessing._encoders.OneHotEncoder)),extratreesclassifier=sklearn.ensemble.forest.ExtraTreesClassifier)(1)","0.2988","jobs:null,remainder:""passthrough"",threshold:0.3,weights:null,memory:null,new:false,features:""missing-only"",values:NaN,sparse:""auto"",axis:0,copy:true,values:""NaN"",strategy:""most_frequent"",verbose:0,copy:true,mean:true,std:true,memory:null,copy:true,value:-1,values:NaN,strategy:""constant"",verbose:0,features:null,categories:null,dtype:float64""},unknown:""ignore"",values:null,sparse:true,memory:null,bootstrap:true,weight:null,criterion:""gini"",depth:null,features:44873983490256864,nodes:null,decrease:0.0,split:null,leaf:3,split:13,leaf:0.0,estimators:100,jobs:null,score:false,state:42780,verbose:0,start:false"
"9523561","sklearn.pipeline.Pipeline(columntransformer=sklearn.compose._column_transformer.ColumnTransformer(numeric=sklearn.pipeline.Pipeline(missingindicator=sklearn.impute.MissingIndicator,imputer=sklearn.preprocessing.imputation.Imputer,standardscaler=sklearn.preprocessing.data.StandardScaler),nominal=sklearn.pipeline.Pipeline(simpleimputer=sklearn.impute.SimpleImputer,onehotencoder=sklearn.preprocessing._encoders.OneHotEncoder)),extratreesclassifier=sklearn.ensemble.forest.ExtraTreesClassifier)(1)","0.2988","jobs:null,remainder:""passthrough"",threshold:0.3,weights:null,memory:null,new:false,features:""missing-only"",values:NaN,sparse:""auto"",axis:0,copy:true,values:""NaN"",strategy:""median"",verbose:0,copy:true,mean:true,std:true,memory:null,copy:true,value:-1,values:NaN,strategy:""constant"",verbose:0,features:null,categories:null,dtype:float64""},unknown:""ignore"",values:null,sparse:true,memory:null,bootstrap:false,weight:null,criterion:""entropy"",depth:null,features:4929272907655854,nodes:null,decrease:0.0,split:null,leaf:18,split:3,leaf:0.0,estimators:100,jobs:null,score:false,state:44852,verbose:0,start:false"
"9408712","sklearn.pipeline.Pipeline(columntransformer=sklearn.compose._column_transformer.ColumnTransformer(numeric=sklearn.pipeline.Pipeline(missingindicator=sklearn.impute.MissingIndicator,imputer=sklearn.preprocessing.imputation.Imputer,standardscaler=sklearn.preprocessing.data.StandardScaler),nominal=sklearn.pipeline.Pipeline(simpleimputer=sklearn.impute.SimpleImputer,onehotencoder=sklearn.preprocessing._encoders.OneHotEncoder)),extratreesclassifier=sklearn.ensemble.forest.ExtraTreesClassifier)(1)","0.2988","jobs:null,remainder:""passthrough"",threshold:0.3,weights:null,memory:null,new:false,features:""missing-only"",values:NaN,sparse:""auto"",axis:0,copy:true,values:""NaN"",strategy:""most_frequent"",verbose:0,copy:true,mean:true,std:true,memory:null,copy:true,value:-1,values:NaN,strategy:""constant"",verbose:0,features:null,categories:null,dtype:float64""},unknown:""ignore"",values:null,sparse:true,memory:null,bootstrap:true,weight:null,criterion:""entropy"",depth:null,features:4789394882750231,nodes:null,decrease:0.0,split:null,leaf:19,split:15,leaf:0.0,estimators:100,jobs:null,score:false,state:59435,verbose:0,start:false"
"9513411","sklearn.pipeline.Pipeline(columntransformer=sklearn.compose._column_transformer.ColumnTransformer(numeric=sklearn.pipeline.Pipeline(missingindicator=sklearn.impute.MissingIndicator,imputer=sklearn.preprocessing.imputation.Imputer,standardscaler=sklearn.preprocessing.data.StandardScaler),nominal=sklearn.pipeline.Pipeline(simpleimputer=sklearn.impute.SimpleImputer,onehotencoder=sklearn.preprocessing._encoders.OneHotEncoder)),extratreesclassifier=sklearn.ensemble.forest.ExtraTreesClassifier)(1)","0.2988","jobs:null,remainder:""passthrough"",threshold:0.3,weights:null,memory:null,new:false,features:""missing-only"",values:NaN,sparse:""auto"",axis:0,copy:true,values:""NaN"",strategy:""mean"",verbose:0,copy:true,mean:true,std:true,memory:null,copy:true,value:-1,values:NaN,strategy:""constant"",verbose:0,features:null,categories:null,dtype:float64""},unknown:""ignore"",values:null,sparse:true,memory:null,bootstrap:true,weight:null,criterion:""gini"",depth:null,features:6616301668960913,nodes:null,decrease:0.0,split:null,leaf:2,split:17,leaf:0.0,estimators:100,jobs:null,score:false,state:38345,verbose:0,start:false"
"9547307","sklearn.pipeline.Pipeline(columntransformer=sklearn.compose._column_transformer.ColumnTransformer(numeric=sklearn.pipeline.Pipeline(missingindicator=sklearn.impute.MissingIndicator,imputer=sklearn.preprocessing.imputation.Imputer,standardscaler=sklearn.preprocessing.data.StandardScaler),nominal=sklearn.pipeline.Pipeline(simpleimputer=sklearn.impute.SimpleImputer,onehotencoder=sklearn.preprocessing._encoders.OneHotEncoder)),extratreesclassifier=sklearn.ensemble.forest.ExtraTreesClassifier)(1)","0.2988","jobs:null,remainder:""passthrough"",threshold:0.3,weights:null,memory:null,new:false,features:""missing-only"",values:NaN,sparse:""auto"",axis:0,copy:true,values:""NaN"",strategy:""mean"",verbose:0,copy:true,mean:true,std:true,memory:null,copy:true,value:-1,values:NaN,strategy:""constant"",verbose:0,features:null,categories:null,dtype:float64""},unknown:""ignore"",values:null,sparse:true,memory:null,bootstrap:false,weight:null,criterion:""entropy"",depth:null,features:4231984037304952,nodes:null,decrease:0.0,split:null,leaf:3,split:2,leaf:0.0,estimators:100,jobs:null,score:false,state:2756,verbose:0,start:false"
"9525920","sklearn.pipeline.Pipeline(columntransformer=sklearn.compose._column_transformer.ColumnTransformer(numeric=sklearn.pipeline.Pipeline(missingindicator=sklearn.impute.MissingIndicator,imputer=sklearn.preprocessing.imputation.Imputer,standardscaler=sklearn.preprocessing.data.StandardScaler),nominal=sklearn.pipeline.Pipeline(simpleimputer=sklearn.impute.SimpleImputer,onehotencoder=sklearn.preprocessing._encoders.OneHotEncoder)),extratreesclassifier=sklearn.ensemble.forest.ExtraTreesClassifier)(1)","0.2988","jobs:null,remainder:""passthrough"",threshold:0.3,weights:null,memory:null,new:false,features:""missing-only"",values:NaN,sparse:""auto"",axis:0,copy:true,values:""NaN"",strategy:""mean"",verbose:0,copy:true,mean:true,std:true,memory:null,copy:true,value:-1,values:NaN,strategy:""constant"",verbose:0,features:null,categories:null,dtype:float64""},unknown:""ignore"",values:null,sparse:true,memory:null,bootstrap:true,weight:null,criterion:""gini"",depth:null,features:9641425375394319,nodes:null,decrease:0.0,split:null,leaf:4,split:13,leaf:0.0,estimators:100,jobs:null,score:false,state:2568,verbose:0,start:false"
"9519253","sklearn.pipeline.Pipeline(columntransformer=sklearn.compose._column_transformer.ColumnTransformer(numeric=sklearn.pipeline.Pipeline(missingindicator=sklearn.impute.MissingIndicator,imputer=sklearn.preprocessing.imputation.Imputer,standardscaler=sklearn.preprocessing.data.StandardScaler),nominal=sklearn.pipeline.Pipeline(simpleimputer=sklearn.impute.SimpleImputer,onehotencoder=sklearn.preprocessing._encoders.OneHotEncoder)),extratreesclassifier=sklearn.ensemble.forest.ExtraTreesClassifier)(1)","0.2988","jobs:null,remainder:""passthrough"",threshold:0.3,weights:null,memory:null,new:false,features:""missing-only"",values:NaN,sparse:""auto"",axis:0,copy:true,values:""NaN"",strategy:""median"",verbose:0,copy:true,mean:true,std:true,memory:null,copy:true,value:-1,values:NaN,strategy:""constant"",verbose:0,features:null,categories:null,dtype:float64""},unknown:""ignore"",values:null,sparse:true,memory:null,bootstrap:true,weight:null,criterion:""gini"",depth:null,features:7274759796492575,nodes:null,decrease:0.0,split:null,leaf:5,split:18,leaf:0.0,estimators:100,jobs:null,score:false,state:55620,verbose:0,start:false"
"9542952","sklearn.pipeline.Pipeline(columntransformer=sklearn.compose._column_transformer.ColumnTransformer(numeric=sklearn.pipeline.Pipeline(missingindicator=sklearn.impute.MissingIndicator,imputer=sklearn.preprocessing.imputation.Imputer,standardscaler=sklearn.preprocessing.data.StandardScaler),nominal=sklearn.pipeline.Pipeline(simpleimputer=sklearn.impute.SimpleImputer,onehotencoder=sklearn.preprocessing._encoders.OneHotEncoder)),extratreesclassifier=sklearn.ensemble.forest.ExtraTreesClassifier)(1)","0.2988","jobs:null,remainder:""passthrough"",threshold:0.3,weights:null,memory:null,new:false,features:""missing-only"",values:NaN,sparse:""auto"",axis:0,copy:true,values:""NaN"",strategy:""median"",verbose:0,copy:true,mean:true,std:true,memory:null,copy:true,value:-1,values:NaN,strategy:""constant"",verbose:0,features:null,categories:null,dtype:float64""},unknown:""ignore"",values:null,sparse:true,memory:null,bootstrap:false,weight:null,criterion:""entropy"",depth:null,features:17377074571781925,nodes:null,decrease:0.0,split:null,leaf:6,split:3,leaf:0.0,estimators:100,jobs:null,score:false,state:5936,verbose:0,start:false"
"9546391","sklearn.pipeline.Pipeline(columntransformer=sklearn.compose._column_transformer.ColumnTransformer(numeric=sklearn.pipeline.Pipeline(missingindicator=sklearn.impute.MissingIndicator,imputer=sklearn.preprocessing.imputation.Imputer,standardscaler=sklearn.preprocessing.data.StandardScaler),nominal=sklearn.pipeline.Pipeline(simpleimputer=sklearn.impute.SimpleImputer,onehotencoder=sklearn.preprocessing._encoders.OneHotEncoder)),extratreesclassifier=sklearn.ensemble.forest.ExtraTreesClassifier)(1)","0.2988","jobs:null,remainder:""passthrough"",threshold:0.3,weights:null,memory:null,new:false,features:""missing-only"",values:NaN,sparse:""auto"",axis:0,copy:true,values:""NaN"",strategy:""mean"",verbose:0,copy:true,mean:true,std:true,memory:null,copy:true,value:-1,values:NaN,strategy:""constant"",verbose:0,features:null,categories:null,dtype:float64""},unknown:""ignore"",values:null,sparse:true,memory:null,bootstrap:true,weight:null,criterion:""entropy"",depth:null,features:21891190917821568,nodes:null,decrease:0.0,split:null,leaf:19,split:7,leaf:0.0,estimators:100,jobs:null,score:false,state:64957,verbose:0,start:false"
"9525551","sklearn.pipeline.Pipeline(columntransformer=sklearn.compose._column_transformer.ColumnTransformer(numeric=sklearn.pipeline.Pipeline(missingindicator=sklearn.impute.MissingIndicator,imputer=sklearn.preprocessing.imputation.Imputer,standardscaler=sklearn.preprocessing.data.StandardScaler),nominal=sklearn.pipeline.Pipeline(simpleimputer=sklearn.impute.SimpleImputer,onehotencoder=sklearn.preprocessing._encoders.OneHotEncoder)),extratreesclassifier=sklearn.ensemble.forest.ExtraTreesClassifier)(1)","0.2988","jobs:null,remainder:""passthrough"",threshold:0.3,weights:null,memory:null,new:false,features:""missing-only"",values:NaN,sparse:""auto"",axis:0,copy:true,values:""NaN"",strategy:""median"",verbose:0,copy:true,mean:true,std:true,memory:null,copy:true,value:-1,values:NaN,strategy:""constant"",verbose:0,features:null,categories:null,dtype:float64""},unknown:""ignore"",values:null,sparse:true,memory:null,bootstrap:false,weight:null,criterion:""entropy"",depth:null,features:2404407545209195,nodes:null,decrease:0.0,split:null,leaf:4,split:10,leaf:0.0,estimators:100,jobs:null,score:false,state:41659,verbose:0,start:false"
"9478130","sklearn.pipeline.Pipeline(columntransformer=sklearn.compose._column_transformer.ColumnTransformer(numeric=sklearn.pipeline.Pipeline(missingindicator=sklearn.impute.MissingIndicator,imputer=sklearn.preprocessing.imputation.Imputer,standardscaler=sklearn.preprocessing.data.StandardScaler),nominal=sklearn.pipeline.Pipeline(simpleimputer=sklearn.impute.SimpleImputer,onehotencoder=sklearn.preprocessing._encoders.OneHotEncoder)),extratreesclassifier=sklearn.ensemble.forest.ExtraTreesClassifier)(1)","0.2988","jobs:null,remainder:""passthrough"",threshold:0.3,weights:null,memory:null,new:false,features:""missing-only"",values:NaN,sparse:""auto"",axis:0,copy:true,values:""NaN"",strategy:""most_frequent"",verbose:0,copy:true,mean:true,std:true,memory:null,copy:true,value:-1,values:NaN,strategy:""constant"",verbose:0,features:null,categories:null,dtype:float64""},unknown:""ignore"",values:null,sparse:true,memory:null,bootstrap:true,weight:null,criterion:""entropy"",depth:null,features:7112620116942306,nodes:null,decrease:0.0,split:null,leaf:16,split:7,leaf:0.0,estimators:100,jobs:null,score:false,state:60110,verbose:0,start:false"
"9301660","sklearn.pipeline.Pipeline(columntransformer=sklearn.compose._column_transformer.ColumnTransformer(numeric=sklearn.pipeline.Pipeline(missingindicator=sklearn.impute.MissingIndicator,imputer=sklearn.preprocessing.imputation.Imputer,standardscaler=sklearn.preprocessing.data.StandardScaler),nominal=sklearn.pipeline.Pipeline(simpleimputer=sklearn.impute.SimpleImputer,onehotencoder=sklearn.preprocessing._encoders.OneHotEncoder)),extratreesclassifier=sklearn.ensemble.forest.ExtraTreesClassifier)(1)","0.2988","jobs:null,remainder:""passthrough"",threshold:0.3,weights:null,memory:null,new:false,features:""missing-only"",values:NaN,sparse:""auto"",axis:0,copy:true,values:""NaN"",strategy:""median"",verbose:0,copy:true,mean:true,std:true,memory:null,copy:true,value:-1,values:NaN,strategy:""constant"",verbose:0,features:null,categories:null,dtype:float64""},unknown:""ignore"",values:null,sparse:true,memory:null,bootstrap:false,weight:null,criterion:""gini"",depth:null,features:5909713962827401,nodes:null,decrease:0.0,split:null,leaf:15,split:17,leaf:0.0,estimators:100,jobs:null,score:false,state:10534,verbose:0,start:false"
"9536937","sklearn.pipeline.Pipeline(columntransformer=sklearn.compose._column_transformer.ColumnTransformer(numeric=sklearn.pipeline.Pipeline(missingindicator=sklearn.impute.MissingIndicator,imputer=sklearn.preprocessing.imputation.Imputer,standardscaler=sklearn.preprocessing.data.StandardScaler),nominal=sklearn.pipeline.Pipeline(simpleimputer=sklearn.impute.SimpleImputer,onehotencoder=sklearn.preprocessing._encoders.OneHotEncoder)),extratreesclassifier=sklearn.ensemble.forest.ExtraTreesClassifier)(1)","0.2988","jobs:null,remainder:""passthrough"",threshold:0.3,weights:null,memory:null,new:false,features:""missing-only"",values:NaN,sparse:""auto"",axis:0,copy:true,values:""NaN"",strategy:""mean"",verbose:0,copy:true,mean:true,std:true,memory:null,copy:true,value:-1,values:NaN,strategy:""constant"",verbose:0,features:null,categories:null,dtype:float64""},unknown:""ignore"",values:null,sparse:true,memory:null,bootstrap:false,weight:null,criterion:""entropy"",depth:null,features:7422009072679134,nodes:null,decrease:0.0,split:null,leaf:14,split:10,leaf:0.0,estimators:100,jobs:null,score:false,state:8025,verbose:0,start:false"
"9502807","sklearn.pipeline.Pipeline(columntransformer=sklearn.compose._column_transformer.ColumnTransformer(numeric=sklearn.pipeline.Pipeline(missingindicator=sklearn.impute.MissingIndicator,imputer=sklearn.preprocessing.imputation.Imputer,standardscaler=sklearn.preprocessing.data.StandardScaler),nominal=sklearn.pipeline.Pipeline(simpleimputer=sklearn.impute.SimpleImputer,onehotencoder=sklearn.preprocessing._encoders.OneHotEncoder)),extratreesclassifier=sklearn.ensemble.forest.ExtraTreesClassifier)(1)","0.2988","jobs:null,remainder:""passthrough"",threshold:0.3,weights:null,memory:null,new:false,features:""missing-only"",values:NaN,sparse:""auto"",axis:0,copy:true,values:""NaN"",strategy:""median"",verbose:0,copy:true,mean:true,std:true,memory:null,copy:true,value:-1,values:NaN,strategy:""constant"",verbose:0,features:null,categories:null,dtype:float64""},unknown:""ignore"",values:null,sparse:true,memory:null,bootstrap:true,weight:null,criterion:""gini"",depth:null,features:073117865613469,nodes:null,decrease:0.0,split:null,leaf:19,split:10,leaf:0.0,estimators:100,jobs:null,score:false,state:43211,verbose:0,start:false"
"9548666","sklearn.pipeline.Pipeline(columntransformer=sklearn.compose._column_transformer.ColumnTransformer(numeric=sklearn.pipeline.Pipeline(missingindicator=sklearn.impute.MissingIndicator,imputer=sklearn.preprocessing.imputation.Imputer,standardscaler=sklearn.preprocessing.data.StandardScaler),nominal=sklearn.pipeline.Pipeline(simpleimputer=sklearn.impute.SimpleImputer,onehotencoder=sklearn.preprocessing._encoders.OneHotEncoder)),extratreesclassifier=sklearn.ensemble.forest.ExtraTreesClassifier)(1)","0.2988","jobs:null,remainder:""passthrough"",threshold:0.3,weights:null,memory:null,new:false,features:""missing-only"",values:NaN,sparse:""auto"",axis:0,copy:true,values:""NaN"",strategy:""mean"",verbose:0,copy:true,mean:true,std:true,memory:null,copy:true,value:-1,values:NaN,strategy:""constant"",verbose:0,features:null,categories:null,dtype:float64""},unknown:""ignore"",values:null,sparse:true,memory:null,bootstrap:true,weight:null,criterion:""gini"",depth:null,features:5304686138230295,nodes:null,decrease:0.0,split:null,leaf:14,split:7,leaf:0.0,estimators:100,jobs:null,score:false,state:28648,verbose:0,start:false"
"9516064","sklearn.pipeline.Pipeline(columntransformer=sklearn.compose._column_transformer.ColumnTransformer(numeric=sklearn.pipeline.Pipeline(missingindicator=sklearn.impute.MissingIndicator,imputer=sklearn.preprocessing.imputation.Imputer,standardscaler=sklearn.preprocessing.data.StandardScaler),nominal=sklearn.pipeline.Pipeline(simpleimputer=sklearn.impute.SimpleImputer,onehotencoder=sklearn.preprocessing._encoders.OneHotEncoder)),extratreesclassifier=sklearn.ensemble.forest.ExtraTreesClassifier)(1)","0.2988","jobs:null,remainder:""passthrough"",threshold:0.3,weights:null,memory:null,new:false,features:""missing-only"",values:NaN,sparse:""auto"",axis:0,copy:true,values:""NaN"",strategy:""most_frequent"",verbose:0,copy:true,mean:true,std:true,memory:null,copy:true,value:-1,values:NaN,strategy:""constant"",verbose:0,features:null,categories:null,dtype:float64""},unknown:""ignore"",values:null,sparse:true,memory:null,bootstrap:false,weight:null,criterion:""gini"",depth:null,features:7644358911463596,nodes:null,decrease:0.0,split:null,leaf:6,split:16,leaf:0.0,estimators:100,jobs:null,score:false,state:47836,verbose:0,start:false"
"9266931","sklearn.pipeline.Pipeline(columntransformer=sklearn.compose._column_transformer.ColumnTransformer(numeric=sklearn.pipeline.Pipeline(missingindicator=sklearn.impute.MissingIndicator,imputer=sklearn.preprocessing.imputation.Imputer,standardscaler=sklearn.preprocessing.data.StandardScaler),nominal=sklearn.pipeline.Pipeline(simpleimputer=sklearn.impute.SimpleImputer,onehotencoder=sklearn.preprocessing._encoders.OneHotEncoder)),extratreesclassifier=sklearn.ensemble.forest.ExtraTreesClassifier)(1)","0.2988","jobs:null,remainder:""passthrough"",threshold:0.3,weights:null,memory:null,new:false,features:""missing-only"",values:NaN,sparse:""auto"",axis:0,copy:true,values:""NaN"",strategy:""mean"",verbose:0,copy:true,mean:true,std:true,memory:null,copy:true,value:-1,values:NaN,strategy:""constant"",verbose:0,features:null,categories:null,dtype:float64""},unknown:""ignore"",values:null,sparse:true,memory:null,bootstrap:true,weight:null,criterion:""gini"",depth:null,features:5242456391546844,nodes:null,decrease:0.0,split:null,leaf:20,split:3,leaf:0.0,estimators:100,jobs:null,score:false,state:58341,verbose:0,start:false"
"9371469","sklearn.pipeline.Pipeline(columntransformer=sklearn.compose._column_transformer.ColumnTransformer(numeric=sklearn.pipeline.Pipeline(missingindicator=sklearn.impute.MissingIndicator,imputer=sklearn.preprocessing.imputation.Imputer,standardscaler=sklearn.preprocessing.data.StandardScaler),nominal=sklearn.pipeline.Pipeline(simpleimputer=sklearn.impute.SimpleImputer,onehotencoder=sklearn.preprocessing._encoders.OneHotEncoder)),extratreesclassifier=sklearn.ensemble.forest.ExtraTreesClassifier)(1)","0.2988","jobs:null,remainder:""passthrough"",threshold:0.3,weights:null,memory:null,new:false,features:""missing-only"",values:NaN,sparse:""auto"",axis:0,copy:true,values:""NaN"",strategy:""most_frequent"",verbose:0,copy:true,mean:true,std:true,memory:null,copy:true,value:-1,values:NaN,strategy:""constant"",verbose:0,features:null,categories:null,dtype:float64""},unknown:""ignore"",values:null,sparse:true,memory:null,bootstrap:true,weight:null,criterion:""gini"",depth:null,features:6697363327471647,nodes:null,decrease:0.0,split:null,leaf:14,split:11,leaf:0.0,estimators:100,jobs:null,score:false,state:61344,verbose:0,start:false"
"9447719","sklearn.pipeline.Pipeline(columntransformer=sklearn.compose._column_transformer.ColumnTransformer(numeric=sklearn.pipeline.Pipeline(missingindicator=sklearn.impute.MissingIndicator,imputer=sklearn.preprocessing.imputation.Imputer,standardscaler=sklearn.preprocessing.data.StandardScaler),nominal=sklearn.pipeline.Pipeline(simpleimputer=sklearn.impute.SimpleImputer,onehotencoder=sklearn.preprocessing._encoders.OneHotEncoder)),extratreesclassifier=sklearn.ensemble.forest.ExtraTreesClassifier)(1)","0.2988","jobs:null,remainder:""passthrough"",threshold:0.3,weights:null,memory:null,new:false,features:""missing-only"",values:NaN,sparse:""auto"",axis:0,copy:true,values:""NaN"",strategy:""mean"",verbose:0,copy:true,mean:true,std:true,memory:null,copy:true,value:-1,values:NaN,strategy:""constant"",verbose:0,features:null,categories:null,dtype:float64""},unknown:""ignore"",values:null,sparse:true,memory:null,bootstrap:true,weight:null,criterion:""gini"",depth:null,features:9505046673940267,nodes:null,decrease:0.0,split:null,leaf:13,split:10,leaf:0.0,estimators:100,jobs:null,score:false,state:62782,verbose:0,start:false"
"9522777","sklearn.pipeline.Pipeline(columntransformer=sklearn.compose._column_transformer.ColumnTransformer(numeric=sklearn.pipeline.Pipeline(missingindicator=sklearn.impute.MissingIndicator,imputer=sklearn.preprocessing.imputation.Imputer,standardscaler=sklearn.preprocessing.data.StandardScaler),nominal=sklearn.pipeline.Pipeline(simpleimputer=sklearn.impute.SimpleImputer,onehotencoder=sklearn.preprocessing._encoders.OneHotEncoder)),extratreesclassifier=sklearn.ensemble.forest.ExtraTreesClassifier)(1)","0.2988","jobs:null,remainder:""passthrough"",threshold:0.3,weights:null,memory:null,new:false,features:""missing-only"",values:NaN,sparse:""auto"",axis:0,copy:true,values:""NaN"",strategy:""most_frequent"",verbose:0,copy:true,mean:true,std:true,memory:null,copy:true,value:-1,values:NaN,strategy:""constant"",verbose:0,features:null,categories:null,dtype:float64""},unknown:""ignore"",values:null,sparse:true,memory:null,bootstrap:true,weight:null,criterion:""gini"",depth:null,features:5945079824913163,nodes:null,decrease:0.0,split:null,leaf:5,split:9,leaf:0.0,estimators:100,jobs:null,score:false,state:45632,verbose:0,start:false"
"9393957","sklearn.pipeline.Pipeline(columntransformer=sklearn.compose._column_transformer.ColumnTransformer(numeric=sklearn.pipeline.Pipeline(missingindicator=sklearn.impute.MissingIndicator,imputer=sklearn.preprocessing.imputation.Imputer,standardscaler=sklearn.preprocessing.data.StandardScaler),nominal=sklearn.pipeline.Pipeline(simpleimputer=sklearn.impute.SimpleImputer,onehotencoder=sklearn.preprocessing._encoders.OneHotEncoder)),extratreesclassifier=sklearn.ensemble.forest.ExtraTreesClassifier)(1)","0.2988","jobs:null,remainder:""passthrough"",threshold:0.3,weights:null,memory:null,new:false,features:""missing-only"",values:NaN,sparse:""auto"",axis:0,copy:true,values:""NaN"",strategy:""median"",verbose:0,copy:true,mean:true,std:true,memory:null,copy:true,value:-1,values:NaN,strategy:""constant"",verbose:0,features:null,categories:null,dtype:float64""},unknown:""ignore"",values:null,sparse:true,memory:null,bootstrap:true,weight:null,criterion:""gini"",depth:null,features:31418586348012156,nodes:null,decrease:0.0,split:null,leaf:4,split:5,leaf:0.0,estimators:100,jobs:null,score:false,state:22278,verbose:0,start:false"
"9466140","sklearn.pipeline.Pipeline(columntransformer=sklearn.compose._column_transformer.ColumnTransformer(numeric=sklearn.pipeline.Pipeline(missingindicator=sklearn.impute.MissingIndicator,imputer=sklearn.preprocessing.imputation.Imputer,standardscaler=sklearn.preprocessing.data.StandardScaler),nominal=sklearn.pipeline.Pipeline(simpleimputer=sklearn.impute.SimpleImputer,onehotencoder=sklearn.preprocessing._encoders.OneHotEncoder)),extratreesclassifier=sklearn.ensemble.forest.ExtraTreesClassifier)(1)","0.2988","jobs:null,remainder:""passthrough"",threshold:0.3,weights:null,memory:null,new:false,features:""missing-only"",values:NaN,sparse:""auto"",axis:0,copy:true,values:""NaN"",strategy:""mean"",verbose:0,copy:true,mean:true,std:true,memory:null,copy:true,value:-1,values:NaN,strategy:""constant"",verbose:0,features:null,categories:null,dtype:float64""},unknown:""ignore"",values:null,sparse:true,memory:null,bootstrap:false,weight:null,criterion:""gini"",depth:null,features:2968197231286205,nodes:null,decrease:0.0,split:null,leaf:12,split:15,leaf:0.0,estimators:100,jobs:null,score:false,state:59538,verbose:0,start:false"
"9535479","sklearn.pipeline.Pipeline(columntransformer=sklearn.compose._column_transformer.ColumnTransformer(numeric=sklearn.pipeline.Pipeline(missingindicator=sklearn.impute.MissingIndicator,imputer=sklearn.preprocessing.imputation.Imputer,standardscaler=sklearn.preprocessing.data.StandardScaler),nominal=sklearn.pipeline.Pipeline(simpleimputer=sklearn.impute.SimpleImputer,onehotencoder=sklearn.preprocessing._encoders.OneHotEncoder)),extratreesclassifier=sklearn.ensemble.forest.ExtraTreesClassifier)(1)","0.2988","jobs:null,remainder:""passthrough"",threshold:0.3,weights:null,memory:null,new:false,features:""missing-only"",values:NaN,sparse:""auto"",axis:0,copy:true,values:""NaN"",strategy:""most_frequent"",verbose:0,copy:true,mean:true,std:true,memory:null,copy:true,value:-1,values:NaN,strategy:""constant"",verbose:0,features:null,categories:null,dtype:float64""},unknown:""ignore"",values:null,sparse:true,memory:null,bootstrap:false,weight:null,criterion:""entropy"",depth:null,features:44693316896900126,nodes:null,decrease:0.0,split:null,leaf:4,split:18,leaf:0.0,estimators:100,jobs:null,score:false,state:9908,verbose:0,start:false"
"9491556","sklearn.pipeline.Pipeline(columntransformer=sklearn.compose._column_transformer.ColumnTransformer(numeric=sklearn.pipeline.Pipeline(missingindicator=sklearn.impute.MissingIndicator,imputer=sklearn.preprocessing.imputation.Imputer,standardscaler=sklearn.preprocessing.data.StandardScaler),nominal=sklearn.pipeline.Pipeline(simpleimputer=sklearn.impute.SimpleImputer,onehotencoder=sklearn.preprocessing._encoders.OneHotEncoder)),extratreesclassifier=sklearn.ensemble.forest.ExtraTreesClassifier)(1)","0.2988","jobs:null,remainder:""passthrough"",threshold:0.3,weights:null,memory:null,new:false,features:""missing-only"",values:NaN,sparse:""auto"",axis:0,copy:true,values:""NaN"",strategy:""most_frequent"",verbose:0,copy:true,mean:true,std:true,memory:null,copy:true,value:-1,values:NaN,strategy:""constant"",verbose:0,features:null,categories:null,dtype:float64""},unknown:""ignore"",values:null,sparse:true,memory:null,bootstrap:true,weight:null,criterion:""gini"",depth:null,features:9965712863537335,nodes:null,decrease:0.0,split:null,leaf:17,split:3,leaf:0.0,estimators:100,jobs:null,score:false,state:55988,verbose:0,start:false"
"9488954","sklearn.pipeline.Pipeline(columntransformer=sklearn.compose._column_transformer.ColumnTransformer(numeric=sklearn.pipeline.Pipeline(missingindicator=sklearn.impute.MissingIndicator,imputer=sklearn.preprocessing.imputation.Imputer,standardscaler=sklearn.preprocessing.data.StandardScaler),nominal=sklearn.pipeline.Pipeline(simpleimputer=sklearn.impute.SimpleImputer,onehotencoder=sklearn.preprocessing._encoders.OneHotEncoder)),extratreesclassifier=sklearn.ensemble.forest.ExtraTreesClassifier)(1)","0.2988","jobs:null,remainder:""passthrough"",threshold:0.3,weights:null,memory:null,new:false,features:""missing-only"",values:NaN,sparse:""auto"",axis:0,copy:true,values:""NaN"",strategy:""mean"",verbose:0,copy:true,mean:true,std:true,memory:null,copy:true,value:-1,values:NaN,strategy:""constant"",verbose:0,features:null,categories:null,dtype:float64""},unknown:""ignore"",values:null,sparse:true,memory:null,bootstrap:false,weight:null,criterion:""entropy"",depth:null,features:15889021260257763,nodes:null,decrease:0.0,split:null,leaf:20,split:8,leaf:0.0,estimators:100,jobs:null,score:false,state:29325,verbose:0,start:false"
"9548692","sklearn.pipeline.Pipeline(columntransformer=sklearn.compose._column_transformer.ColumnTransformer(numeric=sklearn.pipeline.Pipeline(missingindicator=sklearn.impute.MissingIndicator,imputer=sklearn.preprocessing.imputation.Imputer,standardscaler=sklearn.preprocessing.data.StandardScaler),nominal=sklearn.pipeline.Pipeline(simpleimputer=sklearn.impute.SimpleImputer,onehotencoder=sklearn.preprocessing._encoders.OneHotEncoder)),extratreesclassifier=sklearn.ensemble.forest.ExtraTreesClassifier)(1)","0.2988","jobs:null,remainder:""passthrough"",threshold:0.3,weights:null,memory:null,new:false,features:""missing-only"",values:NaN,sparse:""auto"",axis:0,copy:true,values:""NaN"",strategy:""mean"",verbose:0,copy:true,mean:true,std:true,memory:null,copy:true,value:-1,values:NaN,strategy:""constant"",verbose:0,features:null,categories:null,dtype:float64""},unknown:""ignore"",values:null,sparse:true,memory:null,bootstrap:true,weight:null,criterion:""entropy"",depth:null,features:5357987180288046,nodes:null,decrease:0.0,split:null,leaf:19,split:20,leaf:0.0,estimators:100,jobs:null,score:false,state:34392,verbose:0,start:false"
"9377038","sklearn.pipeline.Pipeline(columntransformer=sklearn.compose._column_transformer.ColumnTransformer(numeric=sklearn.pipeline.Pipeline(missingindicator=sklearn.impute.MissingIndicator,imputer=sklearn.preprocessing.imputation.Imputer,standardscaler=sklearn.preprocessing.data.StandardScaler),nominal=sklearn.pipeline.Pipeline(simpleimputer=sklearn.impute.SimpleImputer,onehotencoder=sklearn.preprocessing._encoders.OneHotEncoder)),extratreesclassifier=sklearn.ensemble.forest.ExtraTreesClassifier)(1)","0.2988","jobs:null,remainder:""passthrough"",threshold:0.3,weights:null,memory:null,new:false,features:""missing-only"",values:NaN,sparse:""auto"",axis:0,copy:true,values:""NaN"",strategy:""mean"",verbose:0,copy:true,mean:true,std:true,memory:null,copy:true,value:-1,values:NaN,strategy:""constant"",verbose:0,features:null,categories:null,dtype:float64""},unknown:""ignore"",values:null,sparse:true,memory:null,bootstrap:true,weight:null,criterion:""entropy"",depth:null,features:6514739571777094,nodes:null,decrease:0.0,split:null,leaf:20,split:3,leaf:0.0,estimators:100,jobs:null,score:false,state:19291,verbose:0,start:false"
"9488889","sklearn.pipeline.Pipeline(columntransformer=sklearn.compose._column_transformer.ColumnTransformer(numeric=sklearn.pipeline.Pipeline(missingindicator=sklearn.impute.MissingIndicator,imputer=sklearn.preprocessing.imputation.Imputer,standardscaler=sklearn.preprocessing.data.StandardScaler),nominal=sklearn.pipeline.Pipeline(simpleimputer=sklearn.impute.SimpleImputer,onehotencoder=sklearn.preprocessing._encoders.OneHotEncoder)),extratreesclassifier=sklearn.ensemble.forest.ExtraTreesClassifier)(1)","0.2988","jobs:null,remainder:""passthrough"",threshold:0.3,weights:null,memory:null,new:false,features:""missing-only"",values:NaN,sparse:""auto"",axis:0,copy:true,values:""NaN"",strategy:""median"",verbose:0,copy:true,mean:true,std:true,memory:null,copy:true,value:-1,values:NaN,strategy:""constant"",verbose:0,features:null,categories:null,dtype:float64""},unknown:""ignore"",values:null,sparse:true,memory:null,bootstrap:false,weight:null,criterion:""gini"",depth:null,features:3064924162440711,nodes:null,decrease:0.0,split:null,leaf:2,split:6,leaf:0.0,estimators:100,jobs:null,score:false,state:16807,verbose:0,start:false"
"9547390","sklearn.pipeline.Pipeline(columntransformer=sklearn.compose._column_transformer.ColumnTransformer(numeric=sklearn.pipeline.Pipeline(missingindicator=sklearn.impute.MissingIndicator,imputer=sklearn.preprocessing.imputation.Imputer,standardscaler=sklearn.preprocessing.data.StandardScaler),nominal=sklearn.pipeline.Pipeline(simpleimputer=sklearn.impute.SimpleImputer,onehotencoder=sklearn.preprocessing._encoders.OneHotEncoder)),extratreesclassifier=sklearn.ensemble.forest.ExtraTreesClassifier)(1)","0.2988","jobs:null,remainder:""passthrough"",threshold:0.3,weights:null,memory:null,new:false,features:""missing-only"",values:NaN,sparse:""auto"",axis:0,copy:true,values:""NaN"",strategy:""median"",verbose:0,copy:true,mean:true,std:true,memory:null,copy:true,value:-1,values:NaN,strategy:""constant"",verbose:0,features:null,categories:null,dtype:float64""},unknown:""ignore"",values:null,sparse:true,memory:null,bootstrap:false,weight:null,criterion:""gini"",depth:null,features:7573662916341652,nodes:null,decrease:0.0,split:null,leaf:13,split:4,leaf:0.0,estimators:100,jobs:null,score:false,state:24690,verbose:0,start:false"
"9462691","sklearn.pipeline.Pipeline(columntransformer=sklearn.compose._column_transformer.ColumnTransformer(numeric=sklearn.pipeline.Pipeline(missingindicator=sklearn.impute.MissingIndicator,imputer=sklearn.preprocessing.imputation.Imputer,standardscaler=sklearn.preprocessing.data.StandardScaler),nominal=sklearn.pipeline.Pipeline(simpleimputer=sklearn.impute.SimpleImputer,onehotencoder=sklearn.preprocessing._encoders.OneHotEncoder)),extratreesclassifier=sklearn.ensemble.forest.ExtraTreesClassifier)(1)","0.2988","jobs:null,remainder:""passthrough"",threshold:0.3,weights:null,memory:null,new:false,features:""missing-only"",values:NaN,sparse:""auto"",axis:0,copy:true,values:""NaN"",strategy:""median"",verbose:0,copy:true,mean:true,std:true,memory:null,copy:true,value:-1,values:NaN,strategy:""constant"",verbose:0,features:null,categories:null,dtype:float64""},unknown:""ignore"",values:null,sparse:true,memory:null,bootstrap:true,weight:null,criterion:""entropy"",depth:null,features:30257924452824636,nodes:null,decrease:0.0,split:null,leaf:17,split:6,leaf:0.0,estimators:100,jobs:null,score:false,state:9312,verbose:0,start:false"
"9513660","sklearn.pipeline.Pipeline(columntransformer=sklearn.compose._column_transformer.ColumnTransformer(numeric=sklearn.pipeline.Pipeline(missingindicator=sklearn.impute.MissingIndicator,imputer=sklearn.preprocessing.imputation.Imputer,standardscaler=sklearn.preprocessing.data.StandardScaler),nominal=sklearn.pipeline.Pipeline(simpleimputer=sklearn.impute.SimpleImputer,onehotencoder=sklearn.preprocessing._encoders.OneHotEncoder)),extratreesclassifier=sklearn.ensemble.forest.ExtraTreesClassifier)(1)","0.2988","jobs:null,remainder:""passthrough"",threshold:0.3,weights:null,memory:null,new:false,features:""missing-only"",values:NaN,sparse:""auto"",axis:0,copy:true,values:""NaN"",strategy:""mean"",verbose:0,copy:true,mean:true,std:true,memory:null,copy:true,value:-1,values:NaN,strategy:""constant"",verbose:0,features:null,categories:null,dtype:float64""},unknown:""ignore"",values:null,sparse:true,memory:null,bootstrap:true,weight:null,criterion:""entropy"",depth:null,features:9409789005157106,nodes:null,decrease:0.0,split:null,leaf:9,split:17,leaf:0.0,estimators:100,jobs:null,score:false,state:54683,verbose:0,start:false"
"9407991","sklearn.pipeline.Pipeline(columntransformer=sklearn.compose._column_transformer.ColumnTransformer(numeric=sklearn.pipeline.Pipeline(missingindicator=sklearn.impute.MissingIndicator,imputer=sklearn.preprocessing.imputation.Imputer,standardscaler=sklearn.preprocessing.data.StandardScaler),nominal=sklearn.pipeline.Pipeline(simpleimputer=sklearn.impute.SimpleImputer,onehotencoder=sklearn.preprocessing._encoders.OneHotEncoder)),extratreesclassifier=sklearn.ensemble.forest.ExtraTreesClassifier)(1)","0.2988","jobs:null,remainder:""passthrough"",threshold:0.3,weights:null,memory:null,new:false,features:""missing-only"",values:NaN,sparse:""auto"",axis:0,copy:true,values:""NaN"",strategy:""mean"",verbose:0,copy:true,mean:true,std:true,memory:null,copy:true,value:-1,values:NaN,strategy:""constant"",verbose:0,features:null,categories:null,dtype:float64""},unknown:""ignore"",values:null,sparse:true,memory:null,bootstrap:false,weight:null,criterion:""gini"",depth:null,features:9360797494690973,nodes:null,decrease:0.0,split:null,leaf:2,split:17,leaf:0.0,estimators:100,jobs:null,score:false,state:24202,verbose:0,start:false"
"9501710","sklearn.pipeline.Pipeline(columntransformer=sklearn.compose._column_transformer.ColumnTransformer(numeric=sklearn.pipeline.Pipeline(missingindicator=sklearn.impute.MissingIndicator,imputer=sklearn.preprocessing.imputation.Imputer,standardscaler=sklearn.preprocessing.data.StandardScaler),nominal=sklearn.pipeline.Pipeline(simpleimputer=sklearn.impute.SimpleImputer,onehotencoder=sklearn.preprocessing._encoders.OneHotEncoder)),extratreesclassifier=sklearn.ensemble.forest.ExtraTreesClassifier)(1)","0.2988","jobs:null,remainder:""passthrough"",threshold:0.3,weights:null,memory:null,new:false,features:""missing-only"",values:NaN,sparse:""auto"",axis:0,copy:true,values:""NaN"",strategy:""mean"",verbose:0,copy:true,mean:true,std:true,memory:null,copy:true,value:-1,values:NaN,strategy:""constant"",verbose:0,features:null,categories:null,dtype:float64""},unknown:""ignore"",values:null,sparse:true,memory:null,bootstrap:false,weight:null,criterion:""entropy"",depth:null,features:7498949637905316,nodes:null,decrease:0.0,split:null,leaf:18,split:5,leaf:0.0,estimators:100,jobs:null,score:false,state:11058,verbose:0,start:false"
"9508392","sklearn.pipeline.Pipeline(columntransformer=sklearn.compose._column_transformer.ColumnTransformer(numeric=sklearn.pipeline.Pipeline(missingindicator=sklearn.impute.MissingIndicator,imputer=sklearn.preprocessing.imputation.Imputer,standardscaler=sklearn.preprocessing.data.StandardScaler),nominal=sklearn.pipeline.Pipeline(simpleimputer=sklearn.impute.SimpleImputer,onehotencoder=sklearn.preprocessing._encoders.OneHotEncoder)),extratreesclassifier=sklearn.ensemble.forest.ExtraTreesClassifier)(1)","0.2988","jobs:null,remainder:""passthrough"",threshold:0.3,weights:null,memory:null,new:false,features:""missing-only"",values:NaN,sparse:""auto"",axis:0,copy:true,values:""NaN"",strategy:""mean"",verbose:0,copy:true,mean:true,std:true,memory:null,copy:true,value:-1,values:NaN,strategy:""constant"",verbose:0,features:null,categories:null,dtype:float64""},unknown:""ignore"",values:null,sparse:true,memory:null,bootstrap:false,weight:null,criterion:""entropy"",depth:null,features:07894031845143556,nodes:null,decrease:0.0,split:null,leaf:17,split:14,leaf:0.0,estimators:100,jobs:null,score:false,state:11402,verbose:0,start:false"
"9484976","sklearn.pipeline.Pipeline(columntransformer=sklearn.compose._column_transformer.ColumnTransformer(numeric=sklearn.pipeline.Pipeline(missingindicator=sklearn.impute.MissingIndicator,imputer=sklearn.preprocessing.imputation.Imputer,standardscaler=sklearn.preprocessing.data.StandardScaler),nominal=sklearn.pipeline.Pipeline(simpleimputer=sklearn.impute.SimpleImputer,onehotencoder=sklearn.preprocessing._encoders.OneHotEncoder)),extratreesclassifier=sklearn.ensemble.forest.ExtraTreesClassifier)(1)","0.2988","jobs:null,remainder:""passthrough"",threshold:0.3,weights:null,memory:null,new:false,features:""missing-only"",values:NaN,sparse:""auto"",axis:0,copy:true,values:""NaN"",strategy:""most_frequent"",verbose:0,copy:true,mean:true,std:true,memory:null,copy:true,value:-1,values:NaN,strategy:""constant"",verbose:0,features:null,categories:null,dtype:float64""},unknown:""ignore"",values:null,sparse:true,memory:null,bootstrap:false,weight:null,criterion:""entropy"",depth:null,features:12934468289696655,nodes:null,decrease:0.0,split:null,leaf:12,split:20,leaf:0.0,estimators:100,jobs:null,score:false,state:51359,verbose:0,start:false"
"9463627","sklearn.pipeline.Pipeline(columntransformer=sklearn.compose._column_transformer.ColumnTransformer(numeric=sklearn.pipeline.Pipeline(missingindicator=sklearn.impute.MissingIndicator,imputer=sklearn.preprocessing.imputation.Imputer,standardscaler=sklearn.preprocessing.data.StandardScaler),nominal=sklearn.pipeline.Pipeline(simpleimputer=sklearn.impute.SimpleImputer,onehotencoder=sklearn.preprocessing._encoders.OneHotEncoder)),extratreesclassifier=sklearn.ensemble.forest.ExtraTreesClassifier)(1)","0.2988","jobs:null,remainder:""passthrough"",threshold:0.3,weights:null,memory:null,new:false,features:""missing-only"",values:NaN,sparse:""auto"",axis:0,copy:true,values:""NaN"",strategy:""mean"",verbose:0,copy:true,mean:true,std:true,memory:null,copy:true,value:-1,values:NaN,strategy:""constant"",verbose:0,features:null,categories:null,dtype:float64""},unknown:""ignore"",values:null,sparse:true,memory:null,bootstrap:false,weight:null,criterion:""gini"",depth:null,features:4872825770379624,nodes:null,decrease:0.0,split:null,leaf:16,split:19,leaf:0.0,estimators:100,jobs:null,score:false,state:12406,verbose:0,start:false"
"9343560","sklearn.pipeline.Pipeline(columntransformer=sklearn.compose._column_transformer.ColumnTransformer(numeric=sklearn.pipeline.Pipeline(missingindicator=sklearn.impute.MissingIndicator,imputer=sklearn.preprocessing.imputation.Imputer,standardscaler=sklearn.preprocessing.data.StandardScaler),nominal=sklearn.pipeline.Pipeline(simpleimputer=sklearn.impute.SimpleImputer,onehotencoder=sklearn.preprocessing._encoders.OneHotEncoder)),extratreesclassifier=sklearn.ensemble.forest.ExtraTreesClassifier)(1)","0.2988","jobs:null,remainder:""passthrough"",threshold:0.3,weights:null,memory:null,new:false,features:""missing-only"",values:NaN,sparse:""auto"",axis:0,copy:true,values:""NaN"",strategy:""mean"",verbose:0,copy:true,mean:true,std:true,memory:null,copy:true,value:-1,values:NaN,strategy:""constant"",verbose:0,features:null,categories:null,dtype:float64""},unknown:""ignore"",values:null,sparse:true,memory:null,bootstrap:false,weight:null,criterion:""entropy"",depth:null,features:6909265657719015,nodes:null,decrease:0.0,split:null,leaf:12,split:11,leaf:0.0,estimators:100,jobs:null,score:false,state:51890,verbose:0,start:false"
"9376632","sklearn.pipeline.Pipeline(columntransformer=sklearn.compose._column_transformer.ColumnTransformer(numeric=sklearn.pipeline.Pipeline(missingindicator=sklearn.impute.MissingIndicator,imputer=sklearn.preprocessing.imputation.Imputer,standardscaler=sklearn.preprocessing.data.StandardScaler),nominal=sklearn.pipeline.Pipeline(simpleimputer=sklearn.impute.SimpleImputer,onehotencoder=sklearn.preprocessing._encoders.OneHotEncoder)),extratreesclassifier=sklearn.ensemble.forest.ExtraTreesClassifier)(1)","0.2988","jobs:null,remainder:""passthrough"",threshold:0.3,weights:null,memory:null,new:false,features:""missing-only"",values:NaN,sparse:""auto"",axis:0,copy:true,values:""NaN"",strategy:""mean"",verbose:0,copy:true,mean:true,std:true,memory:null,copy:true,value:-1,values:NaN,strategy:""constant"",verbose:0,features:null,categories:null,dtype:float64""},unknown:""ignore"",values:null,sparse:true,memory:null,bootstrap:true,weight:null,criterion:""gini"",depth:null,features:36046141675027144,nodes:null,decrease:0.0,split:null,leaf:2,split:3,leaf:0.0,estimators:100,jobs:null,score:false,state:47878,verbose:0,start:false"
"9545022","sklearn.pipeline.Pipeline(columntransformer=sklearn.compose._column_transformer.ColumnTransformer(numeric=sklearn.pipeline.Pipeline(missingindicator=sklearn.impute.MissingIndicator,imputer=sklearn.preprocessing.imputation.Imputer,standardscaler=sklearn.preprocessing.data.StandardScaler),nominal=sklearn.pipeline.Pipeline(simpleimputer=sklearn.impute.SimpleImputer,onehotencoder=sklearn.preprocessing._encoders.OneHotEncoder)),extratreesclassifier=sklearn.ensemble.forest.ExtraTreesClassifier)(1)","0.2988","jobs:null,remainder:""passthrough"",threshold:0.3,weights:null,memory:null,new:false,features:""missing-only"",values:NaN,sparse:""auto"",axis:0,copy:true,values:""NaN"",strategy:""median"",verbose:0,copy:true,mean:true,std:true,memory:null,copy:true,value:-1,values:NaN,strategy:""constant"",verbose:0,features:null,categories:null,dtype:float64""},unknown:""ignore"",values:null,sparse:true,memory:null,bootstrap:false,weight:null,criterion:""gini"",depth:null,features:14440808749529566,nodes:null,decrease:0.0,split:null,leaf:15,split:5,leaf:0.0,estimators:100,jobs:null,score:false,state:17873,verbose:0,start:false"
"9492613","sklearn.pipeline.Pipeline(columntransformer=sklearn.compose._column_transformer.ColumnTransformer(numeric=sklearn.pipeline.Pipeline(missingindicator=sklearn.impute.MissingIndicator,imputer=sklearn.preprocessing.imputation.Imputer,standardscaler=sklearn.preprocessing.data.StandardScaler),nominal=sklearn.pipeline.Pipeline(simpleimputer=sklearn.impute.SimpleImputer,onehotencoder=sklearn.preprocessing._encoders.OneHotEncoder)),extratreesclassifier=sklearn.ensemble.forest.ExtraTreesClassifier)(1)","0.2988","jobs:null,remainder:""passthrough"",threshold:0.3,weights:null,memory:null,new:false,features:""missing-only"",values:NaN,sparse:""auto"",axis:0,copy:true,values:""NaN"",strategy:""most_frequent"",verbose:0,copy:true,mean:true,std:true,memory:null,copy:true,value:-1,values:NaN,strategy:""constant"",verbose:0,features:null,categories:null,dtype:float64""},unknown:""ignore"",values:null,sparse:true,memory:null,bootstrap:false,weight:null,criterion:""entropy"",depth:null,features:774745051007145,nodes:null,decrease:0.0,split:null,leaf:14,split:18,leaf:0.0,estimators:100,jobs:null,score:false,state:60868,verbose:0,start:false"
"9421221","sklearn.pipeline.Pipeline(columntransformer=sklearn.compose._column_transformer.ColumnTransformer(numeric=sklearn.pipeline.Pipeline(missingindicator=sklearn.impute.MissingIndicator,imputer=sklearn.preprocessing.imputation.Imputer,standardscaler=sklearn.preprocessing.data.StandardScaler),nominal=sklearn.pipeline.Pipeline(simpleimputer=sklearn.impute.SimpleImputer,onehotencoder=sklearn.preprocessing._encoders.OneHotEncoder)),extratreesclassifier=sklearn.ensemble.forest.ExtraTreesClassifier)(1)","0.2988","jobs:null,remainder:""passthrough"",threshold:0.3,weights:null,memory:null,new:false,features:""missing-only"",values:NaN,sparse:""auto"",axis:0,copy:true,values:""NaN"",strategy:""most_frequent"",verbose:0,copy:true,mean:true,std:true,memory:null,copy:true,value:-1,values:NaN,strategy:""constant"",verbose:0,features:null,categories:null,dtype:float64""},unknown:""ignore"",values:null,sparse:true,memory:null,bootstrap:true,weight:null,criterion:""gini"",depth:null,features:5167785104892585,nodes:null,decrease:0.0,split:null,leaf:4,split:2,leaf:0.0,estimators:100,jobs:null,score:false,state:57030,verbose:0,start:false"
"9539391","sklearn.pipeline.Pipeline(columntransformer=sklearn.compose._column_transformer.ColumnTransformer(numeric=sklearn.pipeline.Pipeline(missingindicator=sklearn.impute.MissingIndicator,imputer=sklearn.preprocessing.imputation.Imputer,standardscaler=sklearn.preprocessing.data.StandardScaler),nominal=sklearn.pipeline.Pipeline(simpleimputer=sklearn.impute.SimpleImputer,onehotencoder=sklearn.preprocessing._encoders.OneHotEncoder)),extratreesclassifier=sklearn.ensemble.forest.ExtraTreesClassifier)(1)","0.2988","jobs:null,remainder:""passthrough"",threshold:0.3,weights:null,memory:null,new:false,features:""missing-only"",values:NaN,sparse:""auto"",axis:0,copy:true,values:""NaN"",strategy:""median"",verbose:0,copy:true,mean:true,std:true,memory:null,copy:true,value:-1,values:NaN,strategy:""constant"",verbose:0,features:null,categories:null,dtype:float64""},unknown:""ignore"",values:null,sparse:true,memory:null,bootstrap:false,weight:null,criterion:""entropy"",depth:null,features:2126382885682212,nodes:null,decrease:0.0,split:null,leaf:3,split:16,leaf:0.0,estimators:100,jobs:null,score:false,state:4241,verbose:0,start:false"
"9490756","sklearn.pipeline.Pipeline(columntransformer=sklearn.compose._column_transformer.ColumnTransformer(numeric=sklearn.pipeline.Pipeline(missingindicator=sklearn.impute.MissingIndicator,imputer=sklearn.preprocessing.imputation.Imputer,standardscaler=sklearn.preprocessing.data.StandardScaler),nominal=sklearn.pipeline.Pipeline(simpleimputer=sklearn.impute.SimpleImputer,onehotencoder=sklearn.preprocessing._encoders.OneHotEncoder)),extratreesclassifier=sklearn.ensemble.forest.ExtraTreesClassifier)(1)","0.2988","jobs:null,remainder:""passthrough"",threshold:0.3,weights:null,memory:null,new:false,features:""missing-only"",values:NaN,sparse:""auto"",axis:0,copy:true,values:""NaN"",strategy:""most_frequent"",verbose:0,copy:true,mean:true,std:true,memory:null,copy:true,value:-1,values:NaN,strategy:""constant"",verbose:0,features:null,categories:null,dtype:float64""},unknown:""ignore"",values:null,sparse:true,memory:null,bootstrap:true,weight:null,criterion:""gini"",depth:null,features:42295583272449877,nodes:null,decrease:0.0,split:null,leaf:18,split:13,leaf:0.0,estimators:100,jobs:null,score:false,state:10608,verbose:0,start:false"
"9548860","sklearn.pipeline.Pipeline(columntransformer=sklearn.compose._column_transformer.ColumnTransformer(numeric=sklearn.pipeline.Pipeline(missingindicator=sklearn.impute.MissingIndicator,imputer=sklearn.preprocessing.imputation.Imputer,standardscaler=sklearn.preprocessing.data.StandardScaler),nominal=sklearn.pipeline.Pipeline(simpleimputer=sklearn.impute.SimpleImputer,onehotencoder=sklearn.preprocessing._encoders.OneHotEncoder)),extratreesclassifier=sklearn.ensemble.forest.ExtraTreesClassifier)(1)","0.2988","jobs:null,remainder:""passthrough"",threshold:0.3,weights:null,memory:null,new:false,features:""missing-only"",values:NaN,sparse:""auto"",axis:0,copy:true,values:""NaN"",strategy:""median"",verbose:0,copy:true,mean:true,std:true,memory:null,copy:true,value:-1,values:NaN,strategy:""constant"",verbose:0,features:null,categories:null,dtype:float64""},unknown:""ignore"",values:null,sparse:true,memory:null,bootstrap:true,weight:null,criterion:""gini"",depth:null,features:8308597537352049,nodes:null,decrease:0.0,split:null,leaf:15,split:13,leaf:0.0,estimators:100,jobs:null,score:false,state:29119,verbose:0,start:false"
"9362480","sklearn.pipeline.Pipeline(columntransformer=sklearn.compose._column_transformer.ColumnTransformer(numeric=sklearn.pipeline.Pipeline(missingindicator=sklearn.impute.MissingIndicator,imputer=sklearn.preprocessing.imputation.Imputer,standardscaler=sklearn.preprocessing.data.StandardScaler),nominal=sklearn.pipeline.Pipeline(simpleimputer=sklearn.impute.SimpleImputer,onehotencoder=sklearn.preprocessing._encoders.OneHotEncoder)),extratreesclassifier=sklearn.ensemble.forest.ExtraTreesClassifier)(1)","0.2988","jobs:null,remainder:""passthrough"",threshold:0.3,weights:null,memory:null,new:false,features:""missing-only"",values:NaN,sparse:""auto"",axis:0,copy:true,values:""NaN"",strategy:""mean"",verbose:0,copy:true,mean:true,std:true,memory:null,copy:true,value:-1,values:NaN,strategy:""constant"",verbose:0,features:null,categories:null,dtype:float64""},unknown:""ignore"",values:null,sparse:true,memory:null,bootstrap:false,weight:null,criterion:""entropy"",depth:null,features:7153162931734066,nodes:null,decrease:0.0,split:null,leaf:3,split:18,leaf:0.0,estimators:100,jobs:null,score:false,state:38453,verbose:0,start:false"
"9491476","sklearn.pipeline.Pipeline(columntransformer=sklearn.compose._column_transformer.ColumnTransformer(numeric=sklearn.pipeline.Pipeline(missingindicator=sklearn.impute.MissingIndicator,imputer=sklearn.preprocessing.imputation.Imputer,standardscaler=sklearn.preprocessing.data.StandardScaler),nominal=sklearn.pipeline.Pipeline(simpleimputer=sklearn.impute.SimpleImputer,onehotencoder=sklearn.preprocessing._encoders.OneHotEncoder)),extratreesclassifier=sklearn.ensemble.forest.ExtraTreesClassifier)(1)","0.2988","jobs:null,remainder:""passthrough"",threshold:0.3,weights:null,memory:null,new:false,features:""missing-only"",values:NaN,sparse:""auto"",axis:0,copy:true,values:""NaN"",strategy:""median"",verbose:0,copy:true,mean:true,std:true,memory:null,copy:true,value:-1,values:NaN,strategy:""constant"",verbose:0,features:null,categories:null,dtype:float64""},unknown:""ignore"",values:null,sparse:true,memory:null,bootstrap:true,weight:null,criterion:""gini"",depth:null,features:06342154186927218,nodes:null,decrease:0.0,split:null,leaf:10,split:12,leaf:0.0,estimators:100,jobs:null,score:false,state:1550,verbose:0,start:false"
"9548835","sklearn.pipeline.Pipeline(columntransformer=sklearn.compose._column_transformer.ColumnTransformer(numeric=sklearn.pipeline.Pipeline(missingindicator=sklearn.impute.MissingIndicator,imputer=sklearn.preprocessing.imputation.Imputer,standardscaler=sklearn.preprocessing.data.StandardScaler),nominal=sklearn.pipeline.Pipeline(simpleimputer=sklearn.impute.SimpleImputer,onehotencoder=sklearn.preprocessing._encoders.OneHotEncoder)),extratreesclassifier=sklearn.ensemble.forest.ExtraTreesClassifier)(1)","0.2988","jobs:null,remainder:""passthrough"",threshold:0.3,weights:null,memory:null,new:false,features:""missing-only"",values:NaN,sparse:""auto"",axis:0,copy:true,values:""NaN"",strategy:""mean"",verbose:0,copy:true,mean:true,std:true,memory:null,copy:true,value:-1,values:NaN,strategy:""constant"",verbose:0,features:null,categories:null,dtype:float64""},unknown:""ignore"",values:null,sparse:true,memory:null,bootstrap:true,weight:null,criterion:""gini"",depth:null,features:501400277371983,nodes:null,decrease:0.0,split:null,leaf:2,split:13,leaf:0.0,estimators:100,jobs:null,score:false,state:29522,verbose:0,start:false"
"9524476","sklearn.pipeline.Pipeline(columntransformer=sklearn.compose._column_transformer.ColumnTransformer(numeric=sklearn.pipeline.Pipeline(missingindicator=sklearn.impute.MissingIndicator,imputer=sklearn.preprocessing.imputation.Imputer,standardscaler=sklearn.preprocessing.data.StandardScaler),nominal=sklearn.pipeline.Pipeline(simpleimputer=sklearn.impute.SimpleImputer,onehotencoder=sklearn.preprocessing._encoders.OneHotEncoder)),extratreesclassifier=sklearn.ensemble.forest.ExtraTreesClassifier)(1)","0.2988","jobs:null,remainder:""passthrough"",threshold:0.3,weights:null,memory:null,new:false,features:""missing-only"",values:NaN,sparse:""auto"",axis:0,copy:true,values:""NaN"",strategy:""median"",verbose:0,copy:true,mean:true,std:true,memory:null,copy:true,value:-1,values:NaN,strategy:""constant"",verbose:0,features:null,categories:null,dtype:float64""},unknown:""ignore"",values:null,sparse:true,memory:null,bootstrap:false,weight:null,criterion:""entropy"",depth:null,features:238231297622024,nodes:null,decrease:0.0,split:null,leaf:8,split:8,leaf:0.0,estimators:100,jobs:null,score:false,state:8320,verbose:0,start:false"
"9462878","sklearn.pipeline.Pipeline(columntransformer=sklearn.compose._column_transformer.ColumnTransformer(numeric=sklearn.pipeline.Pipeline(missingindicator=sklearn.impute.MissingIndicator,imputer=sklearn.preprocessing.imputation.Imputer,standardscaler=sklearn.preprocessing.data.StandardScaler),nominal=sklearn.pipeline.Pipeline(simpleimputer=sklearn.impute.SimpleImputer,onehotencoder=sklearn.preprocessing._encoders.OneHotEncoder)),extratreesclassifier=sklearn.ensemble.forest.ExtraTreesClassifier)(1)","0.2988","jobs:null,remainder:""passthrough"",threshold:0.3,weights:null,memory:null,new:false,features:""missing-only"",values:NaN,sparse:""auto"",axis:0,copy:true,values:""NaN"",strategy:""median"",verbose:0,copy:true,mean:true,std:true,memory:null,copy:true,value:-1,values:NaN,strategy:""constant"",verbose:0,features:null,categories:null,dtype:float64""},unknown:""ignore"",values:null,sparse:true,memory:null,bootstrap:true,weight:null,criterion:""gini"",depth:null,features:7527122210995357,nodes:null,decrease:0.0,split:null,leaf:7,split:18,leaf:0.0,estimators:100,jobs:null,score:false,state:5976,verbose:0,start:false"
"9548865","sklearn.pipeline.Pipeline(columntransformer=sklearn.compose._column_transformer.ColumnTransformer(numeric=sklearn.pipeline.Pipeline(missingindicator=sklearn.impute.MissingIndicator,imputer=sklearn.preprocessing.imputation.Imputer,standardscaler=sklearn.preprocessing.data.StandardScaler),nominal=sklearn.pipeline.Pipeline(simpleimputer=sklearn.impute.SimpleImputer,onehotencoder=sklearn.preprocessing._encoders.OneHotEncoder)),extratreesclassifier=sklearn.ensemble.forest.ExtraTreesClassifier)(1)","0.2988","jobs:null,remainder:""passthrough"",threshold:0.3,weights:null,memory:null,new:false,features:""missing-only"",values:NaN,sparse:""auto"",axis:0,copy:true,values:""NaN"",strategy:""most_frequent"",verbose:0,copy:true,mean:true,std:true,memory:null,copy:true,value:-1,values:NaN,strategy:""constant"",verbose:0,features:null,categories:null,dtype:float64""},unknown:""ignore"",values:null,sparse:true,memory:null,bootstrap:true,weight:null,criterion:""gini"",depth:null,features:7123875991091425,nodes:null,decrease:0.0,split:null,leaf:10,split:14,leaf:0.0,estimators:100,jobs:null,score:false,state:48168,verbose:0,start:false"
"9492938","sklearn.pipeline.Pipeline(columntransformer=sklearn.compose._column_transformer.ColumnTransformer(numeric=sklearn.pipeline.Pipeline(missingindicator=sklearn.impute.MissingIndicator,imputer=sklearn.preprocessing.imputation.Imputer,standardscaler=sklearn.preprocessing.data.StandardScaler),nominal=sklearn.pipeline.Pipeline(simpleimputer=sklearn.impute.SimpleImputer,onehotencoder=sklearn.preprocessing._encoders.OneHotEncoder)),extratreesclassifier=sklearn.ensemble.forest.ExtraTreesClassifier)(1)","0.2988","jobs:null,remainder:""passthrough"",threshold:0.3,weights:null,memory:null,new:false,features:""missing-only"",values:NaN,sparse:""auto"",axis:0,copy:true,values:""NaN"",strategy:""median"",verbose:0,copy:true,mean:true,std:true,memory:null,copy:true,value:-1,values:NaN,strategy:""constant"",verbose:0,features:null,categories:null,dtype:float64""},unknown:""ignore"",values:null,sparse:true,memory:null,bootstrap:false,weight:null,criterion:""gini"",depth:null,features:6121556971092741,nodes:null,decrease:0.0,split:null,leaf:7,split:10,leaf:0.0,estimators:100,jobs:null,score:false,state:39526,verbose:0,start:false"
"9517771","sklearn.pipeline.Pipeline(columntransformer=sklearn.compose._column_transformer.ColumnTransformer(numeric=sklearn.pipeline.Pipeline(missingindicator=sklearn.impute.MissingIndicator,imputer=sklearn.preprocessing.imputation.Imputer,standardscaler=sklearn.preprocessing.data.StandardScaler),nominal=sklearn.pipeline.Pipeline(simpleimputer=sklearn.impute.SimpleImputer,onehotencoder=sklearn.preprocessing._encoders.OneHotEncoder)),extratreesclassifier=sklearn.ensemble.forest.ExtraTreesClassifier)(1)","0.2988","jobs:null,remainder:""passthrough"",threshold:0.3,weights:null,memory:null,new:false,features:""missing-only"",values:NaN,sparse:""auto"",axis:0,copy:true,values:""NaN"",strategy:""most_frequent"",verbose:0,copy:true,mean:true,std:true,memory:null,copy:true,value:-1,values:NaN,strategy:""constant"",verbose:0,features:null,categories:null,dtype:float64""},unknown:""ignore"",values:null,sparse:true,memory:null,bootstrap:false,weight:null,criterion:""entropy"",depth:null,features:9445535727077699,nodes:null,decrease:0.0,split:null,leaf:16,split:18,leaf:0.0,estimators:100,jobs:null,score:false,state:33929,verbose:0,start:false"
"9467621","sklearn.pipeline.Pipeline(columntransformer=sklearn.compose._column_transformer.ColumnTransformer(numeric=sklearn.pipeline.Pipeline(missingindicator=sklearn.impute.MissingIndicator,imputer=sklearn.preprocessing.imputation.Imputer,standardscaler=sklearn.preprocessing.data.StandardScaler),nominal=sklearn.pipeline.Pipeline(simpleimputer=sklearn.impute.SimpleImputer,onehotencoder=sklearn.preprocessing._encoders.OneHotEncoder)),extratreesclassifier=sklearn.ensemble.forest.ExtraTreesClassifier)(1)","0.2988","jobs:null,remainder:""passthrough"",threshold:0.3,weights:null,memory:null,new:false,features:""missing-only"",values:NaN,sparse:""auto"",axis:0,copy:true,values:""NaN"",strategy:""median"",verbose:0,copy:true,mean:true,std:true,memory:null,copy:true,value:-1,values:NaN,strategy:""constant"",verbose:0,features:null,categories:null,dtype:float64""},unknown:""ignore"",values:null,sparse:true,memory:null,bootstrap:false,weight:null,criterion:""gini"",depth:null,features:5459839330495744,nodes:null,decrease:0.0,split:null,leaf:3,split:7,leaf:0.0,estimators:100,jobs:null,score:false,state:9880,verbose:0,start:false"
"9385004","sklearn.pipeline.Pipeline(columntransformer=sklearn.compose._column_transformer.ColumnTransformer(numeric=sklearn.pipeline.Pipeline(missingindicator=sklearn.impute.MissingIndicator,imputer=sklearn.preprocessing.imputation.Imputer,standardscaler=sklearn.preprocessing.data.StandardScaler),nominal=sklearn.pipeline.Pipeline(simpleimputer=sklearn.impute.SimpleImputer,onehotencoder=sklearn.preprocessing._encoders.OneHotEncoder)),extratreesclassifier=sklearn.ensemble.forest.ExtraTreesClassifier)(1)","0.2988","jobs:null,remainder:""passthrough"",threshold:0.3,weights:null,memory:null,new:false,features:""missing-only"",values:NaN,sparse:""auto"",axis:0,copy:true,values:""NaN"",strategy:""mean"",verbose:0,copy:true,mean:true,std:true,memory:null,copy:true,value:-1,values:NaN,strategy:""constant"",verbose:0,features:null,categories:null,dtype:float64""},unknown:""ignore"",values:null,sparse:true,memory:null,bootstrap:false,weight:null,criterion:""entropy"",depth:null,features:9793623463641141,nodes:null,decrease:0.0,split:null,leaf:8,split:12,leaf:0.0,estimators:100,jobs:null,score:false,state:16872,verbose:0,start:false"
"9548629","sklearn.pipeline.Pipeline(columntransformer=sklearn.compose._column_transformer.ColumnTransformer(numeric=sklearn.pipeline.Pipeline(missingindicator=sklearn.impute.MissingIndicator,imputer=sklearn.preprocessing.imputation.Imputer,standardscaler=sklearn.preprocessing.data.StandardScaler),nominal=sklearn.pipeline.Pipeline(simpleimputer=sklearn.impute.SimpleImputer,onehotencoder=sklearn.preprocessing._encoders.OneHotEncoder)),extratreesclassifier=sklearn.ensemble.forest.ExtraTreesClassifier)(1)","0.2988","jobs:null,remainder:""passthrough"",threshold:0.3,weights:null,memory:null,new:false,features:""missing-only"",values:NaN,sparse:""auto"",axis:0,copy:true,values:""NaN"",strategy:""median"",verbose:0,copy:true,mean:true,std:true,memory:null,copy:true,value:-1,values:NaN,strategy:""constant"",verbose:0,features:null,categories:null,dtype:float64""},unknown:""ignore"",values:null,sparse:true,memory:null,bootstrap:false,weight:null,criterion:""gini"",depth:null,features:7692867312708592,nodes:null,decrease:0.0,split:null,leaf:20,split:16,leaf:0.0,estimators:100,jobs:null,score:false,state:54045,verbose:0,start:false"
"9524033","sklearn.pipeline.Pipeline(columntransformer=sklearn.compose._column_transformer.ColumnTransformer(numeric=sklearn.pipeline.Pipeline(missingindicator=sklearn.impute.MissingIndicator,imputer=sklearn.preprocessing.imputation.Imputer,standardscaler=sklearn.preprocessing.data.StandardScaler),nominal=sklearn.pipeline.Pipeline(simpleimputer=sklearn.impute.SimpleImputer,onehotencoder=sklearn.preprocessing._encoders.OneHotEncoder)),extratreesclassifier=sklearn.ensemble.forest.ExtraTreesClassifier)(1)","0.2988","jobs:null,remainder:""passthrough"",threshold:0.3,weights:null,memory:null,new:false,features:""missing-only"",values:NaN,sparse:""auto"",axis:0,copy:true,values:""NaN"",strategy:""median"",verbose:0,copy:true,mean:true,std:true,memory:null,copy:true,value:-1,values:NaN,strategy:""constant"",verbose:0,features:null,categories:null,dtype:float64""},unknown:""ignore"",values:null,sparse:true,memory:null,bootstrap:true,weight:null,criterion:""entropy"",depth:null,features:8832308253614181,nodes:null,decrease:0.0,split:null,leaf:16,split:3,leaf:0.0,estimators:100,jobs:null,score:false,state:51833,verbose:0,start:false"
"9424205","sklearn.pipeline.Pipeline(columntransformer=sklearn.compose._column_transformer.ColumnTransformer(numeric=sklearn.pipeline.Pipeline(missingindicator=sklearn.impute.MissingIndicator,imputer=sklearn.preprocessing.imputation.Imputer,standardscaler=sklearn.preprocessing.data.StandardScaler),nominal=sklearn.pipeline.Pipeline(simpleimputer=sklearn.impute.SimpleImputer,onehotencoder=sklearn.preprocessing._encoders.OneHotEncoder)),extratreesclassifier=sklearn.ensemble.forest.ExtraTreesClassifier)(1)","0.2988","jobs:null,remainder:""passthrough"",threshold:0.3,weights:null,memory:null,new:false,features:""missing-only"",values:NaN,sparse:""auto"",axis:0,copy:true,values:""NaN"",strategy:""mean"",verbose:0,copy:true,mean:true,std:true,memory:null,copy:true,value:-1,values:NaN,strategy:""constant"",verbose:0,features:null,categories:null,dtype:float64""},unknown:""ignore"",values:null,sparse:true,memory:null,bootstrap:true,weight:null,criterion:""entropy"",depth:null,features:7372834453320797,nodes:null,decrease:0.0,split:null,leaf:17,split:17,leaf:0.0,estimators:100,jobs:null,score:false,state:24909,verbose:0,start:false"
"9501906","sklearn.pipeline.Pipeline(columntransformer=sklearn.compose._column_transformer.ColumnTransformer(numeric=sklearn.pipeline.Pipeline(missingindicator=sklearn.impute.MissingIndicator,imputer=sklearn.preprocessing.imputation.Imputer,standardscaler=sklearn.preprocessing.data.StandardScaler),nominal=sklearn.pipeline.Pipeline(simpleimputer=sklearn.impute.SimpleImputer,onehotencoder=sklearn.preprocessing._encoders.OneHotEncoder)),extratreesclassifier=sklearn.ensemble.forest.ExtraTreesClassifier)(1)","0.2988","jobs:null,remainder:""passthrough"",threshold:0.3,weights:null,memory:null,new:false,features:""missing-only"",values:NaN,sparse:""auto"",axis:0,copy:true,values:""NaN"",strategy:""median"",verbose:0,copy:true,mean:true,std:true,memory:null,copy:true,value:-1,values:NaN,strategy:""constant"",verbose:0,features:null,categories:null,dtype:float64""},unknown:""ignore"",values:null,sparse:true,memory:null,bootstrap:true,weight:null,criterion:""gini"",depth:null,features:664160685037876,nodes:null,decrease:0.0,split:null,leaf:15,split:4,leaf:0.0,estimators:100,jobs:null,score:false,state:36900,verbose:0,start:false"
"9520849","sklearn.pipeline.Pipeline(columntransformer=sklearn.compose._column_transformer.ColumnTransformer(numeric=sklearn.pipeline.Pipeline(missingindicator=sklearn.impute.MissingIndicator,imputer=sklearn.preprocessing.imputation.Imputer,standardscaler=sklearn.preprocessing.data.StandardScaler),nominal=sklearn.pipeline.Pipeline(simpleimputer=sklearn.impute.SimpleImputer,onehotencoder=sklearn.preprocessing._encoders.OneHotEncoder)),extratreesclassifier=sklearn.ensemble.forest.ExtraTreesClassifier)(1)","0.2988","jobs:null,remainder:""passthrough"",threshold:0.3,weights:null,memory:null,new:false,features:""missing-only"",values:NaN,sparse:""auto"",axis:0,copy:true,values:""NaN"",strategy:""median"",verbose:0,copy:true,mean:true,std:true,memory:null,copy:true,value:-1,values:NaN,strategy:""constant"",verbose:0,features:null,categories:null,dtype:float64""},unknown:""ignore"",values:null,sparse:true,memory:null,bootstrap:false,weight:null,criterion:""gini"",depth:null,features:5253009637093011,nodes:null,decrease:0.0,split:null,leaf:3,split:17,leaf:0.0,estimators:100,jobs:null,score:false,state:4173,verbose:0,start:false"
"9521497","sklearn.pipeline.Pipeline(columntransformer=sklearn.compose._column_transformer.ColumnTransformer(numeric=sklearn.pipeline.Pipeline(missingindicator=sklearn.impute.MissingIndicator,imputer=sklearn.preprocessing.imputation.Imputer,standardscaler=sklearn.preprocessing.data.StandardScaler),nominal=sklearn.pipeline.Pipeline(simpleimputer=sklearn.impute.SimpleImputer,onehotencoder=sklearn.preprocessing._encoders.OneHotEncoder)),extratreesclassifier=sklearn.ensemble.forest.ExtraTreesClassifier)(1)","0.2988","jobs:null,remainder:""passthrough"",threshold:0.3,weights:null,memory:null,new:false,features:""missing-only"",values:NaN,sparse:""auto"",axis:0,copy:true,values:""NaN"",strategy:""most_frequent"",verbose:0,copy:true,mean:true,std:true,memory:null,copy:true,value:-1,values:NaN,strategy:""constant"",verbose:0,features:null,categories:null,dtype:float64""},unknown:""ignore"",values:null,sparse:true,memory:null,bootstrap:true,weight:null,criterion:""entropy"",depth:null,features:21639678576005783,nodes:null,decrease:0.0,split:null,leaf:9,split:10,leaf:0.0,estimators:100,jobs:null,score:false,state:4693,verbose:0,start:false"
"9282466","sklearn.pipeline.Pipeline(columntransformer=sklearn.compose._column_transformer.ColumnTransformer(numeric=sklearn.pipeline.Pipeline(missingindicator=sklearn.impute.MissingIndicator,imputer=sklearn.preprocessing.imputation.Imputer,standardscaler=sklearn.preprocessing.data.StandardScaler),nominal=sklearn.pipeline.Pipeline(simpleimputer=sklearn.impute.SimpleImputer,onehotencoder=sklearn.preprocessing._encoders.OneHotEncoder)),extratreesclassifier=sklearn.ensemble.forest.ExtraTreesClassifier)(1)","0.2988","jobs:null,remainder:""passthrough"",threshold:0.3,weights:null,memory:null,new:false,features:""missing-only"",values:NaN,sparse:""auto"",axis:0,copy:true,values:""NaN"",strategy:""mean"",verbose:0,copy:true,mean:true,std:true,memory:null,copy:true,value:-1,values:NaN,strategy:""constant"",verbose:0,features:null,categories:null,dtype:float64""},unknown:""ignore"",values:null,sparse:true,memory:null,bootstrap:false,weight:null,criterion:""entropy"",depth:null,features:35374491426587984,nodes:null,decrease:0.0,split:null,leaf:6,split:20,leaf:0.0,estimators:100,jobs:null,score:false,state:63354,verbose:0,start:false"
"9547613","sklearn.pipeline.Pipeline(columntransformer=sklearn.compose._column_transformer.ColumnTransformer(numeric=sklearn.pipeline.Pipeline(missingindicator=sklearn.impute.MissingIndicator,imputer=sklearn.preprocessing.imputation.Imputer,standardscaler=sklearn.preprocessing.data.StandardScaler),nominal=sklearn.pipeline.Pipeline(simpleimputer=sklearn.impute.SimpleImputer,onehotencoder=sklearn.preprocessing._encoders.OneHotEncoder)),extratreesclassifier=sklearn.ensemble.forest.ExtraTreesClassifier)(1)","0.2988","jobs:null,remainder:""passthrough"",threshold:0.3,weights:null,memory:null,new:false,features:""missing-only"",values:NaN,sparse:""auto"",axis:0,copy:true,values:""NaN"",strategy:""most_frequent"",verbose:0,copy:true,mean:true,std:true,memory:null,copy:true,value:-1,values:NaN,strategy:""constant"",verbose:0,features:null,categories:null,dtype:float64""},unknown:""ignore"",values:null,sparse:true,memory:null,bootstrap:false,weight:null,criterion:""entropy"",depth:null,features:8350976491181875,nodes:null,decrease:0.0,split:null,leaf:20,split:19,leaf:0.0,estimators:100,jobs:null,score:false,state:11145,verbose:0,start:false"
"9420677","sklearn.pipeline.Pipeline(columntransformer=sklearn.compose._column_transformer.ColumnTransformer(numeric=sklearn.pipeline.Pipeline(missingindicator=sklearn.impute.MissingIndicator,imputer=sklearn.preprocessing.imputation.Imputer,standardscaler=sklearn.preprocessing.data.StandardScaler),nominal=sklearn.pipeline.Pipeline(simpleimputer=sklearn.impute.SimpleImputer,onehotencoder=sklearn.preprocessing._encoders.OneHotEncoder)),extratreesclassifier=sklearn.ensemble.forest.ExtraTreesClassifier)(1)","0.2988","jobs:null,remainder:""passthrough"",threshold:0.3,weights:null,memory:null,new:false,features:""missing-only"",values:NaN,sparse:""auto"",axis:0,copy:true,values:""NaN"",strategy:""median"",verbose:0,copy:true,mean:true,std:true,memory:null,copy:true,value:-1,values:NaN,strategy:""constant"",verbose:0,features:null,categories:null,dtype:float64""},unknown:""ignore"",values:null,sparse:true,memory:null,bootstrap:false,weight:null,criterion:""gini"",depth:null,features:12009461454624037,nodes:null,decrease:0.0,split:null,leaf:15,split:7,leaf:0.0,estimators:100,jobs:null,score:false,state:64450,verbose:0,start:false"
"9437748","sklearn.pipeline.Pipeline(columntransformer=sklearn.compose._column_transformer.ColumnTransformer(numeric=sklearn.pipeline.Pipeline(missingindicator=sklearn.impute.MissingIndicator,imputer=sklearn.preprocessing.imputation.Imputer,standardscaler=sklearn.preprocessing.data.StandardScaler),nominal=sklearn.pipeline.Pipeline(simpleimputer=sklearn.impute.SimpleImputer,onehotencoder=sklearn.preprocessing._encoders.OneHotEncoder)),extratreesclassifier=sklearn.ensemble.forest.ExtraTreesClassifier)(1)","0.2988","jobs:null,remainder:""passthrough"",threshold:0.3,weights:null,memory:null,new:false,features:""missing-only"",values:NaN,sparse:""auto"",axis:0,copy:true,values:""NaN"",strategy:""mean"",verbose:0,copy:true,mean:true,std:true,memory:null,copy:true,value:-1,values:NaN,strategy:""constant"",verbose:0,features:null,categories:null,dtype:float64""},unknown:""ignore"",values:null,sparse:true,memory:null,bootstrap:true,weight:null,criterion:""gini"",depth:null,features:8360181471174776,nodes:null,decrease:0.0,split:null,leaf:7,split:8,leaf:0.0,estimators:100,jobs:null,score:false,state:31447,verbose:0,start:false"
"9548895","sklearn.pipeline.Pipeline(columntransformer=sklearn.compose._column_transformer.ColumnTransformer(numeric=sklearn.pipeline.Pipeline(missingindicator=sklearn.impute.MissingIndicator,imputer=sklearn.preprocessing.imputation.Imputer,standardscaler=sklearn.preprocessing.data.StandardScaler),nominal=sklearn.pipeline.Pipeline(simpleimputer=sklearn.impute.SimpleImputer,onehotencoder=sklearn.preprocessing._encoders.OneHotEncoder)),extratreesclassifier=sklearn.ensemble.forest.ExtraTreesClassifier)(1)","0.2988","jobs:null,remainder:""passthrough"",threshold:0.3,weights:null,memory:null,new:false,features:""missing-only"",values:NaN,sparse:""auto"",axis:0,copy:true,values:""NaN"",strategy:""median"",verbose:0,copy:true,mean:true,std:true,memory:null,copy:true,value:-1,values:NaN,strategy:""constant"",verbose:0,features:null,categories:null,dtype:float64""},unknown:""ignore"",values:null,sparse:true,memory:null,bootstrap:false,weight:null,criterion:""gini"",depth:null,features:2925059436604329,nodes:null,decrease:0.0,split:null,leaf:12,split:8,leaf:0.0,estimators:100,jobs:null,score:false,state:46086,verbose:0,start:false"
"9313320","sklearn.pipeline.Pipeline(columntransformer=sklearn.compose._column_transformer.ColumnTransformer(numeric=sklearn.pipeline.Pipeline(missingindicator=sklearn.impute.MissingIndicator,imputer=sklearn.preprocessing.imputation.Imputer,standardscaler=sklearn.preprocessing.data.StandardScaler),nominal=sklearn.pipeline.Pipeline(simpleimputer=sklearn.impute.SimpleImputer,onehotencoder=sklearn.preprocessing._encoders.OneHotEncoder)),extratreesclassifier=sklearn.ensemble.forest.ExtraTreesClassifier)(1)","0.2988","jobs:null,remainder:""passthrough"",threshold:0.3,weights:null,memory:null,new:false,features:""missing-only"",values:NaN,sparse:""auto"",axis:0,copy:true,values:""NaN"",strategy:""most_frequent"",verbose:0,copy:true,mean:true,std:true,memory:null,copy:true,value:-1,values:NaN,strategy:""constant"",verbose:0,features:null,categories:null,dtype:float64""},unknown:""ignore"",values:null,sparse:true,memory:null,bootstrap:false,weight:null,criterion:""gini"",depth:null,features:6794671575116257,nodes:null,decrease:0.0,split:null,leaf:3,split:18,leaf:0.0,estimators:100,jobs:null,score:false,state:55686,verbose:0,start:false"
"9529786","sklearn.pipeline.Pipeline(columntransformer=sklearn.compose._column_transformer.ColumnTransformer(numeric=sklearn.pipeline.Pipeline(missingindicator=sklearn.impute.MissingIndicator,imputer=sklearn.preprocessing.imputation.Imputer,standardscaler=sklearn.preprocessing.data.StandardScaler),nominal=sklearn.pipeline.Pipeline(simpleimputer=sklearn.impute.SimpleImputer,onehotencoder=sklearn.preprocessing._encoders.OneHotEncoder)),extratreesclassifier=sklearn.ensemble.forest.ExtraTreesClassifier)(1)","0.2988","jobs:null,remainder:""passthrough"",threshold:0.3,weights:null,memory:null,new:false,features:""missing-only"",values:NaN,sparse:""auto"",axis:0,copy:true,values:""NaN"",strategy:""median"",verbose:0,copy:true,mean:true,std:true,memory:null,copy:true,value:-1,values:NaN,strategy:""constant"",verbose:0,features:null,categories:null,dtype:float64""},unknown:""ignore"",values:null,sparse:true,memory:null,bootstrap:false,weight:null,criterion:""gini"",depth:null,features:8380827582448325,nodes:null,decrease:0.0,split:null,leaf:17,split:2,leaf:0.0,estimators:100,jobs:null,score:false,state:4306,verbose:0,start:false"
"9547497","sklearn.pipeline.Pipeline(columntransformer=sklearn.compose._column_transformer.ColumnTransformer(numeric=sklearn.pipeline.Pipeline(missingindicator=sklearn.impute.MissingIndicator,imputer=sklearn.preprocessing.imputation.Imputer,standardscaler=sklearn.preprocessing.data.StandardScaler),nominal=sklearn.pipeline.Pipeline(simpleimputer=sklearn.impute.SimpleImputer,onehotencoder=sklearn.preprocessing._encoders.OneHotEncoder)),extratreesclassifier=sklearn.ensemble.forest.ExtraTreesClassifier)(1)","0.2988","jobs:null,remainder:""passthrough"",threshold:0.3,weights:null,memory:null,new:false,features:""missing-only"",values:NaN,sparse:""auto"",axis:0,copy:true,values:""NaN"",strategy:""mean"",verbose:0,copy:true,mean:true,std:true,memory:null,copy:true,value:-1,values:NaN,strategy:""constant"",verbose:0,features:null,categories:null,dtype:float64""},unknown:""ignore"",values:null,sparse:true,memory:null,bootstrap:true,weight:null,criterion:""gini"",depth:null,features:15749460047389552,nodes:null,decrease:0.0,split:null,leaf:7,split:17,leaf:0.0,estimators:100,jobs:null,score:false,state:14218,verbose:0,start:false"
"9461389","sklearn.pipeline.Pipeline(columntransformer=sklearn.compose._column_transformer.ColumnTransformer(numeric=sklearn.pipeline.Pipeline(missingindicator=sklearn.impute.MissingIndicator,imputer=sklearn.preprocessing.imputation.Imputer,standardscaler=sklearn.preprocessing.data.StandardScaler),nominal=sklearn.pipeline.Pipeline(simpleimputer=sklearn.impute.SimpleImputer,onehotencoder=sklearn.preprocessing._encoders.OneHotEncoder)),mlpclassifier=sklearn.neural_network.multilayer_perceptron.MLPClassifier)(1)","0.2988","jobs:null,remainder:""passthrough"",threshold:0.3,weights:null,memory:null,new:false,features:""missing-only"",values:NaN,sparse:""auto"",axis:0,copy:true,values:""NaN"",strategy:""mean"",verbose:0,copy:true,mean:true,std:true,memory:null,copy:true,value:-1,values:NaN,strategy:""constant"",verbose:0,features:null,categories:null,dtype:float64""},unknown:""ignore"",values:null,sparse:true,memory:null,activation:""identity"",alpha:03675635848120237,size:129,1:0.9,2:0.999,stopping:true,epsilon:1e-08,sizes:2018,rate:""adaptive"",init:00013225691023354156,iter:514,momentum:010340152921482049,change:208,momentum:false,t:002373797019047244,state:57913,shuffle:true,solver:""sgd"",tol:0.0001,fraction:7617580703651599,verbose:false,start:false"
"9545636","sklearn.pipeline.Pipeline(columntransformer=sklearn.compose._column_transformer.ColumnTransformer(numeric=sklearn.pipeline.Pipeline(missingindicator=sklearn.impute.MissingIndicator,imputer=sklearn.preprocessing.imputation.Imputer,standardscaler=sklearn.preprocessing.data.StandardScaler),nominal=sklearn.pipeline.Pipeline(simpleimputer=sklearn.impute.SimpleImputer,onehotencoder=sklearn.preprocessing._encoders.OneHotEncoder)),mlpclassifier=sklearn.neural_network.multilayer_perceptron.MLPClassifier)(1)","0.2988","jobs:null,remainder:""passthrough"",threshold:0.3,weights:null,memory:null,new:false,features:""missing-only"",values:NaN,sparse:""auto"",axis:0,copy:true,values:""NaN"",strategy:""median"",verbose:0,copy:true,mean:true,std:true,memory:null,copy:true,value:-1,values:NaN,strategy:""constant"",verbose:0,features:null,categories:null,dtype:float64""},unknown:""ignore"",values:null,sparse:true,memory:null,activation:""identity"",alpha:002680002774894588,size:""auto"",1:0.9,2:0.999,stopping:false,epsilon:1e-08,sizes:489,rate:""adaptive"",init:0.001,iter:93,momentum:0.9,change:10,momentum:true,t:0.5,state:43628,shuffle:true,solver:""lbfgs"",tol:0.0001,fraction:0.1,verbose:false,start:false"
"9465422","sklearn.pipeline.Pipeline(columntransformer=sklearn.compose._column_transformer.ColumnTransformer(numeric=sklearn.pipeline.Pipeline(missingindicator=sklearn.impute.MissingIndicator,imputer=sklearn.preprocessing.imputation.Imputer,standardscaler=sklearn.preprocessing.data.StandardScaler),nominal=sklearn.pipeline.Pipeline(simpleimputer=sklearn.impute.SimpleImputer,onehotencoder=sklearn.preprocessing._encoders.OneHotEncoder)),mlpclassifier=sklearn.neural_network.multilayer_perceptron.MLPClassifier)(1)","0.2988","jobs:null,remainder:""passthrough"",threshold:0.3,weights:null,memory:null,new:false,features:""missing-only"",values:NaN,sparse:""auto"",axis:0,copy:true,values:""NaN"",strategy:""median"",verbose:0,copy:true,mean:true,std:true,memory:null,copy:true,value:-1,values:NaN,strategy:""constant"",verbose:0,features:null,categories:null,dtype:float64""},unknown:""ignore"",values:null,sparse:true,memory:null,activation:""logistic"",alpha:0652595249866496,size:""auto"",1:0.9,2:0.999,stopping:false,epsilon:1e-08,sizes:217,rate:""adaptive"",init:0.001,iter:825,momentum:0.9,change:10,momentum:true,t:0.5,state:45961,shuffle:true,solver:""lbfgs"",tol:0.0001,fraction:0.1,verbose:false,start:false"
"9300650","sklearn.pipeline.Pipeline(columntransformer=sklearn.compose._column_transformer.ColumnTransformer(numeric=sklearn.pipeline.Pipeline(missingindicator=sklearn.impute.MissingIndicator,imputer=sklearn.preprocessing.imputation.Imputer,standardscaler=sklearn.preprocessing.data.StandardScaler),nominal=sklearn.pipeline.Pipeline(simpleimputer=sklearn.impute.SimpleImputer,onehotencoder=sklearn.preprocessing._encoders.OneHotEncoder)),mlpclassifier=sklearn.neural_network.multilayer_perceptron.MLPClassifier)(1)","0.2988","jobs:null,remainder:""passthrough"",threshold:0.3,weights:null,memory:null,new:false,features:""missing-only"",values:NaN,sparse:""auto"",axis:0,copy:true,values:""NaN"",strategy:""median"",verbose:0,copy:true,mean:true,std:true,memory:null,copy:true,value:-1,values:NaN,strategy:""constant"",verbose:0,features:null,categories:null,dtype:float64""},unknown:""ignore"",values:null,sparse:true,memory:null,activation:""tanh"",alpha:06033993248511531,size:""auto"",1:0.9,2:0.999,stopping:false,epsilon:1e-08,sizes:1169,rate:""invscaling"",init:0.001,iter:554,momentum:0.9,change:10,momentum:true,t:0.5,state:46992,shuffle:true,solver:""lbfgs"",tol:07023560646789251,fraction:0.1,verbose:false,start:false"
"9548728","sklearn.pipeline.Pipeline(columntransformer=sklearn.compose._column_transformer.ColumnTransformer(numeric=sklearn.pipeline.Pipeline(missingindicator=sklearn.impute.MissingIndicator,imputer=sklearn.preprocessing.imputation.Imputer,standardscaler=sklearn.preprocessing.data.StandardScaler),nominal=sklearn.pipeline.Pipeline(simpleimputer=sklearn.impute.SimpleImputer,onehotencoder=sklearn.preprocessing._encoders.OneHotEncoder)),mlpclassifier=sklearn.neural_network.multilayer_perceptron.MLPClassifier)(1)","0.2988","jobs:null,remainder:""passthrough"",threshold:0.3,weights:null,memory:null,new:false,features:""missing-only"",values:NaN,sparse:""auto"",axis:0,copy:true,values:""NaN"",strategy:""most_frequent"",verbose:0,copy:true,mean:true,std:true,memory:null,copy:true,value:-1,values:NaN,strategy:""constant"",verbose:0,features:null,categories:null,dtype:float64""},unknown:""ignore"",values:null,sparse:true,memory:null,activation:""logistic"",alpha:229544688017402e-05,size:2980,1:0.9,2:0.999,stopping:true,epsilon:1e-08,sizes:1973,rate:""invscaling"",init:0001447158416941741,iter:391,momentum:2928135077452132,change:1009,momentum:true,t:012433934968986302,state:3777,shuffle:false,solver:""sgd"",tol:0013446743724796469,fraction:01626390152601931,verbose:false,start:false"
"9490222","sklearn.pipeline.Pipeline(columntransformer=sklearn.compose._column_transformer.ColumnTransformer(numeric=sklearn.pipeline.Pipeline(missingindicator=sklearn.impute.MissingIndicator,imputer=sklearn.preprocessing.imputation.Imputer,standardscaler=sklearn.preprocessing.data.StandardScaler),nominal=sklearn.pipeline.Pipeline(simpleimputer=sklearn.impute.SimpleImputer,onehotencoder=sklearn.preprocessing._encoders.OneHotEncoder)),mlpclassifier=sklearn.neural_network.multilayer_perceptron.MLPClassifier)(1)","0.2988","jobs:null,remainder:""passthrough"",threshold:0.3,weights:null,memory:null,new:false,features:""missing-only"",values:NaN,sparse:""auto"",axis:0,copy:true,values:""NaN"",strategy:""most_frequent"",verbose:0,copy:true,mean:true,std:true,memory:null,copy:true,value:-1,values:NaN,strategy:""constant"",verbose:0,features:null,categories:null,dtype:float64""},unknown:""ignore"",values:null,sparse:true,memory:null,activation:""logistic"",alpha:06755335942907062,size:4078,1:0.9,2:0.999,stopping:true,epsilon:1e-08,sizes:1860,rate:""adaptive"",init:003043534992429135,iter:269,momentum:04040297265492587,change:612,momentum:true,t:0004248201370392129,state:434,shuffle:true,solver:""sgd"",tol:0.0001,fraction:6507280611412404,verbose:false,start:false"
"9421371","sklearn.pipeline.Pipeline(columntransformer=sklearn.compose._column_transformer.ColumnTransformer(numeric=sklearn.pipeline.Pipeline(missingindicator=sklearn.impute.MissingIndicator,imputer=sklearn.preprocessing.imputation.Imputer,standardscaler=sklearn.preprocessing.data.StandardScaler),nominal=sklearn.pipeline.Pipeline(simpleimputer=sklearn.impute.SimpleImputer,onehotencoder=sklearn.preprocessing._encoders.OneHotEncoder)),mlpclassifier=sklearn.neural_network.multilayer_perceptron.MLPClassifier)(1)","0.2988","jobs:null,remainder:""passthrough"",threshold:0.3,weights:null,memory:null,new:false,features:""missing-only"",values:NaN,sparse:""auto"",axis:0,copy:true,values:""NaN"",strategy:""mean"",verbose:0,copy:true,mean:true,std:true,memory:null,copy:true,value:-1,values:NaN,strategy:""constant"",verbose:0,features:null,categories:null,dtype:float64""},unknown:""ignore"",values:null,sparse:true,memory:null,activation:""identity"",alpha:80530593694093e-05,size:3165,1:6826738566799613,2:07409066622559923,stopping:false,epsilon:1e-08,sizes:773,rate:""invscaling"",init:00017340577019182791,iter:739,momentum:0.9,change:934,momentum:true,t:0.5,state:13455,shuffle:true,solver:""adam"",tol:0003263487866367454,fraction:0.1,verbose:false,start:false"
"9281740","sklearn.pipeline.Pipeline(columntransformer=sklearn.compose._column_transformer.ColumnTransformer(numeric=sklearn.pipeline.Pipeline(missingindicator=sklearn.impute.MissingIndicator,imputer=sklearn.preprocessing.imputation.Imputer,standardscaler=sklearn.preprocessing.data.StandardScaler),nominal=sklearn.pipeline.Pipeline(simpleimputer=sklearn.impute.SimpleImputer,onehotencoder=sklearn.preprocessing._encoders.OneHotEncoder)),mlpclassifier=sklearn.neural_network.multilayer_perceptron.MLPClassifier)(1)","0.2988","jobs:null,remainder:""passthrough"",threshold:0.3,weights:null,memory:null,new:false,features:""missing-only"",values:NaN,sparse:""auto"",axis:0,copy:true,values:""NaN"",strategy:""most_frequent"",verbose:0,copy:true,mean:true,std:true,memory:null,copy:true,value:-1,values:NaN,strategy:""constant"",verbose:0,features:null,categories:null,dtype:float64""},unknown:""ignore"",values:null,sparse:true,memory:null,activation:""logistic"",alpha:0886435489326654e-05,size:""auto"",1:0.9,2:0.999,stopping:false,epsilon:1e-08,sizes:999,rate:""invscaling"",init:0.001,iter:833,momentum:0.9,change:10,momentum:true,t:0.5,state:1867,shuffle:true,solver:""lbfgs"",tol:0010211326874940876,fraction:0.1,verbose:false,start:false"
"9409047","sklearn.pipeline.Pipeline(columntransformer=sklearn.compose._column_transformer.ColumnTransformer(numeric=sklearn.pipeline.Pipeline(missingindicator=sklearn.impute.MissingIndicator,imputer=sklearn.preprocessing.imputation.Imputer,standardscaler=sklearn.preprocessing.data.StandardScaler),nominal=sklearn.pipeline.Pipeline(simpleimputer=sklearn.impute.SimpleImputer,onehotencoder=sklearn.preprocessing._encoders.OneHotEncoder)),mlpclassifier=sklearn.neural_network.multilayer_perceptron.MLPClassifier)(1)","0.2988","jobs:null,remainder:""passthrough"",threshold:0.3,weights:null,memory:null,new:false,features:""missing-only"",values:NaN,sparse:""auto"",axis:0,copy:true,values:""NaN"",strategy:""mean"",verbose:0,copy:true,mean:true,std:true,memory:null,copy:true,value:-1,values:NaN,strategy:""constant"",verbose:0,features:null,categories:null,dtype:float64""},unknown:""ignore"",values:null,sparse:true,memory:null,activation:""relu"",alpha:0013584988376695673,size:1048,1:2694006404895605,2:08848637557253591,stopping:false,epsilon:1e-08,sizes:1457,rate:""adaptive"",init:00013148393694051766,iter:474,momentum:0.9,change:694,momentum:true,t:0.5,state:34939,shuffle:true,solver:""adam"",tol:0.0001,fraction:0.1,verbose:false,start:false"
"9270953","sklearn.pipeline.Pipeline(columntransformer=sklearn.compose._column_transformer.ColumnTransformer(numeric=sklearn.pipeline.Pipeline(missingindicator=sklearn.impute.MissingIndicator,imputer=sklearn.preprocessing.imputation.Imputer,standardscaler=sklearn.preprocessing.data.StandardScaler),nominal=sklearn.pipeline.Pipeline(simpleimputer=sklearn.impute.SimpleImputer,onehotencoder=sklearn.preprocessing._encoders.OneHotEncoder)),mlpclassifier=sklearn.neural_network.multilayer_perceptron.MLPClassifier)(1)","0.2988","jobs:null,remainder:""passthrough"",threshold:0.3,weights:null,memory:null,new:false,features:""missing-only"",values:NaN,sparse:""auto"",axis:0,copy:true,values:""NaN"",strategy:""median"",verbose:0,copy:true,mean:true,std:true,memory:null,copy:true,value:-1,values:NaN,strategy:""constant"",verbose:0,features:null,categories:null,dtype:float64""},unknown:""ignore"",values:null,sparse:true,memory:null,activation:""tanh"",alpha:012049626329980273,size:2994,1:8800464389401949,2:6446968484098413,stopping:true,epsilon:1e-08,sizes:2047,rate:""invscaling"",init:000585799450596444,iter:134,momentum:0.9,change:811,momentum:true,t:0.5,state:48987,shuffle:true,solver:""adam"",tol:675877557156946e-05,fraction:3890046119759366,verbose:false,start:false"
"9489811","sklearn.pipeline.Pipeline(columntransformer=sklearn.compose._column_transformer.ColumnTransformer(numeric=sklearn.pipeline.Pipeline(missingindicator=sklearn.impute.MissingIndicator,imputer=sklearn.preprocessing.imputation.Imputer,standardscaler=sklearn.preprocessing.data.StandardScaler),nominal=sklearn.pipeline.Pipeline(simpleimputer=sklearn.impute.SimpleImputer,onehotencoder=sklearn.preprocessing._encoders.OneHotEncoder)),mlpclassifier=sklearn.neural_network.multilayer_perceptron.MLPClassifier)(1)","0.2988","jobs:null,remainder:""passthrough"",threshold:0.3,weights:null,memory:null,new:false,features:""missing-only"",values:NaN,sparse:""auto"",axis:0,copy:true,values:""NaN"",strategy:""mean"",verbose:0,copy:true,mean:true,std:true,memory:null,copy:true,value:-1,values:NaN,strategy:""constant"",verbose:0,features:null,categories:null,dtype:float64""},unknown:""ignore"",values:null,sparse:true,memory:null,activation:""relu"",alpha:08128879614812871,size:2016,1:0.9,2:0.999,stopping:true,epsilon:1e-08,sizes:138,rate:""adaptive"",init:003916388474521026,iter:175,momentum:014182315628390563,change:872,momentum:true,t:5849614037484981,state:34400,shuffle:true,solver:""sgd"",tol:0.0001,fraction:8745701502562357,verbose:false,start:false"
"9541300","sklearn.pipeline.Pipeline(columntransformer=sklearn.compose._column_transformer.ColumnTransformer(numeric=sklearn.pipeline.Pipeline(missingindicator=sklearn.impute.MissingIndicator,imputer=sklearn.preprocessing.imputation.Imputer,standardscaler=sklearn.preprocessing.data.StandardScaler),nominal=sklearn.pipeline.Pipeline(simpleimputer=sklearn.impute.SimpleImputer,onehotencoder=sklearn.preprocessing._encoders.OneHotEncoder)),mlpclassifier=sklearn.neural_network.multilayer_perceptron.MLPClassifier)(1)","0.2988","jobs:null,remainder:""passthrough"",threshold:0.3,weights:null,memory:null,new:false,features:""missing-only"",values:NaN,sparse:""auto"",axis:0,copy:true,values:""NaN"",strategy:""median"",verbose:0,copy:true,mean:true,std:true,memory:null,copy:true,value:-1,values:NaN,strategy:""constant"",verbose:0,features:null,categories:null,dtype:float64""},unknown:""ignore"",values:null,sparse:true,memory:null,activation:""tanh"",alpha:007340100746527836,size:1331,1:0.9,2:0.999,stopping:true,epsilon:1e-08,sizes:1420,rate:""constant"",init:025612616537453985,iter:559,momentum:6356327348336482,change:320,momentum:false,t:00025710181616357176,state:12161,shuffle:true,solver:""sgd"",tol:0003823019026158148,fraction:6853178983214403,verbose:false,start:false"
"9293806","sklearn.pipeline.Pipeline(columntransformer=sklearn.compose._column_transformer.ColumnTransformer(numeric=sklearn.pipeline.Pipeline(missingindicator=sklearn.impute.MissingIndicator,imputer=sklearn.preprocessing.imputation.Imputer,standardscaler=sklearn.preprocessing.data.StandardScaler),nominal=sklearn.pipeline.Pipeline(simpleimputer=sklearn.impute.SimpleImputer,onehotencoder=sklearn.preprocessing._encoders.OneHotEncoder)),mlpclassifier=sklearn.neural_network.multilayer_perceptron.MLPClassifier)(1)","0.2988","jobs:null,remainder:""passthrough"",threshold:0.3,weights:null,memory:null,new:false,features:""missing-only"",values:NaN,sparse:""auto"",axis:0,copy:true,values:""NaN"",strategy:""median"",verbose:0,copy:true,mean:true,std:true,memory:null,copy:true,value:-1,values:NaN,strategy:""constant"",verbose:0,features:null,categories:null,dtype:float64""},unknown:""ignore"",values:null,sparse:true,memory:null,activation:""relu"",alpha:8386866507578955e-05,size:""auto"",1:0.9,2:0.999,stopping:false,epsilon:1e-08,sizes:1442,rate:""constant"",init:0.001,iter:1006,momentum:0.9,change:10,momentum:true,t:0.5,state:41474,shuffle:true,solver:""lbfgs"",tol:8827852719826987e-05,fraction:0.1,verbose:false,start:false"
"9508006","sklearn.pipeline.Pipeline(columntransformer=sklearn.compose._column_transformer.ColumnTransformer(numeric=sklearn.pipeline.Pipeline(missingindicator=sklearn.impute.MissingIndicator,imputer=sklearn.preprocessing.imputation.Imputer,standardscaler=sklearn.preprocessing.data.StandardScaler),nominal=sklearn.pipeline.Pipeline(simpleimputer=sklearn.impute.SimpleImputer,onehotencoder=sklearn.preprocessing._encoders.OneHotEncoder)),mlpclassifier=sklearn.neural_network.multilayer_perceptron.MLPClassifier)(1)","0.2988","jobs:null,remainder:""passthrough"",threshold:0.3,weights:null,memory:null,new:false,features:""missing-only"",values:NaN,sparse:""auto"",axis:0,copy:true,values:""NaN"",strategy:""median"",verbose:0,copy:true,mean:true,std:true,memory:null,copy:true,value:-1,values:NaN,strategy:""constant"",verbose:0,features:null,categories:null,dtype:float64""},unknown:""ignore"",values:null,sparse:true,memory:null,activation:""relu"",alpha:0030390161031725754,size:3623,1:15853139527913485,2:4948153442601322,stopping:true,epsilon:1e-08,sizes:1161,rate:""adaptive"",init:002341157470581207,iter:885,momentum:0.9,change:162,momentum:true,t:0.5,state:54247,shuffle:true,solver:""adam"",tol:0.0001,fraction:23749482203292738,verbose:false,start:false"
"9542084","sklearn.pipeline.Pipeline(columntransformer=sklearn.compose._column_transformer.ColumnTransformer(numeric=sklearn.pipeline.Pipeline(missingindicator=sklearn.impute.MissingIndicator,imputer=sklearn.preprocessing.imputation.Imputer,standardscaler=sklearn.preprocessing.data.StandardScaler),nominal=sklearn.pipeline.Pipeline(simpleimputer=sklearn.impute.SimpleImputer,onehotencoder=sklearn.preprocessing._encoders.OneHotEncoder)),mlpclassifier=sklearn.neural_network.multilayer_perceptron.MLPClassifier)(1)","0.2988","jobs:null,remainder:""passthrough"",threshold:0.3,weights:null,memory:null,new:false,features:""missing-only"",values:NaN,sparse:""auto"",axis:0,copy:true,values:""NaN"",strategy:""mean"",verbose:0,copy:true,mean:true,std:true,memory:null,copy:true,value:-1,values:NaN,strategy:""constant"",verbose:0,features:null,categories:null,dtype:float64""},unknown:""ignore"",values:null,sparse:true,memory:null,activation:""identity"",alpha:776109039472412e-05,size:1516,1:3066348196394033,2:3157417778863302,stopping:true,epsilon:1e-08,sizes:1019,rate:""constant"",init:00013050332279123037,iter:938,momentum:0.9,change:824,momentum:true,t:0.5,state:24155,shuffle:true,solver:""adam"",tol:718534069937714e-05,fraction:46781561267823146,verbose:false,start:false"
"9345803","sklearn.pipeline.Pipeline(columntransformer=sklearn.compose._column_transformer.ColumnTransformer(numeric=sklearn.pipeline.Pipeline(missingindicator=sklearn.impute.MissingIndicator,imputer=sklearn.preprocessing.imputation.Imputer,standardscaler=sklearn.preprocessing.data.StandardScaler),nominal=sklearn.pipeline.Pipeline(simpleimputer=sklearn.impute.SimpleImputer,onehotencoder=sklearn.preprocessing._encoders.OneHotEncoder)),mlpclassifier=sklearn.neural_network.multilayer_perceptron.MLPClassifier)(1)","0.2988","jobs:null,remainder:""passthrough"",threshold:0.3,weights:null,memory:null,new:false,features:""missing-only"",values:NaN,sparse:""auto"",axis:0,copy:true,values:""NaN"",strategy:""most_frequent"",verbose:0,copy:true,mean:true,std:true,memory:null,copy:true,value:-1,values:NaN,strategy:""constant"",verbose:0,features:null,categories:null,dtype:float64""},unknown:""ignore"",values:null,sparse:true,memory:null,activation:""relu"",alpha:03415878751037204,size:1503,1:21177278705102298,2:9369794946941572,stopping:false,epsilon:1e-08,sizes:908,rate:""invscaling"",init:9900753848090792e-05,iter:603,momentum:0.9,change:686,momentum:true,t:0.5,state:59142,shuffle:true,solver:""adam"",tol:003095064601162441,fraction:0.1,verbose:false,start:false"
"9389895","sklearn.pipeline.Pipeline(columntransformer=sklearn.compose._column_transformer.ColumnTransformer(numeric=sklearn.pipeline.Pipeline(missingindicator=sklearn.impute.MissingIndicator,imputer=sklearn.preprocessing.imputation.Imputer,standardscaler=sklearn.preprocessing.data.StandardScaler),nominal=sklearn.pipeline.Pipeline(simpleimputer=sklearn.impute.SimpleImputer,onehotencoder=sklearn.preprocessing._encoders.OneHotEncoder)),mlpclassifier=sklearn.neural_network.multilayer_perceptron.MLPClassifier)(1)","0.2988","jobs:null,remainder:""passthrough"",threshold:0.3,weights:null,memory:null,new:false,features:""missing-only"",values:NaN,sparse:""auto"",axis:0,copy:true,values:""NaN"",strategy:""mean"",verbose:0,copy:true,mean:true,std:true,memory:null,copy:true,value:-1,values:NaN,strategy:""constant"",verbose:0,features:null,categories:null,dtype:float64""},unknown:""ignore"",values:null,sparse:true,memory:null,activation:""relu"",alpha:0017365475995295406,size:3541,1:0782735851525872,2:10052752427042799,stopping:false,epsilon:1e-08,sizes:275,rate:""constant"",init:00817895225162678,iter:1018,momentum:0.9,change:968,momentum:true,t:0.5,state:16630,shuffle:false,solver:""adam"",tol:6548536571430568e-05,fraction:0.1,verbose:false,start:false"
"9436931","sklearn.pipeline.Pipeline(columntransformer=sklearn.compose._column_transformer.ColumnTransformer(numeric=sklearn.pipeline.Pipeline(missingindicator=sklearn.impute.MissingIndicator,imputer=sklearn.preprocessing.imputation.Imputer,standardscaler=sklearn.preprocessing.data.StandardScaler),nominal=sklearn.pipeline.Pipeline(simpleimputer=sklearn.impute.SimpleImputer,onehotencoder=sklearn.preprocessing._encoders.OneHotEncoder)),mlpclassifier=sklearn.neural_network.multilayer_perceptron.MLPClassifier)(1)","0.2988","jobs:null,remainder:""passthrough"",threshold:0.3,weights:null,memory:null,new:false,features:""missing-only"",values:NaN,sparse:""auto"",axis:0,copy:true,values:""NaN"",strategy:""mean"",verbose:0,copy:true,mean:true,std:true,memory:null,copy:true,value:-1,values:NaN,strategy:""constant"",verbose:0,features:null,categories:null,dtype:float64""},unknown:""ignore"",values:null,sparse:true,memory:null,activation:""logistic"",alpha:182309853807999e-05,size:3037,1:2061262837919463,2:9426158841505763,stopping:false,epsilon:1e-08,sizes:1523,rate:""constant"",init:574040241626737e-05,iter:877,momentum:0.9,change:162,momentum:true,t:0.5,state:25635,shuffle:true,solver:""adam"",tol:021911644619337107,fraction:0.1,verbose:false,start:false"
"9333388","sklearn.pipeline.Pipeline(columntransformer=sklearn.compose._column_transformer.ColumnTransformer(numeric=sklearn.pipeline.Pipeline(missingindicator=sklearn.impute.MissingIndicator,imputer=sklearn.preprocessing.imputation.Imputer,standardscaler=sklearn.preprocessing.data.StandardScaler),nominal=sklearn.pipeline.Pipeline(simpleimputer=sklearn.impute.SimpleImputer,onehotencoder=sklearn.preprocessing._encoders.OneHotEncoder)),gradientboostingclassifier=sklearn.ensemble.gradient_boosting.GradientBoostingClassifier)(1)","0.2988","jobs:null,remainder:""passthrough"",threshold:0.3,weights:null,memory:null,new:false,features:""missing-only"",values:NaN,sparse:""auto"",axis:0,copy:true,values:""NaN"",strategy:""most_frequent"",verbose:0,copy:true,mean:true,std:true,memory:null,copy:true,value:-1,values:NaN,strategy:""constant"",verbose:0,features:null,categories:null,dtype:float64""},unknown:""ignore"",values:null,sparse:true,memory:null,criterion:""friedman_mse"",init:null,rate:18056373265662956,loss:""deviance"",depth:3,features:9174982451913236,nodes:null,decrease:4049031765877631,split:null,leaf:12,split:19,leaf:39913236242006706,estimators:202,change:812,presort:""auto"",state:40630,subsample:8581716026455122,tol:08279696840310638,fraction:2414624676139373,verbose:0,start:false"
"9340016","sklearn.pipeline.Pipeline(columntransformer=sklearn.compose._column_transformer.ColumnTransformer(numeric=sklearn.pipeline.Pipeline(missingindicator=sklearn.impute.MissingIndicator,imputer=sklearn.preprocessing.imputation.Imputer,standardscaler=sklearn.preprocessing.data.StandardScaler),nominal=sklearn.pipeline.Pipeline(simpleimputer=sklearn.impute.SimpleImputer,onehotencoder=sklearn.preprocessing._encoders.OneHotEncoder)),gradientboostingclassifier=sklearn.ensemble.gradient_boosting.GradientBoostingClassifier)(1)","0.2988","jobs:null,remainder:""passthrough"",threshold:0.3,weights:null,memory:null,new:false,features:""missing-only"",values:NaN,sparse:""auto"",axis:0,copy:true,values:""NaN"",strategy:""most_frequent"",verbose:0,copy:true,mean:true,std:true,memory:null,copy:true,value:-1,values:NaN,strategy:""constant"",verbose:0,features:null,categories:null,dtype:float64""},unknown:""ignore"",values:null,sparse:true,memory:null,criterion:""mse"",init:null,rate:20298622281755285,loss:""deviance"",depth:3,features:43007546666084695,nodes:null,decrease:3109048278071599,split:null,leaf:4,split:7,leaf:22716580770933809,estimators:183,change:1008,presort:""auto"",state:40726,subsample:5381641013717587,tol:077368341867792e-05,fraction:39599326615034414,verbose:0,start:false"
"9361315","sklearn.pipeline.Pipeline(columntransformer=sklearn.compose._column_transformer.ColumnTransformer(numeric=sklearn.pipeline.Pipeline(missingindicator=sklearn.impute.MissingIndicator,imputer=sklearn.preprocessing.imputation.Imputer,standardscaler=sklearn.preprocessing.data.StandardScaler),nominal=sklearn.pipeline.Pipeline(simpleimputer=sklearn.impute.SimpleImputer,onehotencoder=sklearn.preprocessing._encoders.OneHotEncoder)),gradientboostingclassifier=sklearn.ensemble.gradient_boosting.GradientBoostingClassifier)(1)","0.2988","jobs:null,remainder:""passthrough"",threshold:0.3,weights:null,memory:null,new:false,features:""missing-only"",values:NaN,sparse:""auto"",axis:0,copy:true,values:""NaN"",strategy:""most_frequent"",verbose:0,copy:true,mean:true,std:true,memory:null,copy:true,value:-1,values:NaN,strategy:""constant"",verbose:0,features:null,categories:null,dtype:float64""},unknown:""ignore"",values:null,sparse:true,memory:null,criterion:""mse"",init:null,rate:519445652324228,loss:""deviance"",depth:4,features:5746148144835027,nodes:null,decrease:14743115462866807,split:null,leaf:1,split:9,leaf:16228116698964018,estimators:158,change:902,presort:""auto"",state:14143,subsample:09918939194409859,tol:0010592943966258826,fraction:21940254635658063,verbose:0,start:false"
"9383380","sklearn.pipeline.Pipeline(columntransformer=sklearn.compose._column_transformer.ColumnTransformer(numeric=sklearn.pipeline.Pipeline(missingindicator=sklearn.impute.MissingIndicator,imputer=sklearn.preprocessing.imputation.Imputer,standardscaler=sklearn.preprocessing.data.StandardScaler),nominal=sklearn.pipeline.Pipeline(simpleimputer=sklearn.impute.SimpleImputer,onehotencoder=sklearn.preprocessing._encoders.OneHotEncoder)),gradientboostingclassifier=sklearn.ensemble.gradient_boosting.GradientBoostingClassifier)(1)","0.2988","jobs:null,remainder:""passthrough"",threshold:0.3,weights:null,memory:null,new:false,features:""missing-only"",values:NaN,sparse:""auto"",axis:0,copy:true,values:""NaN"",strategy:""most_frequent"",verbose:0,copy:true,mean:true,std:true,memory:null,copy:true,value:-1,values:NaN,strategy:""constant"",verbose:0,features:null,categories:null,dtype:float64""},unknown:""ignore"",values:null,sparse:true,memory:null,criterion:""friedman_mse"",init:null,rate:4441121026844801,loss:""deviance"",depth:7,features:5451924868348517,nodes:null,decrease:8028211693920306,split:null,leaf:17,split:9,leaf:24238630239025016,estimators:264,change:451,presort:""auto"",state:37760,subsample:4682620043456186,tol:007196186300144162,fraction:4854047119173488,verbose:0,start:false"
"9437112","sklearn.pipeline.Pipeline(columntransformer=sklearn.compose._column_transformer.ColumnTransformer(numeric=sklearn.pipeline.Pipeline(missingindicator=sklearn.impute.MissingIndicator,imputer=sklearn.preprocessing.imputation.Imputer,standardscaler=sklearn.preprocessing.data.StandardScaler),nominal=sklearn.pipeline.Pipeline(simpleimputer=sklearn.impute.SimpleImputer,onehotencoder=sklearn.preprocessing._encoders.OneHotEncoder)),gradientboostingclassifier=sklearn.ensemble.gradient_boosting.GradientBoostingClassifier)(1)","0.2988","jobs:null,remainder:""passthrough"",threshold:0.3,weights:null,memory:null,new:false,features:""missing-only"",values:NaN,sparse:""auto"",axis:0,copy:true,values:""NaN"",strategy:""mean"",verbose:0,copy:true,mean:true,std:true,memory:null,copy:true,value:-1,values:NaN,strategy:""constant"",verbose:0,features:null,categories:null,dtype:float64""},unknown:""ignore"",values:null,sparse:true,memory:null,criterion:""mse"",init:null,rate:2898205905800234,loss:""deviance"",depth:2,features:04192197711393475,nodes:null,decrease:45591700905506705,split:null,leaf:5,split:8,leaf:40568366188376015,estimators:150,change:765,presort:""auto"",state:64210,subsample:4873728543128001,tol:0006036017636861515,fraction:3109922546058418,verbose:0,start:false"
"9286141","sklearn.pipeline.Pipeline(columntransformer=sklearn.compose._column_transformer.ColumnTransformer(numeric=sklearn.pipeline.Pipeline(missingindicator=sklearn.impute.MissingIndicator,imputer=sklearn.preprocessing.imputation.Imputer,standardscaler=sklearn.preprocessing.data.StandardScaler),nominal=sklearn.pipeline.Pipeline(simpleimputer=sklearn.impute.SimpleImputer,onehotencoder=sklearn.preprocessing._encoders.OneHotEncoder)),gradientboostingclassifier=sklearn.ensemble.gradient_boosting.GradientBoostingClassifier)(1)","0.2988","jobs:null,remainder:""passthrough"",threshold:0.3,weights:null,memory:null,new:false,features:""missing-only"",values:NaN,sparse:""auto"",axis:0,copy:true,values:""NaN"",strategy:""most_frequent"",verbose:0,copy:true,mean:true,std:true,memory:null,copy:true,value:-1,values:NaN,strategy:""constant"",verbose:0,features:null,categories:null,dtype:float64""},unknown:""ignore"",values:null,sparse:true,memory:null,criterion:""friedman_mse"",init:null,rate:01933708384944691,loss:""deviance"",depth:1,features:26215127160255536,nodes:null,decrease:010615857388542538,split:null,leaf:2,split:2,leaf:14872007929134312,estimators:436,change:493,presort:""auto"",state:62187,subsample:48028864614198485,tol:790591856985871e-05,fraction:9330969388425142,verbose:0,start:false"
"9357475","sklearn.pipeline.Pipeline(columntransformer=sklearn.compose._column_transformer.ColumnTransformer(numeric=sklearn.pipeline.Pipeline(missingindicator=sklearn.impute.MissingIndicator,imputer=sklearn.preprocessing.imputation.Imputer,standardscaler=sklearn.preprocessing.data.StandardScaler),nominal=sklearn.pipeline.Pipeline(simpleimputer=sklearn.impute.SimpleImputer,onehotencoder=sklearn.preprocessing._encoders.OneHotEncoder)),gradientboostingclassifier=sklearn.ensemble.gradient_boosting.GradientBoostingClassifier)(1)","0.2988","jobs:null,remainder:""passthrough"",threshold:0.3,weights:null,memory:null,new:false,features:""missing-only"",values:NaN,sparse:""auto"",axis:0,copy:true,values:""NaN"",strategy:""median"",verbose:0,copy:true,mean:true,std:true,memory:null,copy:true,value:-1,values:NaN,strategy:""constant"",verbose:0,features:null,categories:null,dtype:float64""},unknown:""ignore"",values:null,sparse:true,memory:null,criterion:""mse"",init:null,rate:3965212473336864,loss:""deviance"",depth:7,features:42894515555470214,nodes:null,decrease:29094225288753783,split:null,leaf:15,split:9,leaf:0027588184327903553,estimators:405,change:839,presort:""auto"",state:63371,subsample:18959919157933536,tol:03911574224273629,fraction:4020845805979745,verbose:0,start:false"
"9546402","sklearn.pipeline.Pipeline(columntransformer=sklearn.compose._column_transformer.ColumnTransformer(numeric=sklearn.pipeline.Pipeline(missingindicator=sklearn.impute.MissingIndicator,imputer=sklearn.preprocessing.imputation.Imputer,standardscaler=sklearn.preprocessing.data.StandardScaler),nominal=sklearn.pipeline.Pipeline(simpleimputer=sklearn.impute.SimpleImputer,onehotencoder=sklearn.preprocessing._encoders.OneHotEncoder)),gradientboostingclassifier=sklearn.ensemble.gradient_boosting.GradientBoostingClassifier)(1)","0.2988","jobs:null,remainder:""passthrough"",threshold:0.3,weights:null,memory:null,new:false,features:""missing-only"",values:NaN,sparse:""auto"",axis:0,copy:true,values:""NaN"",strategy:""most_frequent"",verbose:0,copy:true,mean:true,std:true,memory:null,copy:true,value:-1,values:NaN,strategy:""constant"",verbose:0,features:null,categories:null,dtype:float64""},unknown:""ignore"",values:null,sparse:true,memory:null,criterion:""friedman_mse"",init:null,rate:0194017502591003,loss:""deviance"",depth:10,features:7717056184296935,nodes:null,decrease:9120930305739554,split:null,leaf:10,split:19,leaf:2575707504531528,estimators:130,change:480,presort:""auto"",state:42282,subsample:8768109878513023,tol:0011259815383931602,fraction:24216179669435178,verbose:0,start:false"
"9413392","sklearn.pipeline.Pipeline(columntransformer=sklearn.compose._column_transformer.ColumnTransformer(numeric=sklearn.pipeline.Pipeline(missingindicator=sklearn.impute.MissingIndicator,imputer=sklearn.preprocessing.imputation.Imputer,standardscaler=sklearn.preprocessing.data.StandardScaler),nominal=sklearn.pipeline.Pipeline(simpleimputer=sklearn.impute.SimpleImputer,onehotencoder=sklearn.preprocessing._encoders.OneHotEncoder)),gradientboostingclassifier=sklearn.ensemble.gradient_boosting.GradientBoostingClassifier)(1)","0.2988","jobs:null,remainder:""passthrough"",threshold:0.3,weights:null,memory:null,new:false,features:""missing-only"",values:NaN,sparse:""auto"",axis:0,copy:true,values:""NaN"",strategy:""median"",verbose:0,copy:true,mean:true,std:true,memory:null,copy:true,value:-1,values:NaN,strategy:""constant"",verbose:0,features:null,categories:null,dtype:float64""},unknown:""ignore"",values:null,sparse:true,memory:null,criterion:""mae"",init:null,rate:1625362598694298,loss:""deviance"",depth:10,features:5035351836905412,nodes:null,decrease:15937494514201545,split:null,leaf:3,split:20,leaf:4044809325862921,estimators:434,change:684,presort:""auto"",state:60813,subsample:024864989009815375,tol:522066367386009e-05,fraction:9795679175663953,verbose:0,start:false"
"9407388","sklearn.pipeline.Pipeline(columntransformer=sklearn.compose._column_transformer.ColumnTransformer(numeric=sklearn.pipeline.Pipeline(missingindicator=sklearn.impute.MissingIndicator,imputer=sklearn.preprocessing.imputation.Imputer,standardscaler=sklearn.preprocessing.data.StandardScaler),nominal=sklearn.pipeline.Pipeline(simpleimputer=sklearn.impute.SimpleImputer,onehotencoder=sklearn.preprocessing._encoders.OneHotEncoder)),gradientboostingclassifier=sklearn.ensemble.gradient_boosting.GradientBoostingClassifier)(1)","0.2988","jobs:null,remainder:""passthrough"",threshold:0.3,weights:null,memory:null,new:false,features:""missing-only"",values:NaN,sparse:""auto"",axis:0,copy:true,values:""NaN"",strategy:""most_frequent"",verbose:0,copy:true,mean:true,std:true,memory:null,copy:true,value:-1,values:NaN,strategy:""constant"",verbose:0,features:null,categories:null,dtype:float64""},unknown:""ignore"",values:null,sparse:true,memory:null,criterion:""mae"",init:null,rate:01127894614163461,loss:""deviance"",depth:9,features:09264223008487005,nodes:null,decrease:10879051824665675,split:null,leaf:8,split:5,leaf:3214367181568479,estimators:388,change:853,presort:""auto"",state:48215,subsample:02741700793415236,tol:0007860315017799123,fraction:6255178744923292,verbose:0,start:false"
"9290911","sklearn.pipeline.Pipeline(columntransformer=sklearn.compose._column_transformer.ColumnTransformer(numeric=sklearn.pipeline.Pipeline(missingindicator=sklearn.impute.MissingIndicator,imputer=sklearn.preprocessing.imputation.Imputer,standardscaler=sklearn.preprocessing.data.StandardScaler),nominal=sklearn.pipeline.Pipeline(simpleimputer=sklearn.impute.SimpleImputer,onehotencoder=sklearn.preprocessing._encoders.OneHotEncoder)),gradientboostingclassifier=sklearn.ensemble.gradient_boosting.GradientBoostingClassifier)(1)","0.2988","jobs:null,remainder:""passthrough"",threshold:0.3,weights:null,memory:null,new:false,features:""missing-only"",values:NaN,sparse:""auto"",axis:0,copy:true,values:""NaN"",strategy:""mean"",verbose:0,copy:true,mean:true,std:true,memory:null,copy:true,value:-1,values:NaN,strategy:""constant"",verbose:0,features:null,categories:null,dtype:float64""},unknown:""ignore"",values:null,sparse:true,memory:null,criterion:""mae"",init:null,rate:39448064298154073,loss:""deviance"",depth:10,features:6102448493406456,nodes:null,decrease:5494633389864485,split:null,leaf:19,split:4,leaf:24803999004058835,estimators:487,change:891,presort:""auto"",state:21895,subsample:5144981535721601,tol:002704257048129279,fraction:11718247252856262,verbose:0,start:false"
"9332199","sklearn.pipeline.Pipeline(columntransformer=sklearn.compose._column_transformer.ColumnTransformer(numeric=sklearn.pipeline.Pipeline(missingindicator=sklearn.impute.MissingIndicator,imputer=sklearn.preprocessing.imputation.Imputer,standardscaler=sklearn.preprocessing.data.StandardScaler),nominal=sklearn.pipeline.Pipeline(simpleimputer=sklearn.impute.SimpleImputer,onehotencoder=sklearn.preprocessing._encoders.OneHotEncoder)),gradientboostingclassifier=sklearn.ensemble.gradient_boosting.GradientBoostingClassifier)(1)","0.2988","jobs:null,remainder:""passthrough"",threshold:0.3,weights:null,memory:null,new:false,features:""missing-only"",values:NaN,sparse:""auto"",axis:0,copy:true,values:""NaN"",strategy:""median"",verbose:0,copy:true,mean:true,std:true,memory:null,copy:true,value:-1,values:NaN,strategy:""constant"",verbose:0,features:null,categories:null,dtype:float64""},unknown:""ignore"",values:null,sparse:true,memory:null,criterion:""mse"",init:null,rate:7882769384047184,loss:""deviance"",depth:1,features:4146375861293923,nodes:null,decrease:31782440303149495,split:null,leaf:20,split:9,leaf:16432211028678734,estimators:96,change:527,presort:""auto"",state:13631,subsample:4584340529560966,tol:04618642749665417,fraction:7996620791607291,verbose:0,start:false"
"9383409","sklearn.pipeline.Pipeline(columntransformer=sklearn.compose._column_transformer.ColumnTransformer(numeric=sklearn.pipeline.Pipeline(missingindicator=sklearn.impute.MissingIndicator,imputer=sklearn.preprocessing.imputation.Imputer,standardscaler=sklearn.preprocessing.data.StandardScaler),nominal=sklearn.pipeline.Pipeline(simpleimputer=sklearn.impute.SimpleImputer,onehotencoder=sklearn.preprocessing._encoders.OneHotEncoder)),gradientboostingclassifier=sklearn.ensemble.gradient_boosting.GradientBoostingClassifier)(1)","0.2988","jobs:null,remainder:""passthrough"",threshold:0.3,weights:null,memory:null,new:false,features:""missing-only"",values:NaN,sparse:""auto"",axis:0,copy:true,values:""NaN"",strategy:""most_frequent"",verbose:0,copy:true,mean:true,std:true,memory:null,copy:true,value:-1,values:NaN,strategy:""constant"",verbose:0,features:null,categories:null,dtype:float64""},unknown:""ignore"",values:null,sparse:true,memory:null,criterion:""friedman_mse"",init:null,rate:010958973968820191,loss:""deviance"",depth:9,features:12013428041867158,nodes:null,decrease:5253371823461802,split:null,leaf:9,split:12,leaf:03618501826818504,estimators:197,change:711,presort:""auto"",state:63666,subsample:9406559451318087,tol:014384814928847287,fraction:43737688385875517,verbose:0,start:false"
"9264222","sklearn.pipeline.Pipeline(columntransformer=sklearn.compose._column_transformer.ColumnTransformer(numeric=sklearn.pipeline.Pipeline(missingindicator=sklearn.impute.MissingIndicator,imputer=sklearn.preprocessing.imputation.Imputer,standardscaler=sklearn.preprocessing.data.StandardScaler),nominal=sklearn.pipeline.Pipeline(simpleimputer=sklearn.impute.SimpleImputer,onehotencoder=sklearn.preprocessing._encoders.OneHotEncoder)),gradientboostingclassifier=sklearn.ensemble.gradient_boosting.GradientBoostingClassifier)(1)","0.2988","jobs:null,remainder:""passthrough"",threshold:0.3,weights:null,memory:null,new:false,features:""missing-only"",values:NaN,sparse:""auto"",axis:0,copy:true,values:""NaN"",strategy:""mean"",verbose:0,copy:true,mean:true,std:true,memory:null,copy:true,value:-1,values:NaN,strategy:""constant"",verbose:0,features:null,categories:null,dtype:float64""},unknown:""ignore"",values:null,sparse:true,memory:null,criterion:""friedman_mse"",init:null,rate:5576518527841993,loss:""deviance"",depth:8,features:1514578376663478,nodes:null,decrease:30596162400644333,split:null,leaf:19,split:18,leaf:11280528191045824,estimators:197,change:830,presort:""auto"",state:30709,subsample:8437611908353537,tol:013813751342868018,fraction:6633788043865928,verbose:0,start:false"
"9448976","sklearn.pipeline.Pipeline(columntransformer=sklearn.compose._column_transformer.ColumnTransformer(numeric=sklearn.pipeline.Pipeline(missingindicator=sklearn.impute.MissingIndicator,imputer=sklearn.preprocessing.imputation.Imputer,standardscaler=sklearn.preprocessing.data.StandardScaler),nominal=sklearn.pipeline.Pipeline(simpleimputer=sklearn.impute.SimpleImputer,onehotencoder=sklearn.preprocessing._encoders.OneHotEncoder)),gradientboostingclassifier=sklearn.ensemble.gradient_boosting.GradientBoostingClassifier)(1)","0.2988","jobs:null,remainder:""passthrough"",threshold:0.3,weights:null,memory:null,new:false,features:""missing-only"",values:NaN,sparse:""auto"",axis:0,copy:true,values:""NaN"",strategy:""median"",verbose:0,copy:true,mean:true,std:true,memory:null,copy:true,value:-1,values:NaN,strategy:""constant"",verbose:0,features:null,categories:null,dtype:float64""},unknown:""ignore"",values:null,sparse:true,memory:null,criterion:""mae"",init:null,rate:5620824854093979,loss:""deviance"",depth:5,features:4927912759144213,nodes:null,decrease:7622623024488734,split:null,leaf:2,split:6,leaf:2686221968524126,estimators:357,change:724,presort:""auto"",state:18954,subsample:13639791370540233,tol:07610004188204243,fraction:8214764106219186,verbose:0,start:false"
"9481645","sklearn.pipeline.Pipeline(columntransformer=sklearn.compose._column_transformer.ColumnTransformer(numeric=sklearn.pipeline.Pipeline(missingindicator=sklearn.impute.MissingIndicator,imputer=sklearn.preprocessing.imputation.Imputer,standardscaler=sklearn.preprocessing.data.StandardScaler),nominal=sklearn.pipeline.Pipeline(simpleimputer=sklearn.impute.SimpleImputer,onehotencoder=sklearn.preprocessing._encoders.OneHotEncoder)),gradientboostingclassifier=sklearn.ensemble.gradient_boosting.GradientBoostingClassifier)(1)","0.2988","jobs:null,remainder:""passthrough"",threshold:0.3,weights:null,memory:null,new:false,features:""missing-only"",values:NaN,sparse:""auto"",axis:0,copy:true,values:""NaN"",strategy:""mean"",verbose:0,copy:true,mean:true,std:true,memory:null,copy:true,value:-1,values:NaN,strategy:""constant"",verbose:0,features:null,categories:null,dtype:float64""},unknown:""ignore"",values:null,sparse:true,memory:null,criterion:""friedman_mse"",init:null,rate:012104443312439924,loss:""deviance"",depth:2,features:3525137639180792,nodes:null,decrease:6188257692679525,split:null,leaf:7,split:7,leaf:16773221009905753,estimators:434,change:653,presort:""auto"",state:18159,subsample:09954035325461952,tol:00010171270955401525,fraction:8159167503350069,verbose:0,start:false"
"9419501","sklearn.pipeline.Pipeline(columntransformer=sklearn.compose._column_transformer.ColumnTransformer(numeric=sklearn.pipeline.Pipeline(missingindicator=sklearn.impute.MissingIndicator,imputer=sklearn.preprocessing.imputation.Imputer,standardscaler=sklearn.preprocessing.data.StandardScaler),nominal=sklearn.pipeline.Pipeline(simpleimputer=sklearn.impute.SimpleImputer,onehotencoder=sklearn.preprocessing._encoders.OneHotEncoder)),gradientboostingclassifier=sklearn.ensemble.gradient_boosting.GradientBoostingClassifier)(1)","0.2988","jobs:null,remainder:""passthrough"",threshold:0.3,weights:null,memory:null,new:false,features:""missing-only"",values:NaN,sparse:""auto"",axis:0,copy:true,values:""NaN"",strategy:""mean"",verbose:0,copy:true,mean:true,std:true,memory:null,copy:true,value:-1,values:NaN,strategy:""constant"",verbose:0,features:null,categories:null,dtype:float64""},unknown:""ignore"",values:null,sparse:true,memory:null,criterion:""mae"",init:null,rate:052422069552726026,loss:""deviance"",depth:7,features:8359959681541016,nodes:null,decrease:8329035537448829,split:null,leaf:9,split:18,leaf:39022442026110643,estimators:189,change:410,presort:""auto"",state:37925,subsample:45056780687398623,tol:013346298267853546,fraction:20737613129631483,verbose:0,start:false"
"9299705","sklearn.pipeline.Pipeline(columntransformer=sklearn.compose._column_transformer.ColumnTransformer(numeric=sklearn.pipeline.Pipeline(missingindicator=sklearn.impute.MissingIndicator,imputer=sklearn.preprocessing.imputation.Imputer,standardscaler=sklearn.preprocessing.data.StandardScaler),nominal=sklearn.pipeline.Pipeline(simpleimputer=sklearn.impute.SimpleImputer,onehotencoder=sklearn.preprocessing._encoders.OneHotEncoder)),adaboostclassifier=sklearn.ensemble.weight_boosting.AdaBoostClassifier(base_estimator=sklearn.tree.tree.DecisionTreeClassifier))(1)","0.2988","jobs:null,remainder:""passthrough"",threshold:0.3,weights:null,memory:null,new:false,features:""missing-only"",values:NaN,sparse:""auto"",axis:0,copy:true,values:""NaN"",strategy:""mean"",verbose:0,copy:true,mean:true,std:true,memory:null,copy:true,value:-1,values:NaN,strategy:""constant"",verbose:0,features:null,categories:null,dtype:float64""},unknown:""ignore"",values:null,sparse:true,weight:null,criterion:""gini"",depth:2,features:null,nodes:null,decrease:0.0,split:null,leaf:1,split:2,leaf:0.0,presort:false,state:29973,splitter:""best"",memory:null,algorithm:""SAMME"",rate:01937258916135165,estimators:106,state:27825"
"9349895","sklearn.pipeline.Pipeline(columntransformer=sklearn.compose._column_transformer.ColumnTransformer(numeric=sklearn.pipeline.Pipeline(missingindicator=sklearn.impute.MissingIndicator,imputer=sklearn.preprocessing.imputation.Imputer,standardscaler=sklearn.preprocessing.data.StandardScaler),nominal=sklearn.pipeline.Pipeline(simpleimputer=sklearn.impute.SimpleImputer,onehotencoder=sklearn.preprocessing._encoders.OneHotEncoder)),adaboostclassifier=sklearn.ensemble.weight_boosting.AdaBoostClassifier(base_estimator=sklearn.tree.tree.DecisionTreeClassifier))(1)","0.2988","jobs:null,remainder:""passthrough"",threshold:0.3,weights:null,memory:null,new:false,features:""missing-only"",values:NaN,sparse:""auto"",axis:0,copy:true,values:""NaN"",strategy:""mean"",verbose:0,copy:true,mean:true,std:true,memory:null,copy:true,value:-1,values:NaN,strategy:""constant"",verbose:0,features:null,categories:null,dtype:float64""},unknown:""ignore"",values:null,sparse:true,weight:null,criterion:""gini"",depth:9,features:null,nodes:null,decrease:0.0,split:null,leaf:1,split:2,leaf:0.0,presort:false,state:35096,splitter:""best"",memory:null,algorithm:""SAMME"",rate:05362077627296495,estimators:149,state:40834"
"9376525","sklearn.pipeline.Pipeline(columntransformer=sklearn.compose._column_transformer.ColumnTransformer(numeric=sklearn.pipeline.Pipeline(missingindicator=sklearn.impute.MissingIndicator,imputer=sklearn.preprocessing.imputation.Imputer,standardscaler=sklearn.preprocessing.data.StandardScaler),nominal=sklearn.pipeline.Pipeline(simpleimputer=sklearn.impute.SimpleImputer,onehotencoder=sklearn.preprocessing._encoders.OneHotEncoder)),adaboostclassifier=sklearn.ensemble.weight_boosting.AdaBoostClassifier(base_estimator=sklearn.tree.tree.DecisionTreeClassifier))(1)","0.2988","jobs:null,remainder:""passthrough"",threshold:0.3,weights:null,memory:null,new:false,features:""missing-only"",values:NaN,sparse:""auto"",axis:0,copy:true,values:""NaN"",strategy:""most_frequent"",verbose:0,copy:true,mean:true,std:true,memory:null,copy:true,value:-1,values:NaN,strategy:""constant"",verbose:0,features:null,categories:null,dtype:float64""},unknown:""ignore"",values:null,sparse:true,weight:null,criterion:""gini"",depth:9,features:null,nodes:null,decrease:0.0,split:null,leaf:1,split:2,leaf:0.0,presort:false,state:5989,splitter:""best"",memory:null,algorithm:""SAMME"",rate:19406711486340766,estimators:375,state:25323"
"9353003","sklearn.pipeline.Pipeline(columntransformer=sklearn.compose._column_transformer.ColumnTransformer(numeric=sklearn.pipeline.Pipeline(missingindicator=sklearn.impute.MissingIndicator,imputer=sklearn.preprocessing.imputation.Imputer,standardscaler=sklearn.preprocessing.data.StandardScaler),nominal=sklearn.pipeline.Pipeline(simpleimputer=sklearn.impute.SimpleImputer,onehotencoder=sklearn.preprocessing._encoders.OneHotEncoder)),adaboostclassifier=sklearn.ensemble.weight_boosting.AdaBoostClassifier(base_estimator=sklearn.tree.tree.DecisionTreeClassifier))(1)","0.2988","jobs:null,remainder:""passthrough"",threshold:0.3,weights:null,memory:null,new:false,features:""missing-only"",values:NaN,sparse:""auto"",axis:0,copy:true,values:""NaN"",strategy:""median"",verbose:0,copy:true,mean:true,std:true,memory:null,copy:true,value:-1,values:NaN,strategy:""constant"",verbose:0,features:null,categories:null,dtype:float64""},unknown:""ignore"",values:null,sparse:true,weight:null,criterion:""gini"",depth:10,features:null,nodes:null,decrease:0.0,split:null,leaf:1,split:2,leaf:0.0,presort:false,state:16214,splitter:""best"",memory:null,algorithm:""SAMME.R"",rate:8522738237554095,estimators:241,state:49433"
"9380215","sklearn.pipeline.Pipeline(columntransformer=sklearn.compose._column_transformer.ColumnTransformer(numeric=sklearn.pipeline.Pipeline(missingindicator=sklearn.impute.MissingIndicator,imputer=sklearn.preprocessing.imputation.Imputer,standardscaler=sklearn.preprocessing.data.StandardScaler),nominal=sklearn.pipeline.Pipeline(simpleimputer=sklearn.impute.SimpleImputer,onehotencoder=sklearn.preprocessing._encoders.OneHotEncoder)),adaboostclassifier=sklearn.ensemble.weight_boosting.AdaBoostClassifier(base_estimator=sklearn.tree.tree.DecisionTreeClassifier))(1)","0.2988","jobs:null,remainder:""passthrough"",threshold:0.3,weights:null,memory:null,new:false,features:""missing-only"",values:NaN,sparse:""auto"",axis:0,copy:true,values:""NaN"",strategy:""median"",verbose:0,copy:true,mean:true,std:true,memory:null,copy:true,value:-1,values:NaN,strategy:""constant"",verbose:0,features:null,categories:null,dtype:float64""},unknown:""ignore"",values:null,sparse:true,weight:null,criterion:""gini"",depth:5,features:null,nodes:null,decrease:0.0,split:null,leaf:1,split:2,leaf:0.0,presort:false,state:47273,splitter:""best"",memory:null,algorithm:""SAMME.R"",rate:011263792661170393,estimators:187,state:59086"
"9376300","sklearn.pipeline.Pipeline(columntransformer=sklearn.compose._column_transformer.ColumnTransformer(numeric=sklearn.pipeline.Pipeline(missingindicator=sklearn.impute.MissingIndicator,imputer=sklearn.preprocessing.imputation.Imputer,standardscaler=sklearn.preprocessing.data.StandardScaler),nominal=sklearn.pipeline.Pipeline(simpleimputer=sklearn.impute.SimpleImputer,onehotencoder=sklearn.preprocessing._encoders.OneHotEncoder)),adaboostclassifier=sklearn.ensemble.weight_boosting.AdaBoostClassifier(base_estimator=sklearn.tree.tree.DecisionTreeClassifier))(1)","0.2988","jobs:null,remainder:""passthrough"",threshold:0.3,weights:null,memory:null,new:false,features:""missing-only"",values:NaN,sparse:""auto"",axis:0,copy:true,values:""NaN"",strategy:""mean"",verbose:0,copy:true,mean:true,std:true,memory:null,copy:true,value:-1,values:NaN,strategy:""constant"",verbose:0,features:null,categories:null,dtype:float64""},unknown:""ignore"",values:null,sparse:true,weight:null,criterion:""gini"",depth:2,features:null,nodes:null,decrease:0.0,split:null,leaf:1,split:2,leaf:0.0,presort:false,state:47273,splitter:""best"",memory:null,algorithm:""SAMME.R"",rate:3631534034829324,estimators:365,state:8826"
"9339274","sklearn.pipeline.Pipeline(columntransformer=sklearn.compose._column_transformer.ColumnTransformer(numeric=sklearn.pipeline.Pipeline(missingindicator=sklearn.impute.MissingIndicator,imputer=sklearn.preprocessing.imputation.Imputer,standardscaler=sklearn.preprocessing.data.StandardScaler),nominal=sklearn.pipeline.Pipeline(simpleimputer=sklearn.impute.SimpleImputer,onehotencoder=sklearn.preprocessing._encoders.OneHotEncoder)),adaboostclassifier=sklearn.ensemble.weight_boosting.AdaBoostClassifier(base_estimator=sklearn.tree.tree.DecisionTreeClassifier))(1)","0.2988","jobs:null,remainder:""passthrough"",threshold:0.3,weights:null,memory:null,new:false,features:""missing-only"",values:NaN,sparse:""auto"",axis:0,copy:true,values:""NaN"",strategy:""most_frequent"",verbose:0,copy:true,mean:true,std:true,memory:null,copy:true,value:-1,values:NaN,strategy:""constant"",verbose:0,features:null,categories:null,dtype:float64""},unknown:""ignore"",values:null,sparse:true,weight:null,criterion:""gini"",depth:2,features:null,nodes:null,decrease:0.0,split:null,leaf:1,split:2,leaf:0.0,presort:false,state:16214,splitter:""best"",memory:null,algorithm:""SAMME"",rate:03326104300472168,estimators:187,state:37371"
"9339257","sklearn.pipeline.Pipeline(columntransformer=sklearn.compose._column_transformer.ColumnTransformer(numeric=sklearn.pipeline.Pipeline(missingindicator=sklearn.impute.MissingIndicator,imputer=sklearn.preprocessing.imputation.Imputer,standardscaler=sklearn.preprocessing.data.StandardScaler),nominal=sklearn.pipeline.Pipeline(simpleimputer=sklearn.impute.SimpleImputer,onehotencoder=sklearn.preprocessing._encoders.OneHotEncoder)),adaboostclassifier=sklearn.ensemble.weight_boosting.AdaBoostClassifier(base_estimator=sklearn.tree.tree.DecisionTreeClassifier))(1)","0.2988","jobs:null,remainder:""passthrough"",threshold:0.3,weights:null,memory:null,new:false,features:""missing-only"",values:NaN,sparse:""auto"",axis:0,copy:true,values:""NaN"",strategy:""median"",verbose:0,copy:true,mean:true,std:true,memory:null,copy:true,value:-1,values:NaN,strategy:""constant"",verbose:0,features:null,categories:null,dtype:float64""},unknown:""ignore"",values:null,sparse:true,weight:null,criterion:""gini"",depth:5,features:null,nodes:null,decrease:0.0,split:null,leaf:1,split:2,leaf:0.0,presort:false,state:22290,splitter:""best"",memory:null,algorithm:""SAMME.R"",rate:03796172014247463,estimators:60,state:12751"
"1688442","weka.LibSVM(7)","0.2988","S:0,K:2,D:3,G:0.0,R:0.0,C:1.0,N:0.5,P:0.1,M:40.0,E:0.001,model:/vol/home/rijnjnvan/apps/weka-3-7-13/D:\Weka-3-7,seed:1"
"1665354","weka.LibSVM(7)","0.2988","S:0,K:2,D:3,G:0.0,R:0.0,C:1.0,N:0.5,P:0.1,M:40.0,E:0.001,model:/home/rijnjnvan/apps/weka-3-7-13,seed:1"
"1662776","weka.ZeroR(9)","0.2988",""
"1664393","weka.Stacking_RandomTree(2)","0.2988","K:0,M:1.0,V:0.001,S:1,M:true,X:10,S:1,num-slots:1,B:RandomTree"
"1743066","weka.CVParameterSelection_ZeroR(3)","0.2988","X:10,S:1,W:ZeroR"
"1665594","weka.OLM(4)","0.279","R:0,C:1,U:0"
"9418730","sklearn.pipeline.Pipeline(columntransformer=sklearn.compose._column_transformer.ColumnTransformer(numeric=sklearn.pipeline.Pipeline(missingindicator=sklearn.impute.MissingIndicator,imputer=sklearn.preprocessing.imputation.Imputer,standardscaler=sklearn.preprocessing.data.StandardScaler),nominal=sklearn.pipeline.Pipeline(simpleimputer=sklearn.impute.SimpleImputer,onehotencoder=sklearn.preprocessing._encoders.OneHotEncoder)),mlpclassifier=sklearn.neural_network.multilayer_perceptron.MLPClassifier)(1)","0.2776","jobs:null,remainder:""passthrough"",threshold:0.3,weights:null,memory:null,new:false,features:""missing-only"",values:NaN,sparse:""auto"",axis:0,copy:true,values:""NaN"",strategy:""median"",verbose:0,copy:true,mean:true,std:true,memory:null,copy:true,value:-1,values:NaN,strategy:""constant"",verbose:0,features:null,categories:null,dtype:float64""},unknown:""ignore"",values:null,sparse:true,memory:null,activation:""identity"",alpha:0027716549927503616,size:127,1:0639372555743758,2:45899122470215403,stopping:true,epsilon:1e-08,sizes:1822,rate:""adaptive"",init:0018591997788631955,iter:964,momentum:0.9,change:515,momentum:true,t:0.5,state:64853,shuffle:false,solver:""adam"",tol:0.0001,fraction:9948796115840164,verbose:false,start:false"
"9518703","sklearn.pipeline.Pipeline(columntransformer=sklearn.compose._column_transformer.ColumnTransformer(numeric=sklearn.pipeline.Pipeline(missingindicator=sklearn.impute.MissingIndicator,imputer=sklearn.preprocessing.imputation.Imputer,standardscaler=sklearn.preprocessing.data.StandardScaler),nominal=sklearn.pipeline.Pipeline(simpleimputer=sklearn.impute.SimpleImputer,onehotencoder=sklearn.preprocessing._encoders.OneHotEncoder)),mlpclassifier=sklearn.neural_network.multilayer_perceptron.MLPClassifier)(1)","0.2776","jobs:null,remainder:""passthrough"",threshold:0.3,weights:null,memory:null,new:false,features:""missing-only"",values:NaN,sparse:""auto"",axis:0,copy:true,values:""NaN"",strategy:""mean"",verbose:0,copy:true,mean:true,std:true,memory:null,copy:true,value:-1,values:NaN,strategy:""constant"",verbose:0,features:null,categories:null,dtype:float64""},unknown:""ignore"",values:null,sparse:true,memory:null,activation:""logistic"",alpha:9559979889512824e-05,size:3700,1:0.9,2:0.999,stopping:false,epsilon:1e-08,sizes:552,rate:""invscaling"",init:0328616108255115e-05,iter:795,momentum:019055087834799922,change:229,momentum:false,t:00021659749258807063,state:39882,shuffle:true,solver:""sgd"",tol:003522320607619778,fraction:0.1,verbose:false,start:false"
"9544521","sklearn.pipeline.Pipeline(columntransformer=sklearn.compose._column_transformer.ColumnTransformer(numeric=sklearn.pipeline.Pipeline(missingindicator=sklearn.impute.MissingIndicator,imputer=sklearn.preprocessing.imputation.Imputer,standardscaler=sklearn.preprocessing.data.StandardScaler),nominal=sklearn.pipeline.Pipeline(simpleimputer=sklearn.impute.SimpleImputer,onehotencoder=sklearn.preprocessing._encoders.OneHotEncoder)),mlpclassifier=sklearn.neural_network.multilayer_perceptron.MLPClassifier)(1)","0.2776","jobs:null,remainder:""passthrough"",threshold:0.3,weights:null,memory:null,new:false,features:""missing-only"",values:NaN,sparse:""auto"",axis:0,copy:true,values:""NaN"",strategy:""mean"",verbose:0,copy:true,mean:true,std:true,memory:null,copy:true,value:-1,values:NaN,strategy:""constant"",verbose:0,features:null,categories:null,dtype:float64""},unknown:""ignore"",values:null,sparse:true,memory:null,activation:""identity"",alpha:8743390193926835e-05,size:2356,1:0.9,2:0.999,stopping:true,epsilon:1e-08,sizes:1687,rate:""constant"",init:00565118313784691,iter:137,momentum:9084618990753294,change:146,momentum:false,t:0009175559818037284,state:61974,shuffle:true,solver:""sgd"",tol:06864844368928287,fraction:9939620616393525,verbose:false,start:false"
"9411466","sklearn.pipeline.Pipeline(columntransformer=sklearn.compose._column_transformer.ColumnTransformer(numeric=sklearn.pipeline.Pipeline(missingindicator=sklearn.impute.MissingIndicator,imputer=sklearn.preprocessing.imputation.Imputer,standardscaler=sklearn.preprocessing.data.StandardScaler),nominal=sklearn.pipeline.Pipeline(simpleimputer=sklearn.impute.SimpleImputer,onehotencoder=sklearn.preprocessing._encoders.OneHotEncoder)),mlpclassifier=sklearn.neural_network.multilayer_perceptron.MLPClassifier)(1)","0.2776","jobs:null,remainder:""passthrough"",threshold:0.3,weights:null,memory:null,new:false,features:""missing-only"",values:NaN,sparse:""auto"",axis:0,copy:true,values:""NaN"",strategy:""mean"",verbose:0,copy:true,mean:true,std:true,memory:null,copy:true,value:-1,values:NaN,strategy:""constant"",verbose:0,features:null,categories:null,dtype:float64""},unknown:""ignore"",values:null,sparse:true,memory:null,activation:""relu"",alpha:0014008289869910236,size:1264,1:0.9,2:0.999,stopping:false,epsilon:1e-08,sizes:623,rate:""constant"",init:335686940226999e-05,iter:767,momentum:40277834249848044,change:795,momentum:true,t:0010447522294205374,state:61365,shuffle:true,solver:""sgd"",tol:0003289117121112116,fraction:0.1,verbose:false,start:false"
"9502081","sklearn.pipeline.Pipeline(columntransformer=sklearn.compose._column_transformer.ColumnTransformer(numeric=sklearn.pipeline.Pipeline(missingindicator=sklearn.impute.MissingIndicator,imputer=sklearn.preprocessing.imputation.Imputer,standardscaler=sklearn.preprocessing.data.StandardScaler),nominal=sklearn.pipeline.Pipeline(simpleimputer=sklearn.impute.SimpleImputer,onehotencoder=sklearn.preprocessing._encoders.OneHotEncoder)),gradientboostingclassifier=sklearn.ensemble.gradient_boosting.GradientBoostingClassifier)(1)","0.2776","jobs:null,remainder:""passthrough"",threshold:0.3,weights:null,memory:null,new:false,features:""missing-only"",values:NaN,sparse:""auto"",axis:0,copy:true,values:""NaN"",strategy:""most_frequent"",verbose:0,copy:true,mean:true,std:true,memory:null,copy:true,value:-1,values:NaN,strategy:""constant"",verbose:0,features:null,categories:null,dtype:float64""},unknown:""ignore"",values:null,sparse:true,memory:null,criterion:""friedman_mse"",init:null,rate:05340378811311959,loss:""deviance"",depth:1,features:7225347628823403,nodes:null,decrease:01780591064411141,split:null,leaf:19,split:12,leaf:025960576699678828,estimators:98,change:67,presort:""auto"",state:25897,subsample:899822638698095,tol:821271266300725e-05,fraction:9746729312195961,verbose:0,start:false"
"9417851","sklearn.pipeline.Pipeline(columntransformer=sklearn.compose._column_transformer.ColumnTransformer(numeric=sklearn.pipeline.Pipeline(missingindicator=sklearn.impute.MissingIndicator,imputer=sklearn.preprocessing.imputation.Imputer,standardscaler=sklearn.preprocessing.data.StandardScaler),nominal=sklearn.pipeline.Pipeline(simpleimputer=sklearn.impute.SimpleImputer,onehotencoder=sklearn.preprocessing._encoders.OneHotEncoder)),gradientboostingclassifier=sklearn.ensemble.gradient_boosting.GradientBoostingClassifier)(1)","0.2776","jobs:null,remainder:""passthrough"",threshold:0.3,weights:null,memory:null,new:false,features:""missing-only"",values:NaN,sparse:""auto"",axis:0,copy:true,values:""NaN"",strategy:""mean"",verbose:0,copy:true,mean:true,std:true,memory:null,copy:true,value:-1,values:NaN,strategy:""constant"",verbose:0,features:null,categories:null,dtype:float64""},unknown:""ignore"",values:null,sparse:true,memory:null,criterion:""mae"",init:null,rate:05323626695715396,loss:""deviance"",depth:6,features:02940946098969155,nodes:null,decrease:07847436964249255,split:null,leaf:4,split:5,leaf:44785431039697626,estimators:468,change:197,presort:""auto"",state:58075,subsample:39207772661662343,tol:02894681790378687,fraction:9792260401994999,verbose:0,start:false"
"9353656","sklearn.pipeline.Pipeline(columntransformer=sklearn.compose._column_transformer.ColumnTransformer(numeric=sklearn.pipeline.Pipeline(missingindicator=sklearn.impute.MissingIndicator,imputer=sklearn.preprocessing.imputation.Imputer,standardscaler=sklearn.preprocessing.data.StandardScaler),nominal=sklearn.pipeline.Pipeline(simpleimputer=sklearn.impute.SimpleImputer,onehotencoder=sklearn.preprocessing._encoders.OneHotEncoder)),adaboostclassifier=sklearn.ensemble.weight_boosting.AdaBoostClassifier(base_estimator=sklearn.tree.tree.DecisionTreeClassifier))(1)","0.2776","jobs:null,remainder:""passthrough"",threshold:0.3,weights:null,memory:null,new:false,features:""missing-only"",values:NaN,sparse:""auto"",axis:0,copy:true,values:""NaN"",strategy:""mean"",verbose:0,copy:true,mean:true,std:true,memory:null,copy:true,value:-1,values:NaN,strategy:""constant"",verbose:0,features:null,categories:null,dtype:float64""},unknown:""ignore"",values:null,sparse:true,weight:null,criterion:""gini"",depth:3,features:null,nodes:null,decrease:0.0,split:null,leaf:1,split:2,leaf:0.0,presort:false,state:2499,splitter:""best"",memory:null,algorithm:""SAMME"",rate:7228113319379985,estimators:86,state:42118"
"9331963","sklearn.pipeline.Pipeline(columntransformer=sklearn.compose._column_transformer.ColumnTransformer(numeric=sklearn.pipeline.Pipeline(missingindicator=sklearn.impute.MissingIndicator,imputer=sklearn.preprocessing.imputation.Imputer,standardscaler=sklearn.preprocessing.data.StandardScaler),nominal=sklearn.pipeline.Pipeline(simpleimputer=sklearn.impute.SimpleImputer,onehotencoder=sklearn.preprocessing._encoders.OneHotEncoder)),adaboostclassifier=sklearn.ensemble.weight_boosting.AdaBoostClassifier(base_estimator=sklearn.tree.tree.DecisionTreeClassifier))(1)","0.2776","jobs:null,remainder:""passthrough"",threshold:0.3,weights:null,memory:null,new:false,features:""missing-only"",values:NaN,sparse:""auto"",axis:0,copy:true,values:""NaN"",strategy:""median"",verbose:0,copy:true,mean:true,std:true,memory:null,copy:true,value:-1,values:NaN,strategy:""constant"",verbose:0,features:null,categories:null,dtype:float64""},unknown:""ignore"",values:null,sparse:true,weight:null,criterion:""gini"",depth:8,features:null,nodes:null,decrease:0.0,split:null,leaf:1,split:2,leaf:0.0,presort:false,state:50036,splitter:""best"",memory:null,algorithm:""SAMME"",rate:5557245716140233,estimators:53,state:63400"
"573134","classif.nnTrain(6)","0.2771","output:softmax,openml.seed:1,openml.kind:Mersenne-Twister,openml.normal.kind:Inversion"
"571990","classif.nnTrain(6)","0.2771","output:softmax,openml.seed:1,openml.kind:Mersenne-Twister,openml.normal.kind:Inversion"
"9500447","sklearn.pipeline.Pipeline(columntransformer=sklearn.compose._column_transformer.ColumnTransformer(numeric=sklearn.pipeline.Pipeline(missingindicator=sklearn.impute.MissingIndicator,imputer=sklearn.preprocessing.imputation.Imputer,standardscaler=sklearn.preprocessing.data.StandardScaler),nominal=sklearn.pipeline.Pipeline(simpleimputer=sklearn.impute.SimpleImputer,onehotencoder=sklearn.preprocessing._encoders.OneHotEncoder)),kneighborsclassifier=sklearn.neighbors.classification.KNeighborsClassifier)(1)","0.2124","jobs:null,remainder:""passthrough"",threshold:0.3,weights:null,memory:null,new:false,features:""missing-only"",values:NaN,sparse:""auto"",axis:0,copy:true,values:""NaN"",strategy:""mean"",verbose:0,copy:true,mean:true,std:true,memory:null,copy:true,value:-1,values:NaN,strategy:""constant"",verbose:0,features:null,categories:null,dtype:float64""},unknown:""ignore"",values:null,sparse:true,memory:null,algorithm:""kd_tree"",size:10,metric:""euclidean"",params:null,jobs:null,neighbors:3,p:3,weights:""distance"""
"9376544","sklearn.pipeline.Pipeline(columntransformer=sklearn.compose._column_transformer.ColumnTransformer(numeric=sklearn.pipeline.Pipeline(missingindicator=sklearn.impute.MissingIndicator,imputer=sklearn.preprocessing.imputation.Imputer,standardscaler=sklearn.preprocessing.data.StandardScaler),nominal=sklearn.pipeline.Pipeline(simpleimputer=sklearn.impute.SimpleImputer,onehotencoder=sklearn.preprocessing._encoders.OneHotEncoder)),kneighborsclassifier=sklearn.neighbors.classification.KNeighborsClassifier)(1)","0.2124","jobs:null,remainder:""passthrough"",threshold:0.3,weights:null,memory:null,new:false,features:""missing-only"",values:NaN,sparse:""auto"",axis:0,copy:true,values:""NaN"",strategy:""mean"",verbose:0,copy:true,mean:true,std:true,memory:null,copy:true,value:-1,values:NaN,strategy:""constant"",verbose:0,features:null,categories:null,dtype:float64""},unknown:""ignore"",values:null,sparse:true,memory:null,algorithm:""auto"",size:30,metric:""minkowski"",params:null,jobs:null,neighbors:12,p:1,weights:""distance"""
"9377569","sklearn.pipeline.Pipeline(columntransformer=sklearn.compose._column_transformer.ColumnTransformer(numeric=sklearn.pipeline.Pipeline(missingindicator=sklearn.impute.MissingIndicator,imputer=sklearn.preprocessing.imputation.Imputer,standardscaler=sklearn.preprocessing.data.StandardScaler),nominal=sklearn.pipeline.Pipeline(simpleimputer=sklearn.impute.SimpleImputer,onehotencoder=sklearn.preprocessing._encoders.OneHotEncoder)),mlpclassifier=sklearn.neural_network.multilayer_perceptron.MLPClassifier)(1)","0.1982","jobs:null,remainder:""passthrough"",threshold:0.3,weights:null,memory:null,new:false,features:""missing-only"",values:NaN,sparse:""auto"",axis:0,copy:true,values:""NaN"",strategy:""mean"",verbose:0,copy:true,mean:true,std:true,memory:null,copy:true,value:-1,values:NaN,strategy:""constant"",verbose:0,features:null,categories:null,dtype:float64""},unknown:""ignore"",values:null,sparse:true,memory:null,activation:""tanh"",alpha:542317972736654e-05,size:2574,1:8541782037871003,2:02570752110499186,stopping:false,epsilon:1e-08,sizes:1478,rate:""adaptive"",init:05359514604896285,iter:107,momentum:0.9,change:70,momentum:true,t:0.5,state:7920,shuffle:true,solver:""adam"",tol:0.0001,fraction:0.1,verbose:false,start:false"
"9538154","sklearn.pipeline.Pipeline(columntransformer=sklearn.compose._column_transformer.ColumnTransformer(numeric=sklearn.pipeline.Pipeline(missingindicator=sklearn.impute.MissingIndicator,imputer=sklearn.preprocessing.imputation.Imputer,standardscaler=sklearn.preprocessing.data.StandardScaler),nominal=sklearn.pipeline.Pipeline(simpleimputer=sklearn.impute.SimpleImputer,onehotencoder=sklearn.preprocessing._encoders.OneHotEncoder)),mlpclassifier=sklearn.neural_network.multilayer_perceptron.MLPClassifier)(1)","0.1883","jobs:null,remainder:""passthrough"",threshold:0.3,weights:null,memory:null,new:false,features:""missing-only"",values:NaN,sparse:""auto"",axis:0,copy:true,values:""NaN"",strategy:""mean"",verbose:0,copy:true,mean:true,std:true,memory:null,copy:true,value:-1,values:NaN,strategy:""constant"",verbose:0,features:null,categories:null,dtype:float64""},unknown:""ignore"",values:null,sparse:true,memory:null,activation:""identity"",alpha:141974726065889e-05,size:3374,1:9037273583615221,2:0006063093971763189,stopping:false,epsilon:1e-08,sizes:1312,rate:""constant"",init:05773745943289268,iter:368,momentum:0.9,change:888,momentum:true,t:0.5,state:1692,shuffle:true,solver:""adam"",tol:0021853961615780943,fraction:0.1,verbose:false,start:false"